4.4953e-010,2.4097e-009,2.6026e-009,9.3186e-010,4.0515e-011,-1.9905e-008,-4.5049e-009,-1.26e-008,-2.2573e-010,2.9345e-009,-2.5718e-009,2.6991e-009,-3.139e-009,3.3975e-009,6.5037e-009,1.2612e-008,-1.6785e-010,5.595e-011,-1.5299e-009,2.0431e-009,-4.4567e-010,-8.9327e-010,1.7364e-011,1.3486e-009
1.2542e-008,6.6419e-008,7.1689e-008,2.5515e-008,1.436e-009,-5.488e-007,-1.2433e-007,-3.458e-007,-6.0371e-009,7.9709e-008,-7.0909e-008,7.3502e-008,-8.7301e-008,9.5518e-008,1.7944e-007,3.4628e-007,-4.5688e-009,6.0074e-010,-4.2424e-008,5.5908e-008,-1.2327e-008,-2.4067e-008,4.8368e-010,3.7432e-008
1.7e-007,8.8994e-007,9.5953e-007,3.397e-007,2.4686e-008,-7.3521e-006,-1.6678e-006,-4.6092e-006,-7.7925e-008,1.0493e-006,-9.4986e-007,9.7073e-007,-1.1818e-006,1.3065e-006,2.4062e-006,4.617e-006,-6.0377e-008,-6.1763e-009,-5.7223e-007,7.4249e-007,-1.6572e-007,-3.1491e-007,6.8031e-009,5.0502e-007
1.4913e-006,7.7225e-006,8.3138e-006,2.9302e-006,2.7396e-007,-6.3749e-005,-1.4484e-005,-3.9746e-005,-6.4558e-007,8.9117e-006,-8.2346e-006,8.2792e-006,-1.0377e-005,1.1583e-005,2.0891e-005,3.9817e-005,-5.1603e-007,-1.9337e-007,-5.0024e-006,6.3747e-006,-1.4428e-006,-2.666e-006,6.5093e-008,4.412e-006
9.5154e-006,4.8778e-005,5.2404e-005,1.8409e-005,2.2058e-006,-0.00040207,-9.1536e-005,-0.00024914,-3.8483e-006,5.4816e-005,-5.192e-005,5.1216e-005,-6.6446e-005,7.4822e-005,0.00013199,0.00024955,-3.2058e-006,-2.2252e-006,-3.186e-005,3.9755e-005,-9.1444e-006,-1.6412e-005,4.7916e-007,2.8053e-005
4.7047e-005,0.00023893,0.000256,8.9775e-005,1.3737e-005,-0.0019648,-0.00044842,-0.0012092,-1.7518e-005,0.00025976,-0.00025363,0.00024461,-0.00033065,0.00037518,0.00064654,0.0012105,-1.5423e-005,-1.6516e-005,-0.00015754,0.00019181,-4.4959e-005,-7.8252e-005,2.8872e-006,0.00013832
0.00018747,0.00094413,0.001008,0.0003536,6.8906e-005,-0.0077372,-0.0017711,-0.0047241,-6.2954e-005,0.00098407,-0.00099824,0.0009369,-0.0013308,0.0015191,0.0025537,0.0047247,-5.9777e-005,-9.074e-005,-0.00062924,0.00074449,-0.00017842,-0.0003005,1.4695e-005,0.00055021
0.00061804,0.0030898,0.003284,0.0011555,0.00028622,-0.0252,-0.0057896,-0.015246,-0.00018149,0.0030491,-0.0032496,0.0029491,-0.0044509,0.0050997,0.0083499,0.015222,-0.00019166,-0.00039325,-0.0020851,0.0023855,-0.00058705,-0.00095366,6.4156e-005,0.0018132
0.0017166,0.0085299,0.0090138,0.0031927,0.0010046,-0.06912,-0.015952,-0.041368,-0.00041923,0.0078248,-0.008909,0.0077467,-0.012609,0.014458,0.023017,0.041187,-0.00051804,-0.0013948,-0.005841,0.0064228,-0.0016323,-0.0025447,0.00024217,0.0050442
0.0040676,0.020121,0.021105,0.0075633,0.003024,-0.16164,-0.037513,-0.095481,-0.00075279,0.016679,-0.02083,0.017119,-0.030689,0.035062,0.054173,0.094632,-0.0011965,-0.0041461,-0.01402,0.014707,-0.0038894,-0.005772,0.00079462,0.012007
0.0082894,0.04091,0.042495,0.015516,0.007897,-0.32488,-0.075925,-0.18879,-0.00093299,0.029219,-0.041885,0.031835,-0.064845,0.073355,0.10977,0.18574,-0.002386,-0.010495,-0.029114,0.028859,-0.0080234,-0.01119,0.002277,0.024694
0.014589,0.072064,0.073884,0.027772,0.018044,-0.56346,-0.13286,-0.32062,-0.00030446,0.04049,-0.07278,0.049294,-0.11988,0.13302,0.19237,0.31156,-0.0041409,-0.022865,-0.052638,0.048699,-0.014438,-0.018526,0.0057238,0.044179
0.022174,0.11019,0.11092,0.043605,0.036298,-0.8434,-0.20117,-0.46657,0.0022101,0.038929,-0.10945,0.061506,-0.19503,0.20917,0.29175,0.44359,-0.0063011,-0.043167,-0.083181,0.070639,-0.02279,-0.025932,0.012679,0.069064
0.028954,0.14605,0.14307,0.060343,0.064555,-1.0845,-0.26266,-0.5765,0.0077161,0.0082999,-0.14224,0.056001,-0.28052,0.28383,0.3814,0.52569,-0.0084837,-0.070843,-0.11506,0.087646,-0.031679,-0.02985,0.02485,0.094599
0.032059,0.16689,0.1565,0.074016,0.10172,-1.1851,-0.29293,-0.59272,0.016485,-0.064181,-0.15907,0.02163,-0.35822,0.3276,0.42512,0.49352,-0.01026,-0.10104,-0.13923,0.092102,-0.038889,-0.026144,0.04327,0.11375
0.029298,0.16296,0.14136,0.081321,0.14199,-1.0784,-0.27388,-0.48617,0.027009,-0.17588,-0.15245,-0.042217,-0.40858,0.31046,0.39479,0.3136,-0.011458,-0.1247,-0.14724,0.080864,-0.042264,-0.012451,0.067212,0.1205
0.020853,0.13455,0.09932,0.08187,0.17513,-0.79069,-0.20718,-0.28868,0.035768,-0.30098,-0.12615,-0.11901,-0.42102,0.21775,0.29033,0.019415,-0.012364,-0.13203,-0.13636,0.059158,-0.04076,0.0095441,0.093579,0.11365
0.0098924,0.094352,0.045561,0.078977,0.18966,-0.45128,-0.11803,-0.091417,0.038358,-0.39602,-0.095686,-0.1783,-0.40121,0.061288,0.14641,-0.28717,-0.013576,-0.11839,-0.1125,0.039257,-0.034957,0.033845,0.11758,0.098417
0.0011688,0.061217,0.0014157,0.077859,0.1782,-0.22914,-0.042774,0.002378,0.0318,-0.42063,-0.079826,-0.19056,-0.36887,-0.12424,0.016405,-0.48386,-0.015531,-0.089057,-0.087842,0.033096,-0.026606,0.052995,0.13479,0.083908
-0.0019386,0.048402,-0.018778,0.082091,0.14206,-0.22701,-0.0063819,-0.054725,0.016703,-0.36253,-0.087761,-0.14605,-0.34566,-0.29941,-0.05936,-0.50117,-0.018048,-0.058567,-0.073674,0.043229,-0.017553,0.06282,0.14358,0.077819
5.4116e-005,0.054457,-0.017316,0.090849,0.091602,-0.40823,-0.005812,-0.21646,-0.0023955,-0.24884,-0.11165,-0.063757,-0.34102,-0.44018,-0.07859,-0.36837,-0.020378,-0.043397,-0.073177,0.059388,-0.0089207,0.065855,0.1461,0.081994
0.002795,0.064476,-0.011074,0.09933,0.041332,-0.61958,-0.01338,-0.37069,-0.019236,-0.13205,-0.13161,0.018257,-0.34618,-0.54413,-0.074705,-0.19188,-0.021864,-0.052086,-0.079684,0.064673,-0.0010806,0.070421,0.1469,0.092232
0.0011981,0.061614,-0.018316,0.10231,0.002425,-0.70073,0.00109,-0.41787,-0.029379,-0.057743,-0.13045,0.066609,-0.34104,-0.6174,-0.087062,-0.076549,-0.022689,-0.07985,-0.082123,0.047771,0.0058401,0.085341,0.14985,0.10226
-0.006439,0.040126,-0.044436,0.098202,-0.022466,-0.59703,0.046725,-0.34006,-0.032625,-0.036775,-0.10669,0.073506,-0.30859,-0.65523,-0.12704,-0.049634,-0.023914,-0.1121,-0.0736,0.011956,0.011712,0.11386,0.15566,0.10839
-0.016534,0.0093892,-0.078262,0.090247,-0.038455,-0.3853,0.10609,-0.20422,-0.032434,-0.043004,-0.075072,0.058917,-0.24575,-0.63617,-0.16824,-0.048612,-0.026491,-0.13441,-0.056305,-0.026617,0.016746,0.15141,0.1618,0.11117
-0.022391,-0.014291,-0.10201,0.083957,-0.052593,-0.19463,0.15189,-0.098087,-0.032753,-0.038058,-0.053972,0.05253,-0.16306,-0.53937,-0.16934,0.018418,-0.029937,-0.14112,-0.038888,-0.0503,0.02184,0.18919,0.16483,0.11327
-0.019159,-0.021063,-0.10633,0.082755,-0.067822,-0.093946,0.17069,-0.055392,-0.034816,-0.0027641,-0.050551,0.070431,-0.075166,-0.3719,-0.11031,0.19282,-0.031984,-0.13605,-0.028819,-0.052033,0.028111,0.22059,0.16301,0.11619
-0.0078512,-0.014957,-0.097592,0.085381,-0.081571,-0.044472,0.17258,-0.035375,-0.036541,0.050182,-0.056178,0.10527,0.0089381,-0.18063,-0.011251,0.43411,-0.029949,-0.12579,-0.026444,-0.038643,0.035611,0.24511,0.15694,0.11896
0.0048544,-0.0097381,-0.091497,0.086956,-0.089672,0.047135,0.17898,0.028484,-0.034942,0.091162,-0.055297,0.13658,0.088203,-0.032992,0.081563,0.65952,-0.02306,-0.11242,-0.02566,-0.023447,0.042429,0.26617,0.14811,0.119
0.011105,-0.017489,-0.099177,0.082655,-0.091557,0.23095,0.20098,0.15858,-0.029311,0.10139,-0.039163,0.1504,0.16439,0.023147,0.12969,0.81242,-0.013809,-0.092694,-0.020142,-0.015209,0.045468,0.28449,0.13679,0.11348
0.0073189,-0.039718,-0.11821,0.071112,-0.091581,0.46373,0.22849,0.30727,-0.022286,0.088738,-0.012298,0.15043,0.23594,-0.0087832,0.12794,0.89574,-0.0068095,-0.063932,-0.009168,-0.012956,0.042751,0.29312,0.12135,0.098938
-0.0035701,-0.067607,-0.13596,0.055193,-0.095082,0.6491,0.2396,0.39693,-0.017814,0.078866,0.012972,0.15186,0.29705,-0.0751,0.10234,0.94474,-0.0056548,-0.030533,0.0021498,-0.010347,0.035422,0.2793,0.099718,0.070517
-0.014678,-0.089875,-0.14146,0.039964,-0.10279,0.72472,0.22082,0.38681,-0.017861,0.091379,0.027747,0.16532,0.34206,-0.10504,0.08596,0.97401,-0.010162,-0.0043108,0.0080562,-0.0046119,0.027451,0.23338,0.071651,0.023272
-0.020347,-0.10106,-0.13477,0.029458,-0.10897,0.71334,0.17927,0.30539,-0.020759,0.1231,0.033138,0.18663,0.37048,-0.051749,0.095096,0.95586,-0.016376,0.0023045,0.0076822,-0.0013376,0.022899,0.1585,0.040071,-0.043188
-0.019815,-0.10402,-0.1258,0.024343,-0.10536,0.69437,0.1367,0.22234,-0.02261,0.15276,0.037335,0.20135,0.38802,0.086187,0.12383,0.85203,-0.019514,-0.01535,0.0058502,-0.010538,0.022879,0.073276,0.010454,-0.11986
-0.016754,-0.10596,-0.12459,0.021721,-0.087801,0.72934,0.11202,0.18993,-0.020444,0.16135,0.047387,0.19898,0.40325,0.27237,0.1564,0.66479,-0.017495,-0.051015,0.0087417,-0.037454,0.024834,0.003834,-0.011405,-0.18852
-0.01554,-0.11246,-0.1325,0.016983,-0.059925,0.81308,0.10856,0.20806,-0.014436,0.14912,0.06383,0.183,0.42367,0.45757,0.18218,0.45287,-0.012094,-0.091691,0.018708,-0.076287,0.024831,-0.030497,-0.021984,-0.22947
-0.017639,-0.12416,-0.14185,0.0066291,-0.030764,0.8919,0.11598,0.2398,-0.0074846,0.1345,0.082263,0.16792,0.454,0.60263,0.19981,0.29241,-0.0068574,-0.12523,0.032944,-0.11256,0.020874,-0.028332,-0.021711,-0.23304
-0.02099,-0.1378,-0.14374,-0.0095666,-0.0084684,0.92368,0.12264,0.25583,-0.002756,0.13744,0.098902,0.16696,0.49651,0.68817,0.2102,0.21754,-0.0037536,-0.14543,0.046826,-0.13252,0.014362,-0.0063503,-0.01492,-0.20674
-0.022458,-0.1496,-0.13587,-0.028347,0.0046855,0.91909,0.12566,0.2633,-0.001381,0.163,0.11404,0.18187,0.55098,0.71298,0.20902,0.19501,-0.001636,-0.15199,0.058397,-0.13215,0.0085058,0.011626,-0.0080425,-0.17198
-0.020827,-0.15772,-0.1236,-0.04492,0.01216,0.92745,0.12997,0.29455,-0.002053,0.19909,0.13055,0.20339,0.61354,0.68828,0.1876,0.15611,0.0021619,-0.14705,0.069775,-0.11883,0.0052774,0.0086246,-0.0068167,-0.15209
-0.01771,-0.16221,-0.1139,-0.055869,0.018608,0.98606,0.13941,0.37118,-0.0025223,0.22823,0.14992,0.22031,0.67616,0.63234,0.14107,0.056019,0.0087524,-0.13249,0.084503,-0.10478,0.0036859,-0.018252,-0.01393,-0.16
-0.015845,-0.16343,-0.10877,-0.061083,0.025189,1.0835,0.14986,0.4797,-0.0014898,0.24112,0.17033,0.22778,0.72915,0.56482,0.07465,-0.091266,0.016167,-0.10986,0.10369,-0.097675,0.00088973,-0.061302,-0.028354,-0.19425
-0.016654,-0.16093,-0.10427,-0.063399,0.028707,1.1691,0.1514,0.57983,0.00064376,0.23985,0.18831,0.22771,0.76602,0.50091,0.0013193,-0.22962,0.020906,-0.081694,0.12464,-0.095941,-0.0049101,-0.11164,-0.046645,-0.24482
-0.019334,-0.15408,-0.095328,-0.0663,0.024885,1.1945,0.13703,0.63489,0.00252,0.23017,0.20192,0.22255,0.78669,0.44741,-0.067048,-0.30924,0.021139,-0.051795,0.14305,-0.09179,-0.012357,-0.16573,-0.065143,-0.30222
-0.022054,-0.14361,-0.081151,-0.071465,0.012473,1.1487,0.10942,0.63559,0.00314,0.21279,0.21185,0.20979,0.79573,0.40393,-0.12685,-0.32285,0.018546,-0.023702,0.15642,-0.078951,-0.017442,-0.2239,-0.081491,-0.36136
-0.023773,-0.13217,-0.065853,-0.077955,-0.0055633,1.0572,0.079677,0.59936,0.0025591,0.18316,0.21972,0.18325,0.79677,0.36841,-0.18213,-0.30199,0.017023,0.0012092,0.1655,-0.058356,-0.016265,-0.28387,-0.094662,-0.41799
-0.02474,-0.12294,-0.05424,-0.083422,-0.024623,0.95431,0.059298,0.55111,0.0015453,0.13975,0.22596,0.13987,0.78798,0.34195,-0.2379,-0.28383,0.0194,0.023931,0.17265,-0.037183,-0.0078731,-0.33655,-0.10406,-0.46285
-0.025325,-0.11728,-0.047251,-0.086162,-0.04207,0.85868,0.052455,0.50561,0.00079542,0.09163,0.22984,0.085667,0.76303,0.32841,-0.29422,-0.28198,0.025093,0.046095,0.17898,-0.022337,0.0049731,-0.3693,-0.10897,-0.48154
-0.024717,-0.11364,-0.041498,-0.086382,-0.058213,0.77105,0.054389,0.46481,0.0006084,0.056515,0.23152,0.034781,0.71648,0.32876,-0.3464,-0.28579,0.030704,0.068158,0.18308,-0.014087,0.017619,-0.37397,-0.10912,-0.46193
-0.021292,-0.10894,-0.032954,-0.085972,-0.07363,0.6893,0.056289,0.42661,0.001284,0.049887,0.2337,0.0022047,0.64798,0.33471,-0.38993,-0.28348,0.032933,0.089451,0.18254,-0.005231,0.026392,-0.35289,-0.10577,-0.40339
-0.014667,-0.10149,-0.020812,-0.087352,-0.085626,0.6196,0.051998,0.39235,0.0036373,0.074153,0.24042,-0.004592,0.56091,0.32688,-0.4243,-0.28349,0.031194,0.11004,0.17681,0.013547,0.030302,-0.31754,-0.1021,-0.31938
-0.0073642,-0.092899,-0.0077563,-0.092433,-0.08786,0.5716,0.041408,0.3658,0.0087995,0.11696,0.25353,0.010679,0.45715,0.27973,-0.45146,-0.31262,0.027859,0.13218,0.16874,0.046647,0.030416,-0.28157,-0.10222,-0.23059
-0.0038815,-0.087145,0.0032718,-0.10214,-0.0745,0.54501,0.028834,0.34755,0.017195,0.15949,0.26984,0.035696,0.33416,0.17196,-0.47046,-0.3924,0.026235,0.1594,0.16323,0.090474,0.027821,-0.25424,-0.10918,-0.15404
-0.0072407,-0.087387,0.012385,-0.11622,-0.045838,0.52458,0.018625,0.33331,0.027569,0.18755,0.2816,0.055558,0.18855,-0.0015772,-0.47418,-0.51587,0.028196,0.19346,0.164,0.13627,0.022273,-0.23879,-0.12327,-0.09668
-0.015801,-0.092845,0.022889,-0.13288,-0.010286,0.49053,0.011814,0.31863,0.037154,0.19728,0.28054,0.05846,0.023712,-0.22144,-0.4525,-0.6471,0.033334,0.23194,0.17103,0.17572,0.012894,-0.23515,-0.14182,-0.056997
-0.023516,-0.098316,0.038293,-0.14873,0.019771,0.43503,0.006125,0.30416,0.043181,0.19351,0.26262,0.039121,-0.14608,-0.44363,-0.40027,-0.74726,0.039855,0.26891,0.18067,0.20435,0.00021043,-0.24255,-0.16053,-0.031152
-0.024117,-0.096886,0.059141,-0.15954,0.035668,0.36861,-0.0012503,0.29481,0.044665,0.18471,0.23027,9.0434e-005,-0.29982,-0.61095,-0.32392,-0.80761,0.046051,0.2984,0.18834,0.22053,-0.01267,-0.25925,-0.17574,-0.016925
-0.016076,-0.084166,0.082462,-0.16224,0.037925,0.31032,-0.01073,0.29284,0.042987,0.17932,0.19085,-0.048868,-0.41946,-0.67304,-0.24052,-0.86221,0.050975,0.318,0.19155,0.2224,-0.021308,-0.28091,-0.18618,-0.012768
-0.0040956,-0.061235,0.104,-0.15708,0.035311,0.27112,-0.019757,0.29202,0.040682,0.18422,0.1528,-0.093979,-0.49759,-0.60668,-0.16952,-0.96686,0.054106,0.32969,0.19104,0.2068,-0.02293,-0.30101,-0.1933,-0.014953
0.0044142,-0.034262,0.12098,-0.14803,0.038432,0.246,-0.025015,0.27975,0.03938,0.20274,0.12209,-0.12343,-0.53753,-0.42581,-0.12286,-1.1567,0.054783,0.33752,0.18918,0.17173,-0.01867,-0.31426,-0.19978,-0.017403
0.0051175,-0.01093,0.13322,-0.14072,0.052833,0.22119,-0.025554,0.24601,0.038553,0.23129,0.10088,-0.13385,-0.54783,-0.17549,-0.10057,-1.4126,0.052318,0.3447,0.18743,0.11963,-0.012952,-0.31986,-0.20731,-0.014963
-8.2814e-005,0.0041132,0.14228,-0.13899,0.076441,0.18879,-0.024176,0.19127,0.036068,0.25766,0.088249,-0.13291,-0.53714,0.087156,-0.094442,-1.6634,0.046845,0.35243,0.18501,0.057458,-0.010328,-0.32056,-0.21505,-0.0064466
-0.0051277,0.011739,0.14987,-0.14256,0.1022,0.15466,-0.025823,0.12642,0.030041,0.26493,0.081825,-0.13514,-0.51319,0.31489,-0.096404,-1.8234,0.039991,0.36145,0.17973,-0.0073354,-0.012224,-0.31779,-0.22003,0.0061937
-0.00519,0.017059,0.15698,-0.14762,0.12284,0.1329,-0.034165,0.064494,0.020445,0.24107,0.079052,-0.15277,-0.4838,0.48422,-0.1049,-1.8417,0.034446,0.37414,0.17007,-0.07152,-0.016177,-0.30751,-0.21937,0.021755
-0.00057432,0.025267,0.16374,-0.14999,0.13396,0.13261,-0.049119,0.01127,0.0092439,0.18775,0.07764,-0.18788,-0.45578,0.59579,-0.12495,-1.7286,0.032383,0.39515,0.15656,-0.13679,-0.01804,-0.28199,-0.21251,0.042025
0.0041821,0.037722,0.16964,-0.14807,0.13417,0.14904,-0.06717,-0.038082,-0.00096996,0.12092,0.07548,-0.23189,-0.43105,0.66377,-0.16237,-1.5418,0.033907,0.4294,0.1413,-0.20534,-0.015338,-0.23727,-0.20176,0.068823
0.0049229,0.051289,0.17367,-0.14341,0.12375,0.16613,-0.084058,-0.094783,-0.0086551,0.06099,0.070594,-0.273,-0.40433,0.7019,-0.21668,-1.3443,0.036881,0.47857,0.12656,-0.27412,-0.0091908,-0.18036,-0.19057,0.097698
0.0018397,0.061475,0.17497,-0.1387,0.10405,0.16693,-0.097527,-0.16885,-0.013981,0.01936,0.061511,-0.30546,-0.3668,0.71475,-0.27785,-1.167,0.038452,0.538,0.1135,-0.33311,-0.0035186,-0.12906,-0.1812,0.11443
-0.00077462,0.066724,0.17363,-0.13511,0.077945,0.14283,-0.1081,-0.26353,-0.018042,-0.0083524,0.047946,-0.33316,-0.31444,0.6992,-0.3293,-1.0015,0.037068,0.59585,0.10199,-0.36989,-0.0022687,-0.10317,-0.17377,0.099193
0.0014328,0.070165,0.17131,-0.13139,0.050229,0.095224,-0.11769,-0.37377,-0.021433,-0.036906,0.031236,-0.36445,-0.25395,0.65387,-0.35542,-0.82465,0.033296,0.63527,0.091148,-0.37707,-0.0066861,-0.11277,-0.16766,0.037131
0.008886,0.077188,0.17047,-0.12529,0.026385,0.030864,-0.12767,-0.48751,-0.023506,-0.078199,0.013948,-0.40309,-0.20002,0.58841,-0.34909,-0.63004,0.028803,0.6397,0.079692,-0.35675,-0.014461,-0.1522,-0.16343,-0.071442
0.017759,0.090875,0.17263,-0.11563,0.01014,-0.043743,-0.13791,-0.58796,-0.023055,-0.13102,-0.001416,-0.44307,-0.16517,0.52346,-0.31439,-0.44104,0.024611,0.59937,0.066243,-0.31867,-0.021259,-0.2043,-0.1632,-0.20853
0.023435,0.10925,0.17691,-0.10333,0.0015443,-0.12488,-0.1472,-0.65708,-0.01982,-0.18198,-0.013881,-0.47224,-0.1503,0.47809,-0.26265,-0.29554,0.020372,0.51634,0.049785,-0.27359,-0.02359,-0.25208,-0.1685,-0.34574
0.024432,0.12675,0.18036,-0.090577,-0.0028251,-0.2111,-0.1541,-0.68092,-0.015376,-0.21631,-0.024553,-0.48147,-0.14433,0.45268,-0.2047,-0.21921,0.015301,0.40493,0.030584,-0.22745,-0.021085,-0.28955,-0.17759,-0.45723
0.023282,0.13861,0.18015,-0.079216,-0.0075088,-0.30166,-0.15745,-0.65561,-0.012388,-0.22923,-0.035722,-0.4717,-0.13338,0.42126,-0.14482,-0.21087,0.0096291,0.28648,0.010808,-0.18044,-0.016561,-0.32468,-0.18527,-0.53065
0.023821,0.14432,0.17574,-0.069693,-0.01527,-0.3947,-0.15652,-0.58992,-0.012706,-0.22853,-0.049067,-0.45289,-0.1118,0.34329,-0.08098,-0.25021,0.0048749,0.18069,-0.0061262,-0.13077,-0.013747,-0.37239,-0.18609,-0.57053
0.02762,0.14741,0.16926,-0.061196,-0.025521,-0.48496,-0.1511,-0.50128,-0.015867,-0.22716,-0.064252,-0.43615,-0.085821,0.19,-0.011082,-0.31656,0.0025198,0.098386,-0.017547,-0.079161,-0.014274,-0.4425,-0.17881,-0.59291
0.032825,0.152,0.16369,-0.052533,-0.034946,-0.56201,-0.14185,-0.40643,-0.019318,-0.23288,-0.078921,-0.42573,-0.067241,-0.03319,0.060289,-0.39964,0.0024505,0.039757,-0.023521,-0.029989,-0.016286,-0.53047,-0.16796,-0.61478
0.036173,0.15947,0.16032,-0.043046,-0.039786,-0.61152,-0.13037,-0.31289,-0.020162,-0.24381,-0.090068,-0.41748,-0.062907,-0.28638,0.12047,-0.49429,0.0029179,-0.0016234,-0.027106,0.011474,-0.015894,-0.61722,-0.16078,-0.64405
0.035982,0.16762,0.15776,-0.033142,-0.03836,-0.62154,-0.11869,-0.21775,-0.01692,-0.25243,-0.095778,-0.40419,-0.069113,-0.51963,0.1546,-0.5893,0.0022131,-0.032407,-0.032414,0.042963,-0.010421,-0.67852,-0.16137,-0.67505
0.03329,0.17265,0.15324,-0.024276,-0.032316,-0.59096,-0.10849,-0.11501,-0.0099703,-0.25285,-0.096211,-0.38242,-0.075126,-0.70488,0.15467,-0.66597,0.0004079,-0.055516,-0.041893,0.066781,-0.00074736,-0.69812,-0.16715,-0.69194
0.030362,0.1717,0.14497,-0.018306,-0.025808,-0.53375,-0.10061,-0.0054851,-0.00061215,-0.24439,-0.093313,-0.35456,-0.072277,-0.85127,0.12479,-0.71011,-0.00068553,-0.070786,-0.054982,0.08792,0.0093002,-0.6762,-0.17053,-0.67798
0.02838,0.16422,0.13362,-0.016316,-0.022984,-0.4739,-0.095188,0.099116,0.010093,-0.22912,-0.08963,-0.32486,-0.060862,-0.99289,0.078514,-0.72502,0.00057568,-0.078453,-0.069129,0.1105,0.016071,-0.62752,-0.16473,-0.62562
0.026682,0.1518,0.12167,-0.017477,-0.025391,-0.43275,-0.092111,0.18181,0.021645,-0.20767,-0.087052,-0.29372,-0.049777,-1.1602,0.030334,-0.72993,0.0037273,-0.081739,-0.082111,0.1352,0.018993,-0.57093,-0.14901,-0.54131
0.024113,0.13757,0.11126,-0.018916,-0.031164,-0.41733,-0.091149,0.23166,0.033539,-0.17874,-0.08626,-0.25608,-0.050207,-1.3585,-0.012391,-0.7423,0.006184,-0.086086,-0.093579,0.15912,0.020677,-0.51778,-0.12898,-0.44177
0.020877,0.12541,0.10243,-0.017104,-0.036744,-0.41805,-0.091739,0.25159,0.044592,-0.14319,-0.087065,-0.20574,-0.068977,-1.5684,-0.051328,-0.75915,0.005266,-0.095756,-0.10464,0.17752,0.024146,-0.46749,-0.11201,-0.34375
0.018857,0.11897,0.093135,-0.010079,-0.039885,-0.41764,-0.092936,0.25637,0.052904,-0.10773,-0.089241,-0.14167,-0.10611,-1.7642,-0.092202,-0.75435,0.00043786,-0.11077,-0.11613,0.18644,0.029757,-0.41228,-0.10175,-0.25385
0.020025,0.12,0.080909,0.001165,-0.041492,-0.40411,-0.093881,0.26206,0.056542,-0.082947,-0.093067,-0.070677,-0.15649,-1.9296,-0.13739,-0.69424,-0.0062364,-0.1267,-0.12745,0.18477,0.034641,-0.34583,-0.096016,-0.16542
0.024454,0.12682,0.064827,0.013349,-0.044709,-0.37819,-0.094425,0.2754,0.054511,-0.076127,-0.099045,-0.0036414,-0.21236,-2.0598,-0.18178,-0.55717,-0.011732,-0.13759,-0.13688,0.17526,0.035139,-0.26826,-0.089483,-0.065133
0.02978,0.13446,0.04623,0.023247,-0.052039,-0.35059,-0.095116,0.29128,0.047494,-0.084768,-0.10691,0.051348,-0.2642,-2.152,-0.2147,-0.34104,-0.014278,-0.13996,-0.14308,0.16355,0.029969,-0.1839,-0.078331,0.054687
0.032587,0.13705,0.027812,0.029808,-0.063109,-0.33236,-0.096271,0.29984,0.037981,-0.097102,-0.11485,0.093738,-0.30127,-2.2009,-0.2262,-0.056396,-0.014305,-0.13527,-0.14609,0.15551,0.021278,-0.095636,-0.062908,0.18662
0.030522,0.1311,0.011904,0.034318,-0.075116,-0.3265,-0.096853,0.29703,0.029563,-0.099642,-0.11979,0.12977,-0.31423,-2.2085,-0.21333,0.28224,-0.013604,-0.1292,-0.14706,0.15384,0.012817,-0.0029366,-0.046581,0.30868
0.02361,0.11744,-0.00069743,0.038611,-0.085537,-0.32661,-0.094378,0.28975,0.025459,-0.085509,-0.11904,0.16771,-0.30036,-2.1971,-0.1828,0.6556,-0.013668,-0.12806,-0.14712,0.15648,0.0070597,0.09395,-0.032408,0.39559
0.014097,0.10036,-0.010625,0.043063,-0.094567,-0.3223,-0.086327,0.29174,0.026884,-0.056787,-0.11228,0.21312,-0.26728,-2.209,-0.14851,1.0319,-0.014642,-0.13453,-0.14661,0.15832,0.0038939,0.18787,-0.020862,0.43369
0.0052638,0.084629,-0.01892,0.046256,-0.105,-0.30643,-0.072154,0.3137,0.032253,-0.019874,-0.10226,0.26719,-0.2306,-2.2808,-0.12534,1.3669,-0.015558,-0.14559,-0.14546,0.15545,0.0018101,0.26425,-0.010414,0.42919
-4.0071e-005,0.072741,-0.02609,0.046524,-0.11973,-0.27905,-0.054264,0.35546,0.037946,0.020872,-0.09337,0.32795,-0.20487,-2.4089,-0.12174,1.6211,-0.015385,-0.15431,-0.14404,0.1487,0.00016471,0.30892,9.6293e-005,0.40349
-0.00057838,0.064163,-0.031979,0.043842,-0.1391,-0.24627,-0.037026,0.40593,0.040338,0.065118,-0.088821,0.39206,-0.19391,-2.5333,-0.13456,1.7861,-0.013964,-0.1547,-0.14349,0.14315,0.00022942,0.31853,0.0099403,0.37856
0.0026908,0.056814,-0.036349,0.040253,-0.16055,-0.21615,-0.024475,0.44983,0.037825,0.11301,-0.088568,0.45546,-0.18813,-2.5586,-0.14877,1.8977,-0.012156,-0.1463,-0.14495,0.14373,0.0040712,0.30441,0.017454,0.36297
0.0070052,0.049226,-0.039425,0.038512,-0.18058,-0.19535,-0.018415,0.47522,0.031463,0.16054,-0.089752,0.51288,-0.17194,-2.4046,-0.14314,2.0219,-0.011184,-0.135,-0.14853,0.15046,0.012404,0.28582,0.022483,0.34928
0.0092834,0.041715,-0.041815,0.040314,-0.19712,-0.18835,-0.018245,0.4764,0.023878,0.19905,-0.089628,0.55758,-0.13564,-2.0501,-0.099992,2.2173,-0.011691,-0.12922,-0.15293,0.15747,0.023454,0.27783,0.027725,0.3245
0.008079,0.035916,-0.043945,0.045708,-0.2101,-0.1988,-0.022273,0.45158,0.01733,0.21981,-0.088658,0.58251,-0.082491,-1.541,-0.014158,2.4987,-0.013178,-0.13416,-0.15631,0.15703,0.033839,0.28401,0.037306,0.28519
0.0046701,0.033265,-0.045688,0.053931,-0.21996,-0.23001,-0.029153,0.39984,0.012353,0.2198,-0.090948,0.58285,-0.025532,-0.95706,0.10366,2.8237,-0.014242,-0.14869,-0.15767,0.14522,0.040624,0.29936,0.053535,0.24448
0.0022178,0.033569,-0.04672,0.064402,-0.22588,-0.28278,-0.038221,0.32209,0.0077994,0.20387,-0.10118,0.55855,0.022754,-0.3666,0.23087,3.1084,-0.013551,-0.16691,-0.15754,0.12451,0.042743,0.31929,0.074674,0.2248
0.0033276,0.034554,-0.047341,0.076563,-0.22562,-0.35082,-0.04878,0.22575,0.0020196,0.18191,-0.12024,0.51523,0.05853,0.19595,0.34182,3.2625,-0.010929,-0.18301,-0.15767,0.10143,0.040738,0.34558,0.095826,0.24197
0.00781,0.032658,-0.048858,0.088702,-0.21725,-0.41794,-0.059479,0.12769,-0.0058173,0.16364,-0.14328,0.46246,0.085657,0.71568,0.4166,3.2247,-0.0077544,-0.19481,-0.15987,0.081606,0.035372,0.38401,0.11231,0.29321
0.012526,0.024709,-0.052892,0.097349,-0.20092,-0.46132,-0.068779,0.049484,-0.015164,0.15459,-0.16226,0.40958,0.10706,1.1677,0.44623,2.9859,-0.006247,-0.20327,-0.16499,0.066829,0.026567,0.43752,0.12271,0.35887
0.013628,0.0096517,-0.059956,0.098592,-0.17868,-0.46217,-0.076336,0.0051231,-0.024522,0.15489,-0.17138,0.36132,0.11683,1.5073,0.43405,2.5925,-0.0079739,-0.20891,-0.1723,0.056157,0.013534,0.50255,0.12906,0.4161
0.0094925,-0.010643,-0.068509,0.090858,-0.15234,-0.41878,-0.083989,-0.011165,-0.03244,0.15976,-0.17135,0.31549,0.1012,1.6973,0.39448,2.1303,-0.012599,-0.20904,-0.17972,0.049119,-0.004322,0.57244,0.13443,0.45389
0.0020182,-0.032033,-0.075521,0.076922,-0.12156,-0.35335,-0.095116,-0.026905,-0.038378,0.16033,-0.16883,0.26457,0.048684,1.749,0.34981,1.6916,-0.017883,-0.19922,-0.18474,0.046985,-0.026877,0.64338,0.14008,0.47888
-0.004735,-0.049983,-0.078372,0.063048,-0.084391,-0.30565,-0.11233,-0.078894,-0.042943,0.14526,-0.17152,0.2004,-0.038638,1.7377,0.32355,1.3391,-0.021133,-0.17826,-0.18566,0.050317,-0.053632,0.71569,0.14478,0.50942
-0.0074094,-0.061621,-0.07667,0.055346,-0.040105,-0.31462,-0.13492,-0.19237,-0.047362,0.10465,-0.18261,0.11963,-0.1427,1.7652,0.33055,1.0819,-0.021149,-0.15296,-0.18279,0.055161,-0.084262,0.78882,0.14639,0.56435
-0.0054493,-0.06685,-0.072516,0.055838,0.0086988,-0.39762,-0.15786,-0.36484,-0.052504,0.036026,-0.19874,0.026921,-0.23942,1.892,0.36786,0.87951,-0.019206,-0.13799,-0.1784,0.052288,-0.11833,0.85626,0.14412,0.65452
-0.00098545,-0.067996,-0.068966,0.061279,0.057492,-0.54021,-0.17339,-0.56518,-0.058079,-0.051196,-0.21291,-0.066025,-0.31425,2.0897,0.41358,0.66899,-0.018173,-0.1494,-0.17529,0.03171,-0.15407,0.90781,0.13936,0.78054
0.0030557,-0.06832,-0.067941,0.065779,0.104,-0.7033,-0.17433,-0.74887,-0.062598,-0.13729,-0.21981,-0.14528,-0.37089,2.2582,0.43756,0.40083,-0.020337,-0.19455,-0.17472,-0.0098818,-0.18739,0.93895,0.13481,0.93396
0.0049118,-0.070225,-0.069259,0.06533,0.15078,-0.84413,-0.15727,-0.87977,-0.064315,-0.20147,-0.21939,-0.20135,-0.42568,2.298,0.41949,0.060406,-0.025618,-0.26427,-0.17529,-0.064071,-0.21238,0.95757,0.13283,1.0986
0.0046155,-0.074023,-0.071455,0.060784,0.20246,-0.93845,-0.1238,-0.94556,-0.062635,-0.23396,-0.21653,-0.23428,-0.49127,2.1852,0.36263,-0.33211,-0.031607,-0.33263,-0.17374,-0.11216,-0.22341,0.979,0.13443,1.2517
0.0032385,-0.077863,-0.073489,0.057008,0.25861,-0.99078,-0.079269,-0.95948,-0.058993,-0.24263,-0.21725,-0.25438,-0.56286,1.99,0.29231,-0.73529,-0.03542,-0.36634,-0.16716,-0.13292,-0.21773,1.0105,0.13915,1.3692
0.001757,-0.079001,-0.075711,0.058889,0.30889,-1.0277,-0.030309,-0.95004,-0.056348,-0.24822,-0.22479,-0.27737,-0.61921,1.8237,0.23908,-1.0991,-0.035763,-0.33992,-0.15467,-0.11227,-0.19671,1.0389,0.14565,1.4346
0.00053051,-0.075852,-0.079268,0.067297,0.33637,-1.0795,0.017173,-0.94674,-0.057323,-0.27063,-0.23785,-0.316,-0.63898,1.7573,0.218,-1.3719,-0.033522,-0.24898,-0.13723,-0.049857,-0.16538,1.035,0.15238,1.4472
-0.00042597,-0.06959,-0.084605,0.078101,0.32829,-1.1625,0.058615,-0.9697,-0.062123,-0.31586,-0.25188,-0.37283,-0.61998,1.7754,0.21942,-1.5092,-0.030518,-0.11387,-0.11608,0.040525,-0.13026,0.97595,0.15826,1.4223
-0.00094176,-0.063931,-0.090603,0.084954,0.2863,-1.2722,0.090498,-1.0259,-0.067765,-0.37279,-0.26163,-0.43864,-0.5849,1.7974,0.21779,-1.4913,-0.02778,0.028752,-0.091751,0.13608,-0.096717,0.86908,0.16336,1.3791
-0.00060199,-0.062828,-0.095238,0.083725,0.22772,-1.3887,0.11037,-1.1103,-0.06945,-0.4221,-0.26313,-0.49784,-0.56722,1.7439,0.1912,-1.3418,-0.024972,0.14205,-0.064947,0.21295,-0.066629,0.75693,0.169,1.3245
0.00080732,-0.067476,-0.097201,0.075307,0.17617,-1.4888,0.11777,-1.2082,-0.063346,-0.44985,-0.25412,-0.53766,-0.58631,1.5918,0.13655,-1.1284,-0.021385,0.2038,-0.038373,0.25388,-0.037534,0.69653,0.17698,1.2463
0.0027846,-0.074926,-0.096971,0.064915,0.14883,-1.5553,0.11524,-1.2997,-0.048961,-0.45553,-0.23392,-0.55515,-0.63094,1.379,0.069419,-0.93334,-0.017284,0.21227,-0.017071,0.25316,-0.0041653,0.72567,0.18797,1.1235
0.0041352,-0.079704,-0.096352,0.058564,0.1495,-1.5811,0.10791,-1.3644,-0.029468,-0.44959,-0.2035,-0.55753,-0.66455,1.1624,0.010579,-0.80849,-0.01411,0.18166,-0.0057901,0.21763,0.03771,0.84036,0.20033,0.94915
0.0037016,-0.0776,-0.096876,0.059324,0.17073,-1.5672,0.10105,-1.39,-0.0098244,-0.44394,-0.16633,-0.55624,-0.64995,0.97152,-0.029129,-0.74629,-0.013291,0.13214,-0.004925,0.1636,0.087078,0.99957,0.21048,0.74794
0.0012978,-0.068932,-0.098468,0.065786,0.20081,-1.5205,0.097104,-1.3778,0.005835,-0.44365,-0.12869,-0.5592,-0.57562,0.79453,-0.053838,-0.6944,-0.014932,0.081395,-0.0086158,0.1106,0.1362,1.1525,0.21493,0.57355
-0.0019764,-0.05879,-0.099469,0.073411,0.22916,-1.4518,0.094534,-1.3429,0.015702,-0.44574,-0.09811,-0.56677,-0.46459,0.60168,-0.07576,-0.60459,-0.017784,0.041728,-0.0074901,0.074389,0.1738,1.2676,0.21279,0.48277
-0.0044585,-0.053876,-0.097896,0.077534,0.24764,-1.3713,0.089856,-1.3054,0.019929,-0.44421,-0.080215,-0.57345,-0.35921,0.38056,-0.10404,-0.47709,-0.020557,0.021344,0.0053008,0.061972,0.19148,1.3416,0.2067,0.50205
-0.0052111,-0.058078,-0.092891,0.075968,0.25073,-1.2834,0.081563,-1.2768,0.019231,-0.43573,-0.075721,-0.5731,-0.29298,0.15161,-0.13899,-0.36206,-0.023202,0.025443,0.029279,0.070937,0.18905,1.3873,0.20126,0.60786
-0.0048107,-0.069851,-0.085395,0.069725,0.23738,-1.1816,0.072555,-1.2521,0.013997,-0.42179,-0.080008,-0.56351,-0.26916,-0.045499,-0.17488,-0.31574,-0.026818,0.05448,0.057085,0.093079,0.17457,1.4106,0.19996,0.7347
-0.0048974,-0.083302,-0.077848,0.061766,0.21309,-1.0527,0.068681,-1.2132,0.0046328,-0.40681,-0.085914,-0.54757,-0.26027,-0.17928,-0.20633,-0.34893,-0.03224,0.10117,0.080084,0.12038,0.15886,1.4007,0.20285,0.80702
-0.0068086,-0.092217,-0.073338,0.054875,0.18842,-0.887,0.074263,-1.1427,-0.0074993,-0.3952,-0.087924,-0.53121,-0.22732,-0.24481,-0.23144,-0.41305,-0.038745,0.15048,0.094784,0.14999,0.1485,1.3383,0.20667,0.77685
-0.010473,-0.094197,-0.074576,0.05013,0.17258,-0.69031,0.088477,-1.0377,-0.019892,-0.3898,-0.084753,-0.52025,-0.14437,-0.26226,-0.24899,-0.43736,-0.044146,0.1851,0.10497,0.18536,0.1424,1.2163,0.20723,0.64568
-0.014547,-0.091897,-0.082857,0.046874,0.16666,-0.48482,0.1062,-0.91262,-0.029997,-0.39168,-0.078555,-0.51786,-0.012109,-0.26189,-0.25404,-0.38627,-0.046174,0.19385,0.11796,0.23262,0.13427,1.0523,0.20235,0.45895
-0.017638,-0.09047,-0.09722,0.043883,0.16272,-0.29714,0.12321,-0.78823,-0.036739,-0.39977,-0.0717,-0.52326,0.14651,-0.26941,-0.23768,-0.28872,-0.043861,0.17707,0.13815,0.29419,0.11856,0.88246,0.19308,0.27769
-0.019439,-0.093222,-0.11434,0.040585,0.1507,-0.14199,0.14149,-0.67729,-0.040872,-0.41,-0.063884,-0.53134,0.30275,-0.30011,-0.19267,-0.21593,-0.03783,0.14495,0.16303,0.36399,0.095067,0.74011,0.18263,0.14445
-0.020714,-0.098987,-0.12965,0.037287,0.12745,-0.01592,0.16951,-0.57836,-0.04357,-0.41505,-0.051925,-0.5336,0.438,-0.36021,-0.12081,-0.22708,-0.029594,0.11016,0.18474,0.42794,0.069115,0.63577,0.17397,0.063147
-0.022211,-0.10334,-0.13943,0.034417,0.099862,0.092956,0.21615,-0.48344,-0.044462,-0.40646,-0.032284,-0.52095,0.54918,-0.4488,-0.035174,-0.32635,-0.020778,0.0809,0.19573,0.47081,0.047991,0.55372,0.168,0.0030314
-0.023644,-0.10256,-0.14261,0.031777,0.078967,0.18783,0.28231,-0.39135,-0.041172,-0.37873,-0.004176,-0.48785,0.64252,-0.55691,0.045438,-0.46127,-0.012837,0.059162,0.19412,0.48536,0.036788,0.46756,0.16342,-0.077419
-0.023801,-0.096963,-0.14086,0.028752,0.070188,0.25475,0.35673,-0.31424,-0.031278,-0.33289,0.029199,-0.43576,0.72269,-0.66629,0.10694,-0.55702,-0.0069765,0.044048,0.18509,0.47762,0.036526,0.36198,0.15803,-0.20267
-0.021671,-0.090499,-0.13687,0.025263,0.068455,0.27146,0.42019,-0.27064,-0.015241,-0.27679,0.062191,-0.3731,0.78614,-0.75299,0.14793,-0.55673,-0.003743,0.035453,0.17739,0.46348,0.044899,0.24421,0.15037,-0.36516
-0.017544,-0.087269,-0.13206,0.022313,0.062626,0.22603,0.4559,-0.27151,0.0024683,-0.22142,0.089733,-0.31111,0.82316,-0.79759,0.17973,-0.44208,-0.0024767,0.034244,0.17772,0.45802,0.058093,0.13731,0.14046,-0.53061
-0.01306,-0.08794,-0.12572,0.021246,0.045299,0.12896,0.45894,-0.31181,0.015593,-0.17531,0.10967,-0.25762,0.82623,-0.79692,0.21842,-0.23062,-0.001467,0.039638,0.1865,0.46481,0.072192,0.062076,0.12942,-0.65788
-0.010267,-0.089348,-0.11638,0.022278,0.019391,0.0079752,0.4381,-0.37486,0.020261,-0.14058,0.12297,-0.21302,0.79777,-0.76889,0.27391,0.037292,0.00076487,0.047817,0.19766,0.47296,0.083926,0.022388,0.11853,-0.71971
-0.010502,-0.087482,-0.10418,0.023836,-0.0041204,-0.10927,0.40869,-0.4442,0.017705,-0.11327,0.13222,-0.17128,0.75151,-0.74485,0.34317,0.31072,0.0039565,0.054248,0.20232,0.46496,0.091264,0.0047636,0.10846,-0.71261
-0.013845,-0.081048,-0.091957,0.023698,-0.015151,-0.20951,0.38178,-0.51201,0.013098,-0.087775,0.13972,-0.12532,0.70629,-0.75241,0.41146,0.53972,0.005974,0.057588,0.19413,0.42977,0.093939,-0.009484,0.09908,-0.65304
-0.019173,-0.072462,-0.083674,0.021076,-0.01242,-0.29388,0.35806,-0.57711,0.011352,-0.062321,0.14662,-0.073089,0.67683,-0.79888,0.46078,0.68995,0.0046511,0.060528,0.17325,0.37181,0.09335,-0.030761,0.089846,-0.56582
-0.024522,-0.065578,-0.081363,0.017622,-0.0039245,-0.36628,0.33037,-0.63668,0.013405,-0.041179,0.15317,-0.019878,0.6677,-0.86597,0.48001,0.75658,0.00017517,0.065672,0.1465,0.30879,0.09143,-0.057255,0.080346,-0.4735
-0.027665,-0.062374,-0.083035,0.016106,-0.00026801,-0.42235,0.29233,-0.68102,0.016028,-0.031396,0.15948,0.024983,0.67453,-0.9191,0.47071,0.76641,-0.0043411,0.070008,0.12372,0.26013,0.089108,-0.082178,0.070619,-0.39171
-0.027075,-0.061495,-0.083659,0.017637,-0.0070906,-0.44967,0.2454,-0.69706,0.015078,-0.035788,0.16594,0.054992,0.69081,-0.92487,0.44525,0.76228,-0.0050389,0.063993,0.11241,0.23452,0.085564,-0.10443,0.061162,-0.32993
-0.023051,-0.0598,-0.078703,0.019879,-0.023026,-0.43829,0.19826,-0.67662,0.0091465,-0.047744,0.17317,0.072125,0.71445,-0.86619,0.41901,0.77907,-0.00053085,0.037758,0.11383,0.22571,0.078897,-0.13305,0.052625,-0.29387
-0.018116,-0.055393,-0.067501,0.018093,-0.044131,-0.3915,0.1595,-0.62145,0.00048431,-0.053056,0.18148,0.086933,0.74849,-0.74789,0.40182,0.82922,0.0068014,-0.0098585,0.12304,0.21909,0.067584,-0.18192,0.045361,-0.2861
-0.015809,-0.04948,-0.053688,0.0085326,-0.069787,-0.32687,0.13021,-0.54063,-0.0072089,-0.038782,0.19023,0.11258,0.79489,-0.59287,0.39407,0.90721,0.012779,-0.067302,0.13233,0.2033,0.051535,-0.25955,0.039056,-0.30478
-0.018207,-0.045394,-0.042258,-0.0083329,-0.10398,-0.26595,0.10341,-0.44331,-0.011735,-0.0026322,0.19757,0.15702,0.84611,-0.43372,0.38889,1.0042,0.014944,-0.11578,0.13586,0.17753,0.03218,-0.36158,0.032744,-0.34235
-0.023972,-0.04549,-0.035621,-0.027363,-0.15045,-0.2196,0.070991,-0.33348,-0.0134,0.045594,0.20105,0.21925,0.88178,-0.30329,0.37774,1.1145,0.014385,-0.14094,0.13245,0.14945,0.012028,-0.47108,0.025418,-0.38667
-0.028835,-0.048424,-0.031869,-0.041652,-0.20634,-0.17904,0.032083,-0.2101,-0.013587,0.093268,0.19906,0.29272,0.87467,-0.22485,0.35466,1.2269,0.014212,-0.142,0.12481,0.12628,-0.0057238,-0.56554,0.017029,-0.42519
-0.028645,-0.049242,-0.026598,-0.046874,-0.2609,-0.11875,-0.0047282,-0.070681,-0.012773,0.13811,0.19251,0.37279,0.80355,-0.20255,0.31678,1.3114,0.016222,-0.13145,0.11628,0.10699,-0.01765,-0.62629,0.0091464,-0.45003
-0.022705,-0.042697,-0.016596,-0.043979,-0.30171,-0.010131,-0.027674,0.085616,-0.010122,0.19346,0.18517,0.4613,0.66535,-0.21674,0.26247,1.3223,0.018933,-0.12585,0.10735,0.081846,-0.021206,-0.64574,0.0044898,-0.46075
-0.014495,-0.027544,-0.0022081,-0.038286,-0.32458,0.16124,-0.031404,0.25708,-0.0048685,0.27898,0.18195,0.5635,0.47863,-0.23039,0.19081,1.2209,0.018796,-0.13539,0.09467,0.039061,-0.016392,-0.62969,0.0052104,-0.4623
-0.0088961,-0.0083926,0.013467,-0.035565,-0.33933,0.3847,-0.021899,0.43937,0.0021189,0.4024,0.18549,0.67934,0.27603,-0.20761,0.10416,1.0013,0.013379,-0.15959,0.073174,-0.027114,-0.0066337,-0.59396,0.010985,-0.45897
-0.0081097,0.0068046,0.027456,-0.037945,-0.36631,0.62684,-0.012685,0.62502,0.0082904,0.54692,0.19372,0.79699,0.090569,-0.13479,0.011519,0.69563,0.0036513,-0.1911,0.039839,-0.11311,0.0025782,-0.55603,0.018543,-0.44864
-0.0098574,0.012231,0.039019,-0.042688,-0.4252,0.84677,-0.015719,0.80384,0.010918,0.67614,0.20025,0.89543,-0.056152,-0.028465,-0.071478,0.35233,-0.0064804,-0.22237,-0.0035066,-0.20876,0.0070554,-0.52507,0.02345,-0.42196
-0.0095677,0.0086217,0.049164,-0.044729,-0.52321,1.0159,-0.034365,0.9658,0.0087385,0.75467,0.19807,0.95556,-0.15777,0.079339,-0.12817,0.0074018,-0.012728,-0.24874,-0.050275,-0.30243,0.0068978,-0.49584,0.023131,-0.36764
-0.0046683,0.003027,0.058513,-0.04095,-0.65029,1.13,-0.063421,1.106,0.0024304,0.76991,0.18401,0.97191,-0.21956,0.17075,-0.14958,-0.32419,-0.012835,-0.26631,-0.092069,-0.38428,0.0063844,-0.45148,0.018794,-0.28015
0.0029068,0.0037687,0.066079,-0.032736,-0.78418,1.2073,-0.09482,1.2276,-0.0061071,0.7385,0.16082,0.95597,-0.25213,0.26423,-0.14053,-0.62938,-0.0072118,-0.26909,-0.12265,-0.44685,0.010334,-0.37561,0.014504,-0.16397
0.0083492,0.014288,0.070455,-0.024765,-0.90165,1.2738,-0.1233,1.3394,-0.014754,0.69325,0.13551,0.92882,-0.26718,0.40879,-0.11832,-0.87161,0.0021203,-0.25081,-0.14072,-0.48552,0.019565,-0.26702,0.013893,-0.031821
0.0083238,0.030603,0.072107,-0.021136,-0.98865,1.348,-0.14754,1.4481,-0.021766,0.66119,0.1154,0.90908,-0.27578,0.64926,-0.10432,-0.98986,0.012977,-0.21227,-0.15027,-0.5013,0.029076,-0.14707,0.017086,0.1009
0.0040602,0.044358,0.074053,-0.022212,-1.0435,1.4344,-0.1671,1.5523,-0.026083,0.64972,0.10481,0.90491,-0.28687,0.98562,-0.11319,-0.93185,0.023827,-0.16795,-0.15871,-0.50421,0.030466,-0.053487,0.02041,0.21999
0.00032196,0.049106,0.079654,-0.024795,-1.0727,1.5272,-0.17944,1.6417,-0.027713,0.64923,0.10427,0.9142,-0.30426,1.3578,-0.14584,-0.69765,0.033861,-0.14454,-0.17386,-0.51322,0.016716,-0.023408,0.019185,0.31236
0.0011593,0.044986,0.089303,-0.025166,-1.0828,1.6182,-0.18031,1.7031,-0.028027,0.64643,0.11187,0.92967,-0.32381,1.6723,-0.18968,-0.35609,0.04279,-0.16929,-0.20088,-0.54963,-0.014159,-0.075482,0.011328,0.36452
0.0063225,0.038364,0.099321,-0.02201,-1.0743,1.7005,-0.16744,1.7279,-0.029346,0.63466,0.12487,0.94246,-0.33442,1.8556,-0.22512,-0.014729,0.050688,-0.25475,-0.24017,-0.62666,-0.05872,-0.20159,-0.0011588,0.3646
0.011625,0.036968,0.10457,-0.016621,-1.0392,1.7669,-0.14409,1.7152,-0.033639,0.6126,0.1404,0.94131,-0.32373,1.8998,-0.23454,0.23895,0.057836,-0.3904,-0.28681,-0.74181,-0.11022,-0.37144,-0.013894,0.30895
0.012933,0.044426,0.10275,-0.010715,-0.9636,1.8071,-0.11924,1.6688,-0.04108,0.57571,0.15548,0.91074,-0.28536,1.8652,-0.2091,0.38382,0.06446,-0.54756,-0.33221,-0.87792,-0.161,-0.54535,-0.02341,0.20834
0.010122,0.058281,0.096528,-0.0044889,-0.83166,1.8102,-0.10425,1.5942,-0.049671,0.51234,0.16726,0.83406,-0.22231,1.8374,-0.15094,0.4661,0.0705,-0.69468,-0.36755,-1.0128,-0.20375,-0.68684,-0.029244,0.086673
0.0073128,0.072637,0.091338,0.0029603,-0.63226,1.7718,-0.10792,1.4973,-0.056416,0.41187,0.17385,0.7028,-0.14433,1.8677,-0.070717,0.55535,0.075579,-0.81296,-0.38774,-1.1311,-0.23226,-0.76998,-0.033297,-0.028893
0.0090336,0.082967,0.090666,0.011613,-0.36653,1.701,-0.13296,1.3883,-0.059273,0.27944,0.17488,0.52683,-0.061979,1.9392,0.017117,0.68763,0.079142,-0.90265,-0.3935,-1.2303,-0.24278,-0.78155,-0.037409,-0.11974
0.015713,0.089149,0.092971,0.019498,-0.054354,1.6193,-0.1751,1.2843,-0.058411,0.14296,0.1712,0.33641,0.01731,1.9817,0.098546,0.83522,0.080555,-0.97729,-0.39018,-1.3179,-0.23574,-0.72138,-0.041548,-0.17982
0.02265,0.0944,0.093028,0.024159,0.26531,1.5528,-0.22475,1.2062,-0.055849,0.042907,0.16385,0.17155,0.088758,1.9242,0.16203,0.92174,0.079079,-1.0512,-0.38402,-1.4021,-0.21601,-0.60272,-0.044202,-0.20899
0.023694,0.10124,0.086479,0.025161,0.54406,1.5217,-0.27011,1.1715,-0.053754,0.0095278,0.15331,0.063952,0.1474,1.7449,0.19888,0.87006,0.073954,-1.1291,-0.37829,-1.4834,-0.19038,-0.45117,-0.044465,-0.20322
0.016658,0.10814,0.073573,0.024797,0.7416,1.5342,-0.30114,1.1862,-0.05266,0.043913,0.13971,0.022662,0.18709,1.4844,0.20375,0.65018,0.064738,-1.2035,-0.37236,-1.5531,-0.16344,-0.29949,-0.043671,-0.15317
0.0057377,0.11,0.058896,0.025899,0.84199,1.5852,-0.3131,1.2427,-0.050851,0.1177,0.12371,0.032727,0.2032,1.2175,0.17636,0.29754,0.051715,-1.2604,-0.36387,-1.5985,-0.13511,-0.17815,-0.044897,-0.055012
-0.0014496,0.10251,0.047568,0.028858,0.85799,1.6593,-0.30843,1.3247,-0.04534,0.19169,0.10701,0.066508,0.19649,1.0091,0.12295,-0.10594,0.035887,-1.2873,-0.35214,-1.6104,-0.1024,-0.10551,-0.050538,0.075656
-2.6975e-005,0.086745,0.041417,0.031014,0.82023,1.7341,-0.29524,1.4131,-0.033848,0.23905,0.092141,0.098616,0.17439,0.88626,0.054595,-0.47202,0.018421,-1.2783,-0.33939,-1.589,-0.063967,-0.08309,-0.059966,0.20223
0.00792,0.069834,0.038293,0.02933,0.75898,1.7855,-0.28261,1.4906,-0.016543,0.25611,0.081473,0.11431,0.14782,0.84025,-0.018447,-0.74134,8.8557e-005,-1.2337,-0.32888,-1.5445,-0.023421,-0.098749,-0.069379,0.28437
0.014814,0.060471,0.034671,0.023836,0.69119,1.7952,-0.27461,1.5406,0.0035489,0.25463,0.076273,0.10821,0.12592,0.84642,-0.093019,-0.89596,-0.018617,-1.1557,-0.32139,-1.4926,0.012176,-0.13533,-0.074282,0.30383
0.013783,0.06257,0.028811,0.018396,0.62055,1.7587,-0.267,1.5483,0.021809,0.24485,0.075916,0.078679,0.11261,0.87951,-0.17402,-0.94918,-0.036633,-1.0447,-0.31349,-1.4487,0.037564,-0.179,-0.072872,0.27847
0.0044796,0.072134,0.02172,0.017752,0.54697,1.6892,-0.24947,1.5048,0.034298,0.22435,0.077604,0.025441,0.1071,0.91439,-0.26698,-0.92569,-0.051641,-0.89855,-0.29917,-1.4205,0.053591,-0.22313,-0.067744,0.25142
-0.0064353,0.079982,0.015569,0.023415,0.47463,1.6111,-0.21244,1.4162,0.039686,0.18145,0.076941,-0.047307,0.10738,0.92085,-0.36654,-0.84578,-0.060586,-0.71539,-0.27351,-1.4041,0.066285,-0.2677,-0.064407,0.26215
-0.010704,0.078139,0.011517,0.032049,0.41123,1.5464,-0.15444,1.307,0.03959,0.10851,0.069771,-0.12723,0.11348,0.8682,-0.45095,-0.71865,-0.061427,-0.49744,-0.2357,-1.3847,0.081128,-0.31771,-0.067454,0.32085
-0.0052682,0.064832,0.0090134,0.037816,0.36038,1.5023,-0.084762,1.2139,0.037079,0.013138,0.054839,-0.19619,0.12778,0.74403,-0.49031,-0.54259,-0.054908,-0.25371,-0.18922,-1.3435,0.097543,-0.3828,-0.077098,0.40503
0.0052541,0.044561,0.0067968,0.036643,0.31613,1.4698,-0.019426,1.168,0.034283,-0.082057,0.035614,-0.23938,0.15252,0.57194,-0.46585,-0.30917,-0.044785,-0.00074963,-0.13988,-1.2688,0.10865,-0.47623,-0.088701,0.47826
0.012428,0.02404,0.0041145,0.028915,0.26596,1.4336,0.026977,1.1767,0.03072,-0.15084,0.019364,-0.2547,0.18659,0.40623,-0.38725,-0.012874,-0.03599,0.23862,-0.093673,-1.1637,0.1067,-0.61026,-0.095773,0.51389
0.010781,0.007849,0.00088595,0.01867,0.20031,1.3846,0.048139,1.2173,0.023474,-0.17725,0.013224,-0.25423,0.22451,0.29685,-0.29326,0.33325,-0.031873,0.43862,-0.055841,-1.0445,0.089437,-0.78756,-0.094428,0.50522
0.0017581,-0.0029884,-0.0029716,0.010379,0.12043,1.3265,0.047344,1.2498,0.0090982,-0.16299,0.019568,-0.25578,0.25862,0.24482,-0.23194,0.683,-0.03244,0.57593,-0.030418,-0.92938,0.061819,-0.99438,-0.086177,0.45867
-0.0081765,-0.0094608,-0.0078213,0.0060804,0.038104,1.27,0.033259,1.2416,-0.013981,-0.12491,0.034192,-0.27076,0.28282,0.18394,-0.2325,0.95789,-0.034864,0.63592,-0.019251,-0.82466,0.031787,-1.2027,-0.077151,0.38257
-0.013147,-0.0124,-0.013599,0.0049332,-0.031754,1.2222,0.01408,1.1872,-0.043936,-0.085452,0.048991,-0.29714,0.29504,0.010648,-0.28784,1.0734,-0.035823,0.61707,-0.020474,-0.72085,0.0040728,-1.3823,-0.074414,0.28596
-0.012106,-0.011713,-0.018971,0.0050332,-0.079447,1.1811,-0.0056152,1.1092,-0.075501,-0.062126,0.057246,-0.32213,0.29644,-0.35106,-0.36073,0.98194,-0.033881,0.53119,-0.028049,-0.60189,-0.022276,-1.5161,-0.081899,0.18775
-0.0083939,-0.007049,-0.0217,0.0056478,-0.10397,1.1392,-0.023982,1.0409,-0.10121,-0.060769,0.05733,-0.33177,0.28869,-0.89285,-0.40864,0.70629,-0.030149,0.39945,-0.033753,-0.46074,-0.050619,-1.6053,-0.098448,0.12136
-0.0057905,0.0014042,-0.020388,0.0080116,-0.11082,1.0929,-0.039203,1.0034,-0.11333,-0.074823,0.051925,-0.32076,0.2724,-1.5135,-0.40926,0.33627,-0.026887,0.24722,-0.031041,-0.30724,-0.081126,-1.66,-0.11869,0.12059
-0.0051388,0.012824,-0.016135,0.014167,-0.10736,1.0481,-0.048246,0.99445,-0.10609,-0.090296,0.043732,-0.29719,0.24893,-2.0644,-0.36858,-0.01491,-0.025367,0.10023,-0.018297,-0.16049,-0.10854,-1.6831,-0.13565,0.19016
-0.0044802,0.025978,-0.012407,0.024877,-0.099066,1.0178,-0.048295,0.99607,-0.077952,-0.094143,0.031744,-0.28023,0.22383,-2.4175,-0.30793,-0.26886,-0.024855,-0.018064,0.00079126,-0.03213,-0.12589,-1.6613,-0.14333,0.28463
-0.0019397,0.039072,-0.012864,0.038286,-0.087806,1.013,-0.039073,0.99364,-0.033185,-0.082054,0.011584,-0.29161,0.20761,-2.5115,-0.24272,-0.41597,-0.023547,-0.090065,0.019851,0.083855,-0.13108,-1.5728,-0.13833,0.32047
0.0018811,0.04935,-0.018812,0.050417,-0.072114,1.0344,-0.023461,0.98907,0.018291,-0.061077,-0.020269,-0.34378,0.21088,-2.3585,-0.17097,-0.50345,-0.020553,-0.10979,0.033313,0.20439,-0.13005,-1.4063,-0.12058,0.22268
0.0043313,0.053373,-0.028355,0.057226,-0.049114,1.0708,-0.0056812,0.9978,0.063615,-0.044703,-0.062017,-0.42976,0.23619,-2.0214,-0.080306,-0.58961,-0.017084,-0.087639,0.038371,0.33865,-0.13291,-1.1747,-0.093387,-0.02296
0.0032483,0.048468,-0.037908,0.056733,-0.017881,1.1032,0.011108,1.0329,0.091756,-0.042779,-0.10572,-0.5214,0.27364,-1.5878,0.034493,-0.70089,-0.015696,-0.048817,0.0347,0.47428,-0.14541,-0.90983,-0.062754,-0.35191
-0.0010906,0.03458,-0.0447,0.049711,0.017481,1.1133,0.025494,1.0905,0.098285,-0.052999,-0.14092,-0.57957,0.30563,-1.151,0.15993,-0.82268,-0.01816,-0.023295,0.023197,0.5818,-0.16273,-0.64479,-0.035385,-0.6547
-0.0064161,0.015006,-0.048241,0.038595,0.04798,1.09,0.036489,1.1498,0.087487,-0.060624,-0.16013,-0.57203,0.31904,-0.78942,0.26945,-0.92567,-0.023786,-0.031618,0.005443,0.63453,-0.17132,-0.39705,-0.01573,-0.84125
-0.01056,-0.0048014,-0.049729,0.025778,0.064551,1.034,0.042287,1.1872,0.070247,-0.047458,-0.16231,-0.48798,0.31557,-0.54036,0.34217,-0.99943,-0.029688,-0.075644,-0.015686,0.6278,-0.15795,-0.16807,-0.003627,-0.89008
-0.012926,-0.01968,-0.050259,0.012861,0.065035,0.95614,0.041136,1.1927,0.058586,-0.0038505,-0.15267,-0.33929,0.3107,-0.37897,0.37885,-1.0611,-0.032875,-0.14062,-0.035489,0.58186,-0.11953,0.043141,0.0055459,-0.84881
-0.014007,-0.026885,-0.049579,0.0012448,0.057745,0.87256,0.033851,1.1746,0.059848,0.065417,-0.13936,-0.14845,0.32053,-0.22842,0.40165,-1.1316,-0.032429,-0.20674,-0.048415,0.52754,-0.066039,0.22685,0.017684,-0.7912
-0.013833,-0.026797,-0.046499,-0.0071308,0.057574,0.79762,0.025048,1.1486,0.073963,0.14586,-0.12963,0.065356,0.34597,-0.0092506,0.4374,-1.2035,-0.02996,-0.26106,-0.050585,0.48773,-0.014489,0.36336,0.035564,-0.76776
-0.011333,-0.022224,-0.04044,-0.010357,0.076319,0.73753,0.020756,1.1224,0.095259,0.22461,-0.12742,0.28954,0.36806,0.29959,0.49807,-1.2347,-0.027942,-0.30091,-0.042103,0.46939,0.021377,0.43663,0.056402,-0.78651
-0.0054542,-0.016946,-0.032579,-0.008302,0.11409,0.68895,0.023493,1.0883,0.11732,0.29876,-0.13311,0.50914,0.35994,0.63565,0.57373,-1.1802,-0.027407,-0.32779,-0.027165,0.46931,0.038093,0.44733,0.07336,-0.83011
0.0031268,-0.014068,-0.0254,-0.0036421,0.15843,0.64336,0.029016,1.032,0.13739,0.37418,-0.14477,0.69699,0.3072,0.89134,0.64252,-1.0337,-0.027112,-0.33894,-0.011639,0.4841,0.041622,0.4132,0.080091,-0.8845
0.011652,-0.014567,-0.02096,-0.00044893,0.19202,0.59446,0.028385,0.94776,0.15733,0.45631,-0.16009,0.8174,0.22066,0.99245,0.68799,-0.8404,-0.025006,-0.32585,0.00015643,0.51324,0.040495,0.35755,0.074963,-0.95018
0.016945,-0.016654,-0.019373,-0.00098483,0.20306,0.54364,0.014674,0.84787,0.18089,0.54164,-0.17754,0.84521,0.13049,0.95666,0.70919,-0.66376,-0.020672,-0.28171,0.0071303,0.55336,0.039019,0.29787,0.061749,-1.0301
0.0177,-0.01674,-0.018904,-0.0035523,0.19103,0.49995,-0.01073,0.75684,0.20954,0.61723,-0.19642,0.7864,0.065543,0.88226,0.71641,-0.53361,-0.016312,-0.21089,0.010745,0.59245,0.03558,0.24425,0.046316,-1.1137
0.015306,-0.011953,-0.017653,-0.0037599,0.16448,0.47419,-0.037579,0.69509,0.2403,0.66871,-0.21595,0.68157,0.03375,0.87222,0.7179,-0.42515,-0.015038,-0.13067,0.013231,0.61324,0.026243,0.20542,0.032018,-1.178
0.012479,-0.0026909,-0.015307,0.001536,0.13393,0.47085,-0.05289,0.66453,0.26686,0.68921,-0.2344,0.58577,0.018691,0.95252,0.71005,-0.29162,-0.017792,-0.061741,0.016533,0.60508,0.0094858,0.19127,0.017503,-1.2092
0.011013,0.0070141,-0.013336,0.011083,0.10597,0.48243,-0.049192,0.64672,0.28299,0.68193,-0.24945,0.5374,-0.0061228,1.0505,0.67908,-0.12217,-0.021821,-0.014413,0.022513,0.57392,-0.012279,0.20586,-0.0013218,-1.2199
0.010696,0.012151,-0.013413,0.019853,0.082091,0.4897,-0.028651,0.61432,0.28558,0.65446,-0.25949,0.53793,-0.057591,1.0515,0.61159,0.03143,-0.022514,0.018229,0.033274,0.53964,-0.035242,0.23708,-0.026869,-1.2433
0.010212,0.010654,-0.015567,0.022996,0.06144,0.46879,-0.00038247,0.54729,0.2755,0.61044,-0.26478,0.55594,-0.1336,0.88763,0.50403,0.088495,-0.017313,0.054034,0.050383,0.52152,-0.05781,0.25626,-0.056671,-1.303
0.0089387,0.0053592,-0.01791,0.019688,0.043677,0.40228,0.026228,0.44313,0.2562,0.54555,-0.26706,0.5502,-0.21947,0.58725,0.36296,0.0049796,-0.0082278,0.10719,0.073286,0.52306,-0.081611,0.23271,-0.084017,-1.3857
0.0077678,0.0021416,-0.01832,0.01366,0.029331,0.28834,0.046765,0.31561,0.23174,0.45073,-0.26783,0.49354,-0.30251,0.24604,0.19716,-0.19154,-0.00044564,0.17672,0.09858,0.52913,-0.10906,0.15319,-0.10185,-1.443
0.0081488,0.0055424,-0.016542,0.010281,0.018159,0.14127,0.062414,0.18448,0.20562,0.32004,-0.2668,0.38226,-0.38101,-0.054539,0.010216,-0.43292,0.0019688,0.24643,0.1213,0.51768,-0.13992,0.02961,-0.10681,-1.4247
0.010364,0.015375,-0.01468,0.012827,0.0079684,-0.01875,0.077265,0.063191,0.18091,0.15765,-0.26204,0.2295,-0.46078,-0.31273,-0.19808,-0.67964,-0.00051158,0.29529,0.13741,0.4758,-0.17032,-0.11219,-0.10035,-1.3188
0.012818,0.026923,-0.015501,0.020737,-0.0044501,-0.18062,0.095761,-0.048422,0.16076,-0.019761,-0.25194,0.053308,-0.54336,-0.60248,-0.42106,-0.96091,-0.0035141,0.30969,0.14549,0.40727,-0.19492,-0.25204,-0.086859,-1.165
0.013169,0.034361,-0.020021,0.030479,-0.020723,-0.35055,0.12211,-0.16307,0.14844,-0.18587,-0.23691,-0.12892,-0.61706,-1.0031,-0.63423,-1.3431,-0.0029407,0.28938,0.14627,0.3269,-0.2103,-0.38535,-0.070704,-1.0276
0.01036,0.034567,-0.026523,0.037782,-0.038438,-0.54513,0.16044,-0.29845,0.14664,-0.31166,-0.21907,-0.29733,-0.65852,-1.5179,-0.79522,-1.8506,0.0011483,0.24547,0.1411,0.24818,-0.21641,-0.51519,-0.054805,-0.94995
0.0057064,0.028618,-0.031864,0.039682,-0.050283,-0.77261,0.21358,-0.4679,0.15651,-0.37417,-0.20033,-0.42479,-0.6438,-2.0432,-0.85938,-2.4109,0.0045693,0.19452,0.13122,0.17565,-0.21495,-0.63613,-0.041059,-0.92503
0.0019917,0.02036,-0.033879,0.035737,-0.045264,-1.0174,0.28092,-0.67436,0.17695,-0.36447,-0.18082,-0.47915,-0.56115,-2.4097,-0.80377,-2.8742,0.0029965,0.15375,0.11868,0.10687,-0.20646,-0.72784,-0.03102,-0.90388
0.001279,0.013629,-0.03286,0.028248,-0.012026,-1.2423,0.35737,-0.90974,0.20462,-0.29178,-0.1597,-0.43449,-0.41768,-2.4661,-0.64379,-3.0948,-0.0037446,0.13865,0.10742,0.04021,-0.18884,-0.76604,-0.025419,-0.834
0.0032853,0.01021,-0.031006,0.02131,0.055927,-1.4098,0.43525,-1.1585,0.23436,-0.18155,-0.13762,-0.28519,-0.23714,-2.1517,-0.42952,-3.0043,-0.011026,0.16106,0.10257,-0.019747,-0.15844,-0.74082,-0.022952,-0.69653
0.0056614,0.009606,-0.03049,0.018667,0.1545,-1.5071,0.50745,-1.4022,0.26002,-0.067998,-0.11822,-0.053245,-0.051285,-1.5179,-0.22146,-2.6219,-0.013069,0.22579,0.10761,-0.063216,-0.11282,-0.66443,-0.020209,-0.51528
0.0058665,0.010189,-0.03179,0.021248,0.26599,-1.5536,0.56856,-1.6241,0.27575,0.015357,-0.10664,0.21703,0.11023,-0.69699,-0.060793,-2.0067,-0.0077243,0.32688,0.12158,-0.080338,-0.052884,-0.56124,-0.01371,-0.33508
0.0030103,0.010521,-0.033514,0.026135,0.36254,-1.5869,0.61293,-1.8116,0.27743,0.043157,-0.10575,0.47553,0.2272,0.15337,0.045648,-1.211,0.0017172,0.44614,0.13911,-0.065605,0.016758,-0.44992,-0.0027138,-0.1896
-0.0017908,0.0098546,-0.033652,0.028181,0.4169,-1.6356,0.63219,-1.961,0.26407,0.0018644,-0.11348,0.68626,0.29136,0.89706,0.11578,-0.28819,0.0091079,0.55649,0.15377,-0.019436,0.089037,-0.33524,0.009839,-0.083487
-0.0065808,0.0077661,-0.03122,0.023548,0.41591,-1.706,0.61629,-2.0797,0.23834,-0.10956,-0.1238,0.84003,0.304,1.4391,0.1672,0.65558,0.010093,0.63021,0.16237,0.051781,0.15618,-0.21607,0.019437,0.0013638
-0.010008,0.0037334,-0.027022,0.01268,0.36875,-1.7897,0.55833,-2.1866,0.20591,-0.28056,-0.13083,0.95215,0.27134,1.7251,0.19817,1.4335,0.0050226,0.6494,0.16661,0.136,0.21126,-0.099288,0.023475,0.084699
-0.011807,-0.0025426,-0.022996,0.00035302,0.30439,-1.8858,0.45941,-2.3043,0.1734,-0.49165,-0.13262,1.0448,0.20067,1.7387,0.19022,1.8315,-0.0018866,0.6145,0.17117,0.21752,0.24931,-0.003078,0.022971,0.16982
-0.01223,-0.010185,-0.020578,-0.0074514,0.25949,-2.0135,0.32821,-2.447,0.14582,-0.71968,-0.13177,1.1234,0.099613,1.5062,0.12887,1.7297,-0.0059844,0.54636,0.18006,0.28265,0.26805,0.055313,0.021015,0.2403
-0.011393,-0.016692,-0.019348,-0.0076181,0.26481,-2.201,0.17518,-2.6098,0.12425,-0.94451,-0.13288,1.1625,-0.022761,1.1003,0.022338,1.202,-0.0052732,0.4792,0.19454,0.32706,0.26813,0.075321,0.019597,0.27097
-0.0093906,-0.019032,-0.017156,-0.001904,0.33747,-2.4565,0.0066168,-2.7669,0.10544,-1.1531,-0.13931,1.1127,-0.15562,0.62558,-0.099398,0.50494,-0.0010754,0.44611,0.21371,0.35901,0.25254,0.075147,0.018007,0.24404
-0.0069187,-0.015855,-0.011903,0.0045888,0.48018,-2.748,-0.17534,-2.8821,0.083709,-1.3378,-0.1521,0.9279,-0.28848,0.17936,-0.20448,-0.05671,0.0035602,0.46372,0.23661,0.39354,0.22568,0.075938,0.014342,0.16034
-0.0054179,-0.0089556,-0.0036859,0.0072987,0.68278,-3.0111,-0.36583,-2.9279,0.05503,-1.4896,-0.1709,0.59511,-0.41365,-0.19014,-0.27946,-0.29876,0.0060199,0.52475,0.26303,0.44037,0.19227,0.082117,0.0084273,0.040509
-0.0061711,-0.0022957,0.0046015,0.0055197,0.92149,-3.183,-0.55007,-2.8996,0.021053,-1.5954,-0.19499,0.14864,-0.52543,-0.49617,-0.3318,-0.24093,0.0053619,0.60404,0.29246,0.49539,0.15659,0.077061,0.0029977,-0.083597
-0.0090646,0.00095624,0.0091197,0.0026604,1.1581,-3.2369,-0.70357,-2.8152,-0.0098775,-1.6421,-0.22275,-0.34236,-0.61609,-0.78011,-0.37386,-0.048815,0.0023416,0.67462,0.32259,0.54421,0.12177,0.039535,0.0016797,-0.18222
-0.012352,0.00085677,0.0081517,0.0032649,1.3461,-3.1911,-0.80231,-2.7015,-0.026384,-1.6283,-0.25028,-0.80314,-0.67348,-1.0557,-0.40507,0.11248,-0.0011969,0.72358,0.34957,0.57619,0.089312,-0.033566,0.0055986,-0.23898
-0.013938,0.0002308,0.0038218,0.0090827,1.4458,-3.0873,-0.83626,-2.577,-0.020999,-1.5711,-0.27153,-1.18,-0.68601,-1.2802,-0.41003,0.19652,-0.0030607,0.7567,0.36988,0.59697,0.059337,-0.11928,0.011929,-0.25438
-0.013128,0.0015537,0.00076851,0.017251,1.4436,-2.9594,-0.81659,-2.4454,0.0040456,-1.4994,-0.2809,-1.4494,-0.65387,-1.3841,-0.37358,0.28023,-0.0015362,0.78949,0.38227,0.62717,0.03181,-0.18342,0.015951,-0.24046
-0.011174,0.0040426,0.0026771,0.02209,1.3595,-2.8196,-0.7707,-2.3041,0.036622,-1.4351,-0.27672,-1.6105,-0.59711,-1.3438,-0.2975,0.46602,0.0036921,0.83252,0.38759,0.6867,0.0083447,-0.20568,0.014872,-0.21095
-0.0099864,0.0038942,0.0095813,0.019243,1.2355,-2.6697,-0.72826,-2.1593,0.061003,-1.3764,-0.26257,-1.6736,-0.5506,-1.2344,-0.2026,0.77158,0.010975,0.88298,0.38713,0.77716,-0.0072,-0.19332,0.00999,-0.17414
-0.010233,-0.0021802,0.018267,0.0090767,1.11,-2.523,-0.7076,-2.0334,0.066681,-1.2995,-0.24491,-1.6551,-0.54555,-1.2111,-0.11543,1.0987,0.017171,0.92882,0.38148,0.87773,-0.010685,-0.17282,0.0053702,-0.13308
-0.01072,-0.013129,0.025332,-0.0032399,0.99499,-2.4096,-0.71054,-1.9548,0.053672,-1.1784,-0.22869,-1.5779,-0.59049,-1.4194,-0.053558,1.3021,0.019301,0.9609,0.37131,0.95875,-0.0014836,-0.16779,0.0044041,-0.091265
-0.0097255,-0.023039,0.03006,-0.011046,0.87381,-2.3585,-0.72694,-1.9392,0.030804,-1.0085,-0.2141,-1.4695,-0.66715,-1.8959,-0.023453,1.2994,0.016477,0.98201,0.35926,1.0022,0.01492,-0.18232,0.0074449,-0.057685
-0.0069676,-0.024874,0.034535,-0.010476,0.7204,-2.3711,-0.74357,-1.9755,0.0087938,-0.81307,-0.19685,-1.3531,-0.74544,-2.5315,-0.030204,1.1375,0.010654,1.0051,0.35033,1.0124,0.028473,-0.20163,0.012449,-0.045703
-0.0041832,-0.015795,0.041131,-0.0027396,0.52455,-2.4118,-0.75068,-2.0298,-0.0065216,-0.62639,-0.17135,-1.2366,-0.80557,-3.1256,-0.085107,0.96939,0.0054602,1.0428,0.34962,1.0095,0.030129,-0.20624,0.017588,-0.065794
-0.0035773,0.00016085,0.049964,0.006977,0.30419,-2.4273,-0.74328,-2.0644,-0.016253,-0.46824,-0.13439,-1.1107,-0.84892,-3.4905,-0.19934,0.96376,0.0038213,1.097,0.35893,1.0119,0.017641,-0.18596,0.023053,-0.11751
-0.0055382,0.01434,0.058785,0.012915,0.095615,-2.3803,-0.71963,-2.0585,-0.025576,-0.33134,-0.086961,-0.96027,-0.88992,-3.5364,-0.36766,1.2108,0.0061474,1.1583,0.37551,1.0225,-0.0031,-0.14363,0.03033,-0.18659
-0.0078262,0.019203,0.065228,0.012035,-0.069464,-2.273,-0.68098,-2.0159,-0.039259,-0.19213,-0.033372,-0.77985,-0.93807,-3.2899,-0.55887,1.6808,0.010376,1.2135,0.39424,1.0296,-0.022545,-0.089868,0.039928,-0.24905
-0.0071567,0.01336,0.068996,0.0052766,-0.18243,-2.1436,-0.63399,-1.9584,-0.05913,-0.0344,0.020979,-0.58262,-0.98766,-2.8528,-0.72597,2.2501,0.013646,1.2558,0.41141,1.0187,-0.034342,-0.036519,0.050081,-0.2793
-0.0018931,0.0022741,0.071783,-0.0035494,-0.25888,-2.0389,-0.59243,-1.9095,-0.084191,0.13534,0.071574,-0.39513,-1.024,-2.3449,-0.83108,2.7677,0.01414,1.2887,0.42665,0.9854,-0.039094,0.0056659,0.057858,-0.25838
0.0064738,-0.0057697,0.075151,-0.010133,-0.32393,-1.9838,-0.57361,-1.8803,-0.11161,0.29189,0.11533,-0.24452,-1.0387,-1.8657,-0.8655,3.1195,0.011772,1.3213,0.44156,0.94005,-0.042217,0.02723,0.061545,-0.18039
0.014317,-0.0054048,0.078748,-0.011885,-0.39455,-1.9665,-0.58856,-1.8627,-0.13697,0.4078,0.14997,-0.14851,-1.0379,-1.4841,-0.84826,3.2606,0.0076465,1.3613,0.45671,0.90205,-0.048251,0.022387,0.061897,-0.05731
0.018444,0.0024594,0.080809,-0.0090071,-0.47154,-1.9463,-0.63126,-1.8311,-0.15424,0.46583,0.17336,-0.11329,-1.0344,-1.2364,-0.80489,3.2061,0.0032129,1.4107,0.4703,0.89024,-0.056928,-0.0063354,0.061053,0.078997
0.018095,0.011823,0.080376,-0.0041203,-0.54471,-1.8765,-0.67607,-1.7513,-0.15736,0.459,0.18381,-0.13523,-1.0305,-1.1225,-0.74524,2.9989,-0.00013792,1.4681,0.47988,0.91605,-0.064502,-0.046498,0.060404,0.18147
0.014904,0.016148,0.078787,-0.00071355,-0.60426,-1.729,-0.68816,-1.5957,-0.14383,0.38514,0.18154,-0.20006,-1.0071,-1.1024,-0.65868,2.6776,-0.0011624,1.5327,0.48521,0.98229,-0.068901,-0.081808,0.059752,0.20213
0.011188,0.012869,0.078661,-0.0011653,-0.64855,-1.5082,-0.64273,-1.3586,-0.11817,0.2484,0.16981,-0.27976,-0.93114,-1.1081,-0.52902,2.2671,0.00087874,1.6061,0.48932,1.0858,-0.073771,-0.10314,0.058571,0.11265
0.0082779,0.0048146,0.08128,-0.0053804,-0.68347,-1.247,-0.54043,-1.0621,-0.091799,0.069837,0.15449,-0.33458,-0.77548,-1.0723,-0.3542,1.7921,0.0055703,1.6886,0.4963,1.2203,-0.087351,-0.11554,0.057754,-0.079329
0.0062266,-0.0020532,0.085093,-0.010886,-0.71589,-0.98663,-0.40736,-0.74756,-0.077705,-0.10512,0.14195,-0.32597,-0.53847,-0.95798,-0.15312,1.298,0.011152,1.7731,0.50772,1.3764,-0.11659,-0.1339,0.059468,-0.32986
0.0048177,-0.0026438,0.087033,-0.014368,-0.74748,-0.75293,-0.27833,-0.45391,-0.082714,-0.21632,0.13671,-0.23573,-0.24857,-0.76989,0.044835,0.84994,0.015424,1.8434,0.52086,1.5399,-0.16089,-0.16953,0.06478,-0.57711
0.0045838,0.0043492,0.085515,-0.01361,-0.77298,-0.54191,-0.17491,-0.19857,-0.10244,-0.21537,0.14076,-0.077682,0.04734,-0.54137,0.21687,0.50375,0.017284,1.8784,0.53009,1.6905,-0.21026,-0.21858,0.071363,-0.76902
0.0067072,0.016278,0.082118,-0.0085113,-0.78355,-0.3269,-0.094171,0.025,-0.12311,-0.091868,0.15485,0.10913,0.30299,-0.30976,0.35529,0.26673,0.01755,1.8614,0.53026,1.8044,-0.24913,-0.2623,0.07413,-0.88342
0.011859,0.028685,0.08019,-0.00065579,-0.77219,-0.081903,-0.016057,0.23124,-0.12987,0.12029,0.17982,0.28302,0.48786,-0.098465,0.46232,0.08616,0.018144,1.7883,0.51917,1.8617,-0.26328,-0.27965,0.069065,-0.92961
0.019096,0.037957,0.08163,0.0079078,-0.73882,0.19587,0.077501,0.42284,-0.11643,0.36099,0.2161,0.42175,0.59264,0.086924,0.53883,-0.11436,0.02025,1.6702,0.49787,1.8575,-0.24559,-0.2616,0.057211,-0.93254
0.025909,0.042768,0.084962,0.015528,-0.69269,0.48302,0.18764,0.5863,-0.089421,0.57267,0.26138,0.52771,0.62637,0.2546,0.57888,-0.37282,0.023133,1.5292,0.4697,1.8064,-0.1979,-0.21507,0.045082,-0.91237
0.029537,0.043824,0.08656,0.020983,-0.65086,0.7501,0.29919,0.70786,-0.064475,0.7205,0.3091,0.61415,0.60998,0.42313,0.57442,-0.65374,0.024793,1.3886,0.4395,1.7376,-0.12908,-0.15369,0.040568,-0.87305
0.028559,0.042567,0.083809,0.023241,-0.63276,0.98862,0.3944,0.7949,-0.05635,0.79572,0.35059,0.68624,0.56919,0.61803,0.52382,-0.8771,0.023887,1.2636,0.41332,1.6785,-0.051267,-0.084213,0.047376,-0.80566
0.023631,0.039971,0.077173,0.0217,-0.65256,1.2214,0.46641,0.88167,-0.070136,0.80795,0.38016,0.73479,0.52754,0.86114,0.43461,-0.99329,0.021137,1.1565,0.39725,1.6385,0.023827,-0.0014016,0.062421,-0.70188
0.016898,0.036101,0.069365,0.016875,-0.71318,1.485,0.52024,1.0106,-0.099489,0.77743,0.39951,0.74824,0.50034,1.1511,0.31761,-1.0387,0.018873,1.0582,0.39454,1.6047,0.087393,0.10342,0.078113,-0.56734
0.010678,0.030467,0.062692,0.010638,-0.80551,1.7965,0.56186,1.2025,-0.13267,0.73071,0.417,0.7313,0.49128,1.4462,0.17934,-1.1163,0.019124,0.95677,0.4026,1.5528,0.13473,0.22752,0.087423,-0.42555
0.0063397,0.022704,0.057284,0.005311,-0.9133,2.1302,0.58718,1.439,-0.16127,0.69548,0.44142,0.71182,0.49366,1.6664,0.021672,-1.3119,0.021973,0.84719,0.41283,1.4671,0.16538,0.349,0.087605,-0.30927
0.0039702,0.01309,0.051702,0.0021361,-1.0202,2.425,0.58291,1.6717,-0.18478,0.69067,0.47468,0.72738,0.49594,1.7192,-0.14919,-1.617,0.025551,0.73549,0.41459,1.3514,0.18236,0.43467,0.080185,-0.24348
0.0027126,0.0026465,0.044929,0.00047864,-1.1143,2.6171,0.54,1.8499,-0.20798,0.71564,0.50915,0.80118,0.48853,1.5393,-0.31279,-1.9322,0.027499,0.63236,0.40095,1.2236,0.19089,0.45969,0.06834,-0.22918
0.0013693,-0.0071141,0.037513,-0.0013434,-1.1871,2.6757,0.46799,1.9473,-0.23431,0.74807,0.53229,0.92671,0.4682,1.1192,-0.43498,-2.1507,0.026443,0.53965,0.37136,1.0974,0.1969,0.42617,0.054721,-0.23862
-0.00098439,-0.014616,0.030855,-0.004257,-1.2297,2.6178,0.39644,1.9696,-0.26137,0.75532,0.5354,1.0736,0.43877,0.51756,-0.48279,-2.2479,0.022337,0.44079,0.32907,0.96836,0.20554,0.36781,0.041459,-0.22735
-0.0044214,-0.018705,0.025752,-0.0073151,-1.2302,2.4935,0.3601,1.9433,-0.28221,0.71343,0.51988,1.2098,0.4093,-0.15652,-0.44489,-2.2922,0.015812,0.30564,0.27562,0.81802,0.21986,0.33652,0.031191,-0.15874
-0.00783,-0.019177,0.021936,-0.0083556,-1.1748,2.3562,0.37774,1.8973,-0.291,0.62071,0.4964,1.3218,0.39147,-0.77448,-0.34237,-2.3656,0.0076321,0.11028,0.20834,0.63249,0.23989,0.37692,0.026756,-0.027056
-0.0092909,-0.017221,0.018976,-0.0059063,-1.0551,2.24,0.44039,1.8521,-0.28777,0.49624,0.47757,1.4167,0.39641,-1.2237,-0.21992,-2.4666,-0.001084,-0.14173,0.1238,0.4214,0.26267,0.5017,0.028902,0.13629
-0.0073618,-0.015392,0.017172,-0.00070833,-0.87563,2.1563,0.51707,1.8197,-0.27867,0.3649,0.46947,1.5056,0.43055,-1.438,-0.12149,-2.4915,-0.0083928,-0.41402,0.024585,0.22013,0.28374,0.68109,0.034178,0.27942
-0.00258,-0.016697,0.017101,0.0043584,-0.65853,2.1054,0.57309,1.8086,-0.27242,0.24015,0.46806,1.5833,0.49078,-1.4131,-0.066284,-2.3171,-0.011859,-0.65523,-0.077638,0.072669,0.29964,0.85384,0.03588,0.36017
0.002165,-0.022945,0.018216,0.0057845,-0.44062,2.0887,0.58772,1.8253,-0.27626,0.11673,0.46243,1.6202,0.5622,-1.1999,-0.041102,-1.9144,-0.0099044,-0.82863,-0.16697,0.0073838,0.30988,0.95698,0.028348,0.37039
0.0032021,-0.03331,0.018276,0.0012292,-0.26188,2.11,0.56042,1.8711,-0.29388,-0.021975,0.44224,1.5761,0.62172,-0.87574,-0.013606,-1.3922,-0.0030627,-0.93168,-0.2331,0.022914,0.31683,0.95974,0.011418,0.33834
-0.0012283,-0.044361,0.014812,-0.0094198,-0.14906,2.167,0.50489,1.938,-0.32493,-0.18672,0.40445,1.4256,0.64794,-0.51047,0.043619,-0.92792,0.0062251,-0.99094,-0.27789,0.092203,0.32319,0.88188,-0.009011,0.30873
-0.0092751,-0.051996,0.0075573,-0.024018,-0.10203,2.2437,0.43852,2.0093,-0.36438,-0.36615,0.35543,1.1787,0.63247,-0.14613,0.13521,-0.64479,0.015354,-1.0375,-0.31261,0.17887,0.32911,0.78264,-0.025277,0.31515
-0.016411,-0.054145,-0.00056589,-0.038958,-0.090992,2.3139,0.37527,2.0652,-0.40194,-0.52167,0.30815,0.88392,0.58532,0.19908,0.24279,-0.53942,0.023301,-1.0833,-0.34787,0.25313,0.33142,0.72477,-0.033763,0.36346
-0.018537,-0.052212,-0.005256,-0.050525,-0.067973,2.3532,0.32426,2.0898,-0.42362,-0.59773,0.2767,0.61062,0.52999,0.51296,0.34029,-0.51595,0.03068,-1.1175,-0.38473,0.29832,0.32606,0.73563,-0.037288,0.43464
-0.014857,-0.049874,-0.0041326,-0.056424,0.011826,2.352,0.29085,2.0745,-0.41707,-0.54427,0.27083,0.42084,0.49072,0.777,0.41194,-0.48897,0.038035,-1.1238,-0.41476,0.30843,0.31167,0.7922,-0.042014,0.5011
-0.0082286,-0.049927,0.0013712,-0.056801,0.16958,2.3162,0.27647,2.017,-0.37894,-0.34143,0.29231,0.34392,0.47958,0.97028,0.45932,-0.4598,0.044226,-1.1025,-0.42845,0.28252,0.29105,0.84105,-0.051559,0.54245
-0.002813,-0.051595,0.0072563,-0.053959,0.39356,2.2582,0.27701,1.9188,-0.31894,-0.014567,0.33369,0.36512,0.49166,1.0824,0.49389,-0.50143,0.046841,-1.079,-0.42409,0.22097,0.26912,0.83873,-0.063431,0.55118
-0.0010735,-0.050715,0.010218,-0.050717,0.64454,2.184,0.28301,1.7837,-0.25668,0.36974,0.37996,0.43229,0.51086,1.1204,0.52293,-0.67265,0.044574,-1.0913,-0.4091,0.12427,0.24916,0.7825,-0.070769,0.52849
-0.0025512,-0.04302,0.0099775,-0.048488,0.87151,2.0877,0.28345,1.6182,-0.21182,0.7272,0.41336,0.4775,0.52186,1.1054,0.54193,-0.94332,0.039292,-1.1673,-0.3931,-0.0067998,0.23085,0.70844,-0.067762,0.47773
-0.0050721,-0.028188,0.0087183,-0.046653,1.0294,1.9585,0.27158,1.4319,-0.1939,0.98919,0.42017,0.44553,0.52023,1.0664,0.53975,-1.1973,0.035386,-1.3084,-0.37975,-0.16986,0.21177,0.65945,-0.054101,0.40139
-0.0069277,-0.011331,0.0084611,-0.043837,1.0925,1.7929,0.24843,1.236,-0.19855,1.1293,0.39701,0.31794,0.51396,1.0416,0.51131,-1.3082,0.036449,-1.4882,-0.36544,-0.358,0.19053,0.64941,-0.034917,0.30172
-0.0080085,-0.00030854,0.0090755,-0.039982,1.0605,1.6027,0.22104,1.0415,-0.21243,1.1685,0.35273,0.12173,0.51527,1.0821,0.46568,-1.2213,0.042012,-1.6685,-0.3458,-0.5572,0.1683,0.6516,-0.016685,0.18178
-0.0091817,-0.00047164,0.0088294,-0.037238,0.95775,1.4114,0.19659,0.85678,-0.22249,1.157,0.30413,-0.083043,0.52775,1.2413,0.42158,-0.9775,0.04744,-1.8196,-0.32312,-0.74785,0.14676,0.61871,-0.0027556,0.04479
-0.010937,-0.010638,0.0067444,-0.038604,0.82335,1.2413,0.17672,0.6862,-0.22235,1.1419,0.26735,-0.23287,0.53743,1.5427,0.3936,-0.66982,0.047452,-1.9344,-0.30666,-0.91223,0.12498,0.51654,0.0079808,-0.10659
-0.012795,-0.023436,0.004197,-0.045336,0.69595,1.0989,0.1561,0.52909,-0.21179,1.1436,0.24974,-0.29347,0.51491,1.9464,0.38149,-0.37877,0.040451,-2.0277,-0.30468,-1.0442,0.098482,0.34442,0.018774,-0.26869
-0.013925,-0.029952,0.0039982,-0.055361,0.59688,0.96907,0.12597,0.37828,-0.19172,1.152,0.24723,-0.27761,0.42915,2.3444,0.37228,-0.13863,0.029914,-2.123,-0.31524,-1.1531,0.062357,0.1295,0.031472,-0.43329
-0.01411,-0.025383,0.0077804,-0.064256,0.52126,0.82041,0.079943,0.22026,-0.16019,1.1448,0.24856,-0.23678,0.26531,2.6033,0.35368,0.050955,0.021539,-2.2333,-0.32509,-1.2572,0.015718,-0.095043,0.044644,-0.58513
-0.013924,-0.01171,0.014315,-0.068187,0.44334,0.62049,0.018123,0.039004,-0.11356,1.1122,0.24299,-0.23024,0.035247,2.6308,0.32672,0.19571,0.018497,-2.3482,-0.31847,-1.371,-0.036628,-0.3067,0.054353,-0.70293
-0.013958,0.0042208,0.020542,-0.066511,0.33392,0.35199,-0.052342,-0.17622,-0.050852,1.0706,0.22628,-0.28934,-0.22698,2.4247,0.30593,0.29393,0.018821,-2.4364,-0.28896,-1.4957,-0.087135,-0.49357,0.056315,-0.76363
-0.013983,0.015436,0.024395,-0.061963,0.17905,0.02276,-0.11993,-0.42245,0.023417,1.0556,0.20149,-0.39866,-0.48144,2.0674,0.3065,0.34697,0.017161,-2.4617,-0.24408,-1.6221,-0.1307,-0.64442,0.047535,-0.74732
-0.01303,0.018895,0.02667,-0.058299,-0.012013,-0.33468,-0.17245,-0.67951,0.10112,1.0994,0.17504,-0.50571,-0.69878,1.6746,0.32958,0.3723,0.0094049,-2.4033,-0.19905,-1.7418,-0.16749,-0.74515,0.026562,-0.64158
-0.010389,0.016444,0.030029,-0.057335,-0.21392,-0.67365,-0.2,-0.91514,0.17494,1.2093,0.15202,-0.55258,-0.86564,1.3325,0.35873,0.39858,-0.0037847,-2.266,-0.16578,-1.856,-0.20095,-0.78887,-0.0070418,-0.44648
-0.0066049,0.012782,0.036041,-0.05777,-0.40081,-0.949,-0.19696,-1.097,0.24055,1.3601,0.13397,-0.50907,-0.97818,1.065,0.37071,0.44575,-0.017569,-2.0732,-0.14677,-1.9729,-0.23284,-0.78995,-0.052957,-0.18097
-0.0034194,0.012402,0.043149,-0.056704,-0.55869,-1.1317,-0.16358,-1.2056,0.29397,1.5063,0.12009,-0.38654,-1.0334,0.84001,0.35119,0.51253,-0.027194,-1.8479,-0.13862,-2.094,-0.25972,-0.78497,-0.10966,0.11229
-0.0025636,0.017405,0.047676,-0.052526,-0.68707,-1.2169,-0.10714,-1.2417,0.32713,1.6042,0.10954,-0.22544,-1.0294,0.60322,0.3025,0.58744,-0.032254,-1.5981,-0.14025,-2.2031,-0.27379,-0.81381,-0.17376,0.37007
-0.0043168,0.026929,0.047083,-0.046681,-0.79142,-1.2222,-0.04138,-1.2234,0.32708,1.6325,0.10238,-0.06746,-0.97484,0.31626,0.23784,0.67474,-0.037185,-1.3168,-0.15729,-2.2683,-0.26755,-0.89325,-0.23983,0.52446
-0.0070444,0.037885,0.042537,-0.04272,-0.87437,-1.1787,0.01765,-1.176,0.28174,1.5999,0.098435,0.067805,-0.89749,-0.014593,0.16844,0.81001,-0.047346,-1.0003,-0.19801,-2.2616,-0.23855,-1.0037,-0.30104,0.52829
-0.0081966,0.04652,0.038331,-0.043301,-0.9325,-1.1179,0.058903,-1.1196,0.18874,1.5365,0.095993,0.18741,-0.83742,-0.32649,0.095094,1.0467,-0.063857,-0.66937,-0.26517,-2.1799,-0.19117,-1.1007,-0.35044,0.37803
-0.0060966,0.050334,0.038553,-0.047615,-0.96009,-1.0616,0.083189,-1.061,0.060529,1.4776,0.092112,0.31156,-0.8259,-0.51345,0.010039,1.4193,-0.081646,-0.37631,-0.35181,-2.0513,-0.13457,-1.1429,-0.38234,0.11901
-0.0011687,0.049699,0.043857,-0.051482,-0.95552,-1.0188,0.1044,-0.9951,-0.078823,1.4465,0.084923,0.45504,-0.86402,-0.47078,-0.094374,1.9065,-0.092611,-0.18742,-0.44514,-1.9199,-0.078796,-1.1154,-0.39341,-0.17388
0.0043685,0.048104,0.051079,-0.050244,-0.92509,-0.98881,0.14243,-0.91474,-0.20352,1.4456,0.075904,0.61736,-0.9202,-0.15879,-0.21863,2.4206,-0.091579,-0.15025,-0.53487,-1.8188,-0.031405,-1.0349,-0.38341,-0.43219
0.0081425,0.050379,0.055926,-0.042214,-0.8816,-0.96849,0.211,-0.82158,-0.29625,1.4589,0.069875,0.78564,-0.95219,0.34977,-0.35514,2.8306,-0.080311,-0.2661,-0.6184,-1.7524,0.0039623,-0.93483,-0.35518,-0.62618
0.009315,0.059509,0.056302,-0.029934,-0.83859,-0.95589,0.30809,-0.73025,-0.35278,1.4616,0.072263,0.94371,-0.93851,0.88015,-0.4914,3.0114,-0.066301,-0.48666,-0.69862,-1.7006,0.027309,-0.84506,-0.31392,-0.77243
0.008976,0.074132,0.053457,-0.018315,-0.80384,-0.9496,0.41601,-0.6617,-0.37948,1.4334,0.085437,1.078,-0.8946,1.2345,-0.61256,2.8987,-0.057358,-0.73735,-0.77692,-1.6414,0.041331,-0.77768,-0.266,-0.90998
0.0089641,0.088812,0.050222,-0.011235,-0.77579,-0.94582,0.51184,-0.63019,-0.38697,1.3654,0.1067,1.1767,-0.85943,1.2989,-0.70275,2.5223,-0.056273,-0.95123,-0.84809,-1.5716,0.050598,-0.723,-0.21755,-1.0592
0.010161,0.097347,0.048241,-0.0093447,-0.74501,-0.93825,0.58111,-0.63457,-0.38474,1.2623,0.12918,1.2269,-0.86235,1.1086,-0.74822,1.9986,-0.05961,-1.0914,-0.90129,-1.5097,0.060818,-0.65507,-0.17337,-1.1917
0.011736,0.096868,0.046802,-0.010544,-0.69988,-0.9229,0.62519,-0.66136,-0.37876,1.1362,0.14481,1.2149,-0.89659,0.82125,-0.74372,1.4784,-0.061086,-1.1507,-0.92599,-1.4795,0.077507,-0.54482,-0.13614,-1.2345
0.011955,0.089594,0.04416,-0.012258,-0.63347,-0.90383,0.65721,-0.69679,-0.37174,1.0009,0.14754,1.1328,-0.92161,0.6148,-0.69729,1.0753,-0.056419,-1.1356,-0.9179,-1.4874,0.10359,-0.37899,-0.10619,-1.1106
0.0097932,0.080839,0.039808,-0.013293,-0.54753,-0.89308,0.68987,-0.73697,-0.36387,0.86692,0.1349,0.98404,-0.89368,0.58066,-0.62662,0.81598,-0.045758,-1.0511,-0.8806,-1.5133,0.13672,-0.17739,-0.08192,-0.79056
0.0059002,0.074884,0.035265,-0.013854,-0.45159,-0.9019,0.72477,-0.78601,-0.35302,0.74212,0.10773,0.7833,-0.80123,0.68474,-0.54606,0.64739,-0.032373,-0.89891,-0.82246,-1.5197,0.16829,0.0049324,-0.061212,-0.31957
0.0021264,0.072083,0.032564,-0.014275,-0.35827,-0.92846,0.75137,-0.84342,-0.33489,0.63196,0.068413,0.54878,-0.67749,0.81438,-0.45425,0.49492,-0.0195,-0.68511,-0.75176,-1.4703,0.18604,0.10115,-0.042985,0.20311
7.5565e-005,0.069331,0.031993,-0.01417,-0.2778,-0.95232,0.75631,-0.89238,-0.30442,0.5386,0.018856,0.29297,-0.58022,0.86474,-0.33492,0.32888,-0.0083656,-0.42467,-0.67345,-1.3453,0.17983,0.074882,-0.028083,0.68079
-2.2687e-005,0.063135,0.031483,-0.013018,-0.21456,-0.94176,0.73497,-0.90082,-0.25832,0.45739,-0.040893,0.018658,-0.55341,0.79662,-0.17378,0.18735,0.0012938,-0.13611,-0.58936,-1.1453,0.1474,-0.045474,-0.018604,1.0745
0.00078254,0.052519,0.028439,-0.011411,-0.16649,-0.87068,0.69569,-0.83663,-0.19755,0.3745,-0.1127,-0.27734,-0.59798,0.63361,0.020838,0.13909,0.0094489,0.16863,-0.50104,-0.88627,0.095973,-0.16989,-0.016099,1.4163
0.0012615,0.039614,0.02235,-0.011307,-0.12639,-0.73344,0.65276,-0.68591,-0.12823,0.26908,-0.19916,-0.59622,-0.6708,0.4206,0.21206,0.21917,0.014943,0.48626,-0.41283,-0.59299,0.038208,-0.19387,-0.020153,1.7713
0.0010478,0.028042,0.015666,-0.014523,-0.084577,-0.5479,0.61405,-0.46081,-0.060125,0.1204,-0.30176,-0.93112,-0.70997,0.19101,0.35126,0.39164,0.016451,0.81116,-0.33268,-0.29469,-0.014845,-0.061433,-0.028575,2.1762
0.00074333,0.02081,0.011995,-0.020641,-0.032423,-0.3455,0.57408,-0.1923,-0.0035957,-0.084346,-0.4191,-1.2668,-0.66807,-0.032801,0.40647,0.5693,0.014034,1.1206,-0.26984,-0.022422,-0.058508,0.20153,-0.038996,2.6037
0.0011325,0.019107,0.013233,-0.026447,0.034013,-0.1563,0.51878,0.085058,0.033656,-0.34622,-0.54591,-1.5847,-0.5331,-0.22263,0.38092,0.67132,0.0094784,1.3722,-0.23052,0.19488,-0.09377,0.51027,-0.050349,2.9798
0.0023472,0.022128,0.018145,-0.02784,0.11255,0.0012023,0.43826,0.34447,0.048943,-0.65627,-0.67316,-1.8705,-0.32857,-0.34544,0.3076,0.66969,0.0049618,1.5216,-0.21475,0.33574,-0.12263,0.78406,-0.062937,3.2413
0.0037594,0.027381,0.02347,-0.022919,0.19746,0.1212,0.3369,0.56865,0.045634,-1.0002,-0.78957,-2.1218,-0.098076,-0.39376,0.22534,0.5884,0.0013774,1.5471,-0.21663,0.39093,-0.14434,1.0001,-0.077284,3.384
0.0046069,0.031386,0.026328,-0.013595,0.28505,0.2055,0.23213,0.74527,0.032553,-1.3631,-0.88432,-2.3516,0.11438,-0.41906,0.15583,0.46258,-0.0019538,1.4647,-0.22857,0.36612,-0.15606,1.1963,-0.093163,3.4629
0.004673,0.031104,0.025812,-0.0042025,0.37747,0.25808,0.14326,0.86422,0.021436,-1.7334,-0.95058,-2.5862,0.2792,-0.52745,0.098237,0.29841,-0.0058795,1.3184,-0.24615,0.28204,-0.15683,1.424,-0.10972,3.5423
0.0043911,0.025804,0.022827,0.0018573,0.4804,0.28314,0.079711,0.92106,0.022624,-2.1069,-0.98816,-2.8547,0.38839,-0.82414,0.042234,0.069597,-0.0097629,1.1555,-0.27025,0.17156,-0.15025,1.6925,-0.12606,3.6391
0.0043917,0.018001,0.018922,0.0045685,0.59521,0.28641,0.037943,0.92384,0.040422,-2.4904,-1.0039,-3.1751,0.45506,-1.3385,-0.015255,-0.24912,-0.011317,1.0025,-0.30464,0.071769,-0.14255,1.9542,-0.14108,3.706
0.0050086,0.012089,0.015369,0.0067421,0.71226,0.27701,0.007955,0.89574,0.070583,-2.8976,-1.009,-3.5421,0.5061,-1.9853,-0.064932,-0.64548,-0.0082059,0.85967,-0.35162,0.010894,-0.13742,2.1409,-0.15216,3.6685
0.0061252,0.011053,0.012856,0.010973,0.81281,0.26651,-0.017734,0.86798,0.10185,-3.3353,-1.0141,-3.9236,0.56901,-2.5972,-0.094937,-1.0654,8.3544e-005,0.71064,-0.40964,-0.0054589,-0.13249,2.2192,-0.15451,3.4817
0.0072461,0.013659,0.011308,0.016836,0.88006,0.26385,-0.04067,0.86442,0.12134,-3.7824,-1.0241,-4.2686,0.65742,-3.0103,-0.10447,-1.446,0.011939,0.5387,-0.47486,0.00036637,-0.12087,2.2162,-0.14279,3.162
0.0075128,0.0147,0.0096675,0.020824,0.91097,0.26817,-0.060023,0.88655,0.12123,-4.1773,-1.0354,-4.5193,0.76296,-3.1463,-0.10671,-1.7557,0.025244,0.3364,-0.54494,-0.01227,-0.096623,2.1963,-0.1149,2.7707
0.0057597,0.0086011,0.0062322,0.019095,0.9184,0.2647,-0.07765,0.9101,0.1031,-4.4298,-1.0359,-4.6218,0.85971,-3.0363,-0.11684,-2.0052,0.039395,0.10721,-0.62074,-0.08064,-0.059322,2.211,-0.074853,2.3713
0.0010464,-0.0062326,2.9083e-005,0.010747,0.9206,0.22969,-0.098623,0.89857,0.077776,-4.4604,-1.0096,-4.5335,0.91979,-2.7771,-0.13549,-2.2189,0.055698,-0.13661,-0.70398,-0.21769,-0.013841,2.2643,-0.031743,1.9993
-0.006269,-0.025748,-0.007588,-0.0010267,0.92641,0.1447,-0.12691,0.82786,0.060588,-4.247,-0.94355,-4.2325,0.93006,-2.4619,-0.14365,-2.3947,0.075616,-0.37618,-0.79271,-0.40559,0.033554,2.3196,0.0052503,1.6684
-0.013752,-0.04263,-0.0129,-0.010725,0.92877,0.012483,-0.16158,0.70609,0.06447,-3.8476,-0.83547,-3.7311,0.89797,-2.1392,-0.11628,-2.4904,0.098352,-0.58989,-0.8791,-0.60813,0.07866,2.3352,0.032239,1.3948
-0.017591,-0.050871,-0.012224,-0.013869,0.91235,-0.13853,-0.19863,0.5725,0.093924,-3.3779,-0.69708,-3.0901,0.84292,-1.8222,-0.044869,-2.455,0.12003,-0.76116,-0.95195,-0.79329,0.11921,2.2956,0.051983,1.2094
-0.014943,-0.049105,-0.0052404,-0.0095833,0.86838,-0.26827,-0.23723,0.47258,0.14281,-2.9559,-0.55058,-2.4164,0.78099,-1.5261,0.050397,-2.2795,0.13533,-0.88813,-1.0024,-0.95128,0.15241,2.2158,0.070076,1.1386
-0.0063971,-0.040533,0.0037438,-0.00091737,0.80385,-0.35042,-0.28381,0.42486,0.19721,-2.6465,-0.41912,-1.8328,0.71638,-1.2846,0.13132,-2.0212,0.14038,-0.98777,-1.0283,-1.0971,0.17395,2.1216,0.089306,1.173
0.0037112,-0.030168,0.0083257,0.0070384,0.73744,-0.39035,-0.34827,0.40436,0.24191,-2.4441,-0.31653,-1.4275,0.64627,-1.1263,0.16908,-1.7749,0.13459,-1.089,-1.033,-1.2574,0.18066,2.0292,0.10712,1.2557
0.0099523,-0.021874,0.0047603,0.010056,0.68656,-0.41967,-0.43396,0.35801,0.26716,-2.3019,-0.24359,-1.2112,0.57345,-1.032,0.16693,-1.6072,0.12018,-1.2173,-1.0212,-1.4508,0.17445,1.9413,0.11828,1.3087
0.0096929,-0.017181,-0.0049422,0.0071121,0.65709,-0.46934,-0.52968,0.24351,0.27142,-2.1805,-0.1935,-1.1164,0.51361,-0.91769,0.15927,-1.5067,0.10015,-1.3818,-0.99423,-1.6718,0.16308,1.8559,0.12004,1.2801
0.0050701,-0.015835,-0.014399,0.00092546,0.64398,-0.54227,-0.61178,0.063175,0.25913,-2.0766,-0.1618,-1.0451,0.48886,-0.66931,0.18635,-1.3902,0.076437,-1.5729,-0.94968,-1.8881,0.15586,1.7742,0.11497,1.1747
0.0012321,-0.016721,-0.017795,-0.0037083,0.64045,-0.60864,-0.6566,-0.13408,0.23563,-2.0113,-0.15177,-0.93861,0.51161,-0.20881,0.2637,-1.1626,0.049809,-1.7721,-0.88507,-2.0515,0.15735,1.6983,0.10874,1.0452
0.0021506,-0.018239,-0.014343,-0.0029201,0.64618,-0.62944,-0.65424,-0.28563,0.20375,-1.9929,-0.16977,-0.81615,0.57183,0.45634,0.36941,-0.78631,0.021068,-1.9636,-0.80237,-2.1183,0.16436,1.6221,0.10503,0.94912
0.0074788,-0.018503,-0.008569,0.0037188,0.66699,-0.58986,-0.61304,-0.35832,0.16443,-1.9905,-0.21447,-0.75359,0.63864,1.2358,0.45804,-0.30663,-0.0076379,-2.1372,-0.70914,-2.0695,0.16903,1.5301,0.10233,0.90728
0.0131,-0.016169,-0.0063325,0.012907,0.70665,-0.51468,-0.55132,-0.36883,0.11971,-1.9456,-0.27049,-0.81599,0.67613,2.0042,0.48937,0.18075,-0.032738,-2.2836,-0.61531,-1.9206,0.16513,1.4052,0.095594,0.89311
0.014829,-0.011723,-0.010098,0.019832,0.75869,-0.45288,-0.48324,-0.36646,0.074452,-1.8143,-0.31406,-0.9981,0.66198,2.6546,0.45077,0.59071,-0.050614,-2.3883,-0.52844,-1.7154,0.15219,1.2415,0.081486,0.85617
0.01201,-0.0078479,-0.017409,0.021339,0.80538,-0.44353,-0.41065,-0.39397,0.034268,-1.6034,-0.32815,-1.2208,0.59625,3.1197,0.36004,0.88925,-0.059481,-2.4342,-0.45111,-1.5061,0.13416,1.0481,0.062533,0.75849
0.0079202,-0.0078297,-0.023543,0.017802,0.82511,-0.49036,-0.3271,-0.45793,0.0016399,-1.3707,-0.31506,-1.386,0.49564,3.36,0.25137,1.0867,-0.060431,-2.4126,-0.38223,-1.3295,0.11454,0.84252,0.046418,0.59586
0.006787,-0.01282,-0.025668,0.012501,0.80301,-0.56357,-0.23021,-0.53054,-0.025898,-1.1846,-0.29542,-1.4455,0.37955,3.3451,0.15788,1.1988,-0.05679,-2.3337,-0.32056,-1.1945,0.092725,0.63925,0.040727,0.39315
0.010142,-0.020337,-0.024859,0.0092568,0.73821,-0.62457,-0.13103,-0.57749,-0.053434,-1.0766,-0.29344,-1.4289,0.25902,3.0586,0.10097,1.2146,-0.052109,-2.2234,-0.26714,-1.0861,0.064922,0.44516,0.047212,0.18329
0.015686,-0.025757,-0.024575,0.01019,0.6441,-0.65181,-0.051754,-0.58666,-0.084271,-1.0208,-0.31941,-1.4125,0.1352,2.525,0.087701,1.1031,-0.048134,-2.108,-0.22466,-0.98414,0.028377,0.26321,0.060041,-0.011163
0.019427,-0.025904,-0.027414,0.014954,0.54245,-0.64898,-0.011995,-0.57544,-0.11757,-0.95432,-0.36285,-1.4569,0.0057621,1.8307,0.11124,0.85178,-0.044219,-1.9954,-0.19454,-0.88189,-0.015049,0.098633,0.069357,-0.18254
0.019016,-0.021701,-0.033179,0.02148,0.45542,-0.63433,-0.012625,-0.57501,-0.15,-0.81922,-0.40078,-1.5619,-0.12799,1.1112,0.15226,0.50321,-0.038622,-1.8704,-0.17441,-0.79049,-0.059102,-0.040466,0.067535,-0.33121
0.015374,-0.017405,-0.039597,0.027341,0.39939,-0.62528,-0.028863,-0.60904,-0.17909,-0.59213,-0.41349,-1.6649,-0.25888,0.50223,0.18391,0.15547,-0.03064,-1.7079,-0.15838,-0.72616,-0.096645,-0.14851,0.053735,-0.45741
0.011522,-0.016962,-0.044499,0.030944,0.38268,-0.63276,-0.018845,-0.68447,-0.20449,-0.28471,-0.39578,-1.6742,-0.37689,0.087117,0.18285,-0.081029,-0.021817,-1.4946,-0.1399,-0.69135,-0.12334,-0.22712,0.033857,-0.55866
0.0099979,-0.020716,-0.047259,0.032167,0.40663,-0.66574,0.055238,-0.79754,-0.22544,0.076084,-0.35669,-1.5091,-0.47362,-0.12542,0.14199,-0.14034,-0.015262,-1.244,-0.11534,-0.6678,-0.13882,-0.28288,0.016327,-0.6324
0.011133,-0.025485,-0.048529,0.03224,0.46772,-0.73534,0.20444,-0.943,-0.23739,0.46439,-0.3108,-1.1287,-0.54521,-0.1833,0.07552,-0.030027,-0.013723,-0.99106,-0.085856,-0.6299,-0.14511,-0.32004,0.0067816,-0.67925
0.013256,-0.027934,-0.04917,0.032722,0.55837,-0.84887,0.40239,-1.1143,-0.23208,0.85454,-0.2695,-0.54821,-0.59345,-0.1534,0.0099075,0.18814,-0.018089,-0.77189,-0.056568,-0.5684,-0.14452,-0.33689,0.0049313,-0.70408
0.014123,-0.028096,-0.049758,0.033936,0.66617,-0.99752,0.59498,-1.2958,-0.20236,1.2105,-0.23786,0.1542,-0.62571,-0.093415,-0.034009,0.4488,-0.02742,-0.60206,-0.033584,-0.50228,-0.13872,-0.33188,0.0050755,-0.71578
0.01224,-0.029682,-0.050918,0.034007,0.77351,-1.1516,0.72725,-1.4586,-0.14862,1.4847,-0.2164,0.84774,-0.65299,-0.043086,-0.05426,0.72365,-0.040091,-0.46896,-0.020764,-0.46502,-0.12935,-0.31498,-0.00051717,-0.72706
0.007406,-0.036753,-0.053539,0.029761,0.86041,-1.2741,0.77258,-1.5721,-0.081477,1.6359,-0.20303,1.3881,-0.68453,-0.022418,-0.065379,1.0205,-0.054683,-0.34299,-0.017784,-0.47383,-0.11875,-0.3125,-0.017371,-0.75327
0.00068205,-0.049738,-0.058109,0.019367,0.91068,-1.347,0.74609,-1.6255,-0.018065,1.6566,-0.19243,1.6793,-0.72047,-0.022589,-0.082562,1.3447,-0.069814,-0.19946,-0.020134,-0.5083,-0.10962,-0.35683,-0.045652,-0.80763
-0.0059392,-0.06446,-0.063719,0.0047729,0.9186,-1.3902,0.6927,-1.6419,0.026211,1.5859,-0.17467,1.7253,-0.74783,0.0044675,-0.10644,1.66,-0.083484,-0.035774,-0.020582,-0.51939,-0.10364,-0.46551,-0.079355,-0.89328
-0.010245,-0.075184,-0.068088,-0.0085101,0.89139,-1.4559,0.6579,-1.6703,0.045191,1.4948,-0.13701,1.6312,-0.74539,0.13608,-0.12214,1.8858,-0.093152,0.12853,-0.011103,-0.46356,-0.10029,-0.62516,-0.10826,-0.9972
-0.010942,-0.079033,-0.069124,-0.014797,0.84497,-1.5963,0.66163,-1.7562,0.044113,1.4505,-0.069741,1.5444,-0.69613,0.43828,-0.11326,1.9396,-0.096958,0.26917,0.015502,-0.33374,-0.09732,-0.79423,-0.12219,-1.0924
-0.0086316,-0.077944,-0.066827,-0.012409,0.79562,-1.8277,0.69316,-1.9115,0.035195,1.4821,0.027368,1.5693,-0.59841,0.91657,-0.077751,1.7951,-0.095067,0.37973,0.064464,-0.16058,-0.092446,-0.92472,-0.11586,-1.1501
-0.0056579,-0.076575,-0.063622,-0.0051404,0.75274,-2.1144,0.72808,-2.1072,0.029438,1.5702,0.14332,1.7154,-0.46632,1.498,-0.030332,1.5115,-0.089745,0.48174,0.13824,0.016151,-0.085149,-0.98873,-0.091744,-1.1553
-0.0045858,-0.078245,-0.062513,0.00046536,0.71767,-2.3867,0.7508,-2.2928,0.029659,1.6617,0.26064,1.9124,-0.31829,2.0657,0.010892,1.2091,-0.083835,0.61265,0.23612,0.17958,-0.077009,-0.99169,-0.05901,-1.1157
-0.0063192,-0.082603,-0.064537,-0.00010795,0.68853,-2.5787,0.76277,-2.4303,0.029076,1.6963,0.3633,2.0732,-0.16442,2.5216,0.041282,1.0059,-0.078945,0.79887,0.35453,0.34286,-0.070371,-0.96485,-0.028641,-1.057
-0.009441,-0.086865,-0.067874,-0.0064821,0.66626,-2.6619,0.77079,-2.515,0.016497,1.6284,0.44185,2.1513,-0.0045388,2.8276,0.073629,0.95345,-0.074898,1.0343,0.48835,0.52759,-0.066604,-0.9444,-0.0077468,-1.0086
-0.011432,-0.089021,-0.069507,-0.014677,0.65638,-2.6512,0.76915,-2.5699,-0.014959,1.4358,0.49261,2.1493,0.16075,2.9942,0.12476,1.013,-0.0708,1.2827,0.63251,0.73614,-0.065503,-0.95279,0.0031785,-0.98917
-0.010781,-0.089711,-0.067932,-0.021068,0.66428,-2.5855,0.73548,-2.6212,-0.061116,1.1237,0.51331,2.0822,0.31754,3.0347,0.19669,1.0845,-0.066384,1.5036,0.78271,0.94447,-0.066363,-0.99326,0.0083467,-1.0016
-0.0081959,-0.091081,-0.064394,-0.025275,0.68773,-2.4974,0.64731,-2.6741,-0.10656,0.72627,0.50079,1.9391,0.43906,2.9364,0.27006,1.0682,-0.062124,1.683,0.93478,1.1205,-0.069612,-1.0566,0.012032,-1.0385
-0.0059243,-0.094095,-0.061495,-0.029567,0.71308,-2.3964,0.50589,-2.7089,-0.13151,0.30655,0.45431,1.6824,0.50205,2.6798,0.31659,0.92315,-0.058,1.8414,1.0831,1.2488,-0.077306,-1.1309,0.015191,-1.091
-0.0058631,-0.097264,-0.060547,-0.035843,0.71967,-2.2733,0.34473,-2.6973,-0.12181,-0.057332,0.38202,1.2863,0.50615,2.2866,0.32035,0.68946,-0.052388,2.0144,1.2197,1.3399,-0.091736,-1.2062,0.016008,-1.1522
-0.0081046,-0.098068,-0.060217,-0.043442,0.69071,-2.118,0.21208,-2.6256,-0.076098,-0.2995,0.30413,0.77864,0.47846,1.8427,0.28908,0.46813,-0.042607,2.2186,1.3361,1.4177,-0.1131,-1.2724,0.01336,-1.2147
-0.011055,-0.095402,-0.057758,-0.049871,0.62332,-1.937,0.13955,-2.5063,-0.0062202,-0.39493,0.24722,0.2475,0.45683,1.4655,0.24587,0.37192,-0.027014,2.4329,1.4265,1.5021,-0.13813,-1.3171,0.0096036,-1.267
-0.012828,-0.090322,-0.051627,-0.053415,0.53022,-1.7545,0.12218,-2.3718,0.06934,-0.36823,0.2312,-0.19384,0.46424,1.2338,0.20845,0.47566,-0.0068285,2.6101,1.4917,1.6023,-0.16091,-1.3276,0.0097768,-1.294
-0.012624,-0.08438,-0.042948,-0.054699,0.43161,-1.6004,0.12673,-2.2559,0.13512,-0.27283,0.25685,-0.45781,0.49482,1.1412,0.17412,0.78755,0.014114,2.7106,1.5388,1.7239,-0.17532,-1.2982,0.017773,-1.2835
-0.011035,-0.07763,-0.034469,-0.055543,0.34336,-1.4941,0.12097,-2.1775,0.18616,-0.15362,0.30316,-0.51488,0.52325,1.1095,0.12273,1.2477,0.031705,2.731,1.5786,1.8759,-0.17749,-1.2347,0.032866,-1.2337
-0.0092814,-0.06879,-0.028061,-0.056491,0.27057,-1.4367,0.098528,-2.1354,0.22906,-0.020417,0.33821,-0.39311,0.52943,1.0512,0.034731,1.7465,0.044101,2.7065,1.6185,2.0658,-0.16671,-1.153,0.049758,-1.1532
-0.0081964,-0.05758,-0.023231,-0.055918,0.21062,-1.4148,0.077539,-2.1155,0.27601,0.14774,0.33773,-0.1554,0.51802,0.92313,-0.090861,2.1515,0.05236,2.6855,1.6571,2.2875,-0.14459,-1.0707,0.062275,-1.0554
-0.00779,-0.046551,-0.018063,-0.052048,0.16118,-1.4119,0.074623,-2.1018,0.33512,0.3722,0.3002,0.12564,0.51685,0.73142,-0.23244,2.3391,0.05875,2.6974,1.6839,2.5139,-0.11373,-0.99805,0.067729,-0.95005
-0.0075265,-0.039954,-0.011552,-0.04597,0.12475,-1.4154,0.078288,-2.0848,0.40332,0.64343,0.24815,0.3836,0.55604,0.49421,-0.35759,2.2297,0.064421,2.7358,1.6843,2.7077,-0.076991,-0.93593,0.068482,-0.84103
-0.0068983,-0.040256,-0.0048876,-0.0423,0.10505,-1.4158,0.047542,-2.0627,0.46694,0.91384,0.21425,0.56581,0.6447,0.20865,-0.44032,1.8214,0.068598,2.7689,1.649,2.8419,-0.037599,-0.8802,0.06966,-0.73167
-0.0058002,-0.045589,-0.00029365,-0.046083,0.099731,-1.3992,-0.059954,-2.0372,0.51013,1.1191,0.22058,0.63784,0.76394,-0.14068,-0.47156,1.2057,0.069955,2.7663,1.5809,2.9147,0.00060079,-0.82882,0.075103,-0.6317
-0.00451,-0.050787,0.0014832,-0.058249,0.097823,-1.3446,-0.25254,-2.0081,0.52544,1.2107,0.26452,0.58642,0.88086,-0.54093,-0.45779,0.54596,0.068711,2.724,1.4964,2.9472,0.033787,-0.78422,0.084892,-0.55704
-0.0033938,-0.051236,0.0024733,-0.073756,0.086261,-1.2298,-0.49247,-1.97,0.51915,1.1764,0.32069,0.4192,0.9724,-0.9239,-0.41274,0.016289,0.067254,2.671,1.4191,2.967,0.059598,-0.7493,0.096257,-0.51931
-0.0025699,-0.046068,0.0061034,-0.084626,0.059919,-1.0473,-0.71903,-1.9124,0.50781,1.0385,0.35812,0.16164,1.0405,-1.1898,-0.35042,-0.27563,0.068457,2.6518,1.3713,2.9914,0.078266,-0.7212,0.10676,-0.51224
-0.0017619,-0.037975,0.014252,-0.085824,0.025107,-0.81672,-0.88916,-1.8244,0.50924,0.83755,0.36107,-0.14541,1.1078,-1.2716,-0.28341,-0.33797,0.073101,2.6983,1.3684,3.0205,0.092226,-0.68985,0.11682,-0.50779
-0.00048504,-0.030188,0.02544,-0.079196,-0.0081443,-0.58294,-1.0026,-1.6993,0.53539,0.61758,0.3396,-0.44602,1.1983,-1.1889,-0.22372,-0.28401,0.078783,2.8081,1.4173,3.0426,0.10413,-0.64399,0.12929,-0.46946
0.0014972,-0.023686,0.035885,-0.072012,-0.038656,-0.39414,-1.0919,-1.5363,0.59097,0.42063,0.3227,-0.67252,1.317,-1.0408,-0.18066,-0.26322,0.081496,2.9446,1.5169,3.0404,0.11469,-0.58076,0.14645,-0.3763
0.0037776,-0.017047,0.042578,-0.071068,-0.0795,-0.27156,-1.1882,-1.3369,0.67604,0.28631,0.33896,-0.76021,1.4435,-0.93819,-0.15492,-0.37379,0.078684,3.0576,1.6579,2.9959,0.12212,-0.51095,0.16713,-0.24009
0.0053818,-0.0085293,0.045687,-0.077067,-0.1501,-0.19006,-1.293,-1.0982,0.78651,0.24607,0.39803,-0.67454,1.5435,-0.92558,-0.13381,-0.60852,0.071245,3.1122,1.8193,2.8929,0.1238,-0.45516,0.18652,-0.10071
0.0054141,0.0019712,0.048237,-0.083945,-0.26133,-0.085658,-1.3786,-0.80933,0.91026,0.30925,0.48452,-0.43733,1.5891,-0.95482,-0.094626,-0.86541,0.062815,3.1065,1.9685,2.722,0.1188,-0.43317,0.19928,-0.00074292
0.0038366,0.01288,0.053365,-0.08375,-0.40716,0.11082,-1.4148,-0.45673,1.0232,0.45005,0.56703,-0.13105,1.5733,-0.93311,-0.01732,-1.0143,0.057024,3.0686,2.0694,2.4897,0.10911,-0.45381,0.20351,0.042462
0.0017032,0.022442,0.061525,-0.073143,-0.57065,0.43269,-1.3956,-0.037044,1.0923,0.60862,0.61513,0.13178,1.5116,-0.80753,0.10082,-0.97869,0.055008,3.0383,2.097,2.2236,0.098445,-0.51187,0.20244,0.045241
0.00054238,0.030022,0.069973,-0.056255,-0.73911,0.85496,-1.3426,0.43086,1.0872,0.71157,0.6133,0.2634,1.4295,-0.61846,0.23973,-0.78498,0.055123,3.046,2.0512,1.9692,0.089483,-0.59277,0.20221,0.039869
0.001307,0.036072,0.074911,-0.041661,-0.91384,1.3056,-1.2871,0.90563,0.99547,0.70264,0.56559,0.24885,1.3462,-0.47879,0.3657,-0.55239,0.054828,3.0999,1.9573,1.7754,0.081913,-0.68053,0.2074,0.045292
0.0037156,0.04122,0.074494,-0.036038,-1.1046,1.7048,-1.2479,1.3392,0.82871,0.56595,0.49099,0.15516,1.2667,-0.49454,0.44965,-0.4305,0.052983,3.1834,1.8496,1.6767,0.072748,-0.76375,0.21771,0.050815
0.0065102,0.045723,0.070268,-0.039587,-1.3123,2.0074,-1.224,1.7005,0.61649,0.32832,0.41432,0.09227,1.1848,-0.68852,0.48171,-0.5206,0.050691,3.2607,1.7489,1.6813,0.058662,-0.83714,0.22829,0.02594
0.008413,0.049868,0.065927,-0.046549,-1.5153,2.2228,-1.2031,1.9914,0.39179,0.04114,0.35683,0.14824,1.0948,-0.98421,0.4723,-0.826,0.050184,3.2883,1.6491,1.7714,0.038463,-0.89987,0.23347,-0.053275
0.0090287,0.054672,0.064455,-0.04983,-1.6723,2.3986,-1.1725,2.2411,0.17877,-0.24598,0.32847,0.33972,1.0011,-1.2588,0.44037,-1.2586,0.052851,3.2327,1.5256,1.9122,0.013852,-0.95316,0.23054,-0.18512
0.0090411,0.061811,0.065939,-0.045773,-1.7431,2.5825,-1.1213,2.4826,-0.010325,-0.50497,0.32353,0.60922,0.91906,-1.4219,0.39899,-1.6955,0.058079,3.0884,1.3582,2.0663,-0.01188,-0.99823,0.22075,-0.34688
0.0096206,0.07243,0.067753,-0.035649,-1.7128,2.7874,-1.0391,2.7262,-0.171,-0.73435,0.32172,0.86938,0.86568,-1.463,0.34849,-2.0468,0.063807,2.8839,1.1503,2.2044,-0.035897,-1.0351,0.2067,-0.51753
0.011514,0.085672,0.066894,-0.023702,-1.6009,2.9856,-0.91809,2.9522,-0.30183,-0.95054,0.29626,1.0622,0.84691,-1.4397,0.27967,-2.2919,0.068334,2.6671,0.92846,2.3094,-0.05674,-1.0621,0.1888,-0.69605
0.014446,0.098317,0.062549,-0.014108,-1.4499,3.1341,-0.76289,3.1281,-0.40368,-1.1718,0.22718,1.1915,0.84971,-1.4289,0.18136,-2.4632,0.071915,2.4751,0.72238,2.3732,-0.07331,-1.0764,0.164,-0.89718
0.017219,0.1062,0.05685,-0.0092058,-1.3002,3.21,-0.59681,3.2368,-0.4808,-1.403,0.11259,1.3048,0.8449,-1.4802,0.045721,-2.5959,0.076793,2.3097,0.54399,2.3903,-0.082921,-1.0757,0.12827,-1.1276
0.018467,0.10673,0.053202,-0.0093238,-1.1704,3.2278,-0.45362,3.2927,-0.53921,-1.6282,-0.029509,1.4387,0.7995,-1.6018,-0.12982,-2.6855,0.085444,2.1401,0.38325,2.3544,-0.080602,-1.0589,0.080819,-1.3647
0.017627,0.10079,0.053491,-0.013112,-1.0563,3.2235,-0.35733,3.3294,-0.58153,-1.8168,-0.17148,1.5663,0.69205,-1.7713,-0.34015,-2.6832,0.098221,1.9352,0.22392,2.2628,-0.061208,-1.0266,0.026193,-1.5576
0.015511,0.092459,0.056341,-0.017736,-0.94754,3.2212,-0.30674,3.3711,-0.60312,-1.9418,-0.29219,1.5902,0.52269,-1.9505,-0.56739,-2.5305,0.11225,1.6973,0.064207,2.1257,-0.023654,-0.97987,-0.027782,-1.6528
0.013983,0.086464,0.057784,-0.019522,-0.84563,3.2106,-0.2804,3.4109,-0.59471,-2.0009,-0.38816,1.3901,0.31298,-2.0896,-0.77766,-2.2028,0.12263,1.467,-0.077022,1.9712,0.025669,-0.92143,-0.075023,-1.6246
0.014752,0.085028,0.053899,-0.01573,-0.76866,3.1569,-0.2593,3.4174,-0.55094,-2.0258,-0.4722,0.89832,0.09673,-2.1295,-0.92716,-1.7323,0.12535,1.2901,-0.17436,1.8374,0.073467,-0.8597,-0.11497,-1.4884
0.017994,0.086321,0.04353,-0.0067145,-0.73755,3.0341,-0.247,3.3631,-0.4782,-2.0686,-0.56112,0.15485,-0.093016,-2.0205,-0.97978,-1.1988,0.11972,1.1716,-0.2176,1.7509,0.1048,-0.81355,-0.15158,-1.2901
0.021816,0.085665,0.029167,0.0035201,-0.75634,2.8527,-0.26827,3.2509,-0.39448,-2.1711,-0.66202,-0.69528,-0.23408,-1.7584,-0.92767,-0.70267,0.10844,1.0592,-0.22161,1.7066,0.11011,-0.81279,-0.18764,-1.0831
0.023228,0.078724,0.015467,0.0095919,-0.80422,2.656,-0.34617,3.1145,-0.32098,-2.3349,-0.76693,-1.46,-0.31915,-1.4147,-0.79997,-0.33507,0.09507,0.87649,-0.21522,1.6644,0.089476,-0.88926,-0.21891,-0.91291
0.020145,0.06453,0.0065321,0.0086021,-0.84774,2.4893,-0.47726,2.9932,-0.27173,-2.5129,-0.85839,-1.9783,-0.35431,-1.1285,-0.65111,-0.15427,0.081129,0.58316,-0.21883,1.5719,0.051237,-1.06,-0.23333,-0.81336
0.013049,0.04645,0.0038046,0.0025671,-0.86438,2.368,-0.62597,2.9037,-0.24914,-2.6304,-0.92061,-2.1764,-0.35524,-1.0472,-0.53386,-0.16584,0.065151,0.21366,-0.22928,1.3993,0.0063575,-1.3113,-0.21751,-0.81113
0.0049458,0.030627,0.0057814,-0.0027628,-0.85855,2.2721,-0.74252,2.8338,-0.24738,-2.6217,-0.94758,-2.0782,-0.34347,-1.2451,-0.47387,-0.31321,0.044819,-0.1405,-0.22397,1.1633,-0.037089,-1.5956,-0.16644,-0.92443
-0.00054329,0.022899,0.0093549,-0.0019595,-0.85631,2.1703,-0.78962,2.7602,-0.25923,-2.4582,-0.94324,-1.779,-0.34266,-1.6699,-0.46154,-0.49302,0.020256,-0.39335,-0.17997,0.9199,-0.075544,-1.8463,-0.089586,-1.1535
-0.0015948,0.025837,0.011593,0.0062949,-0.88242,2.0506,-0.75823,2.6723,-0.27982,-2.1518,-0.91508,-1.399,-0.37369,-2.1596,-0.46457,-0.60362,-0.0045497,-0.52355,-0.092881,0.72881,-0.10748,-2.0046,-0.0078142,-1.4706
0.00073856,0.03733,0.010854,0.018583,-0.9371,1.9296,-0.66425,2.579,-0.30512,-1.7353,-0.86701,-1.0384,-0.44826,-2.5229,-0.45085,-0.6078,-0.023804,-0.58442,0.017394,0.61427,-0.12995,-2.0429,0.057475,-1.821
0.003653,0.051425,0.0069532,0.029568,-0.99058,1.8358,-0.53342,2.4947,-0.32843,-1.2382,-0.79642,-0.74274,-0.56364,-2.6357,-0.40608,-0.56661,-0.033898,-0.65985,0.11536,0.54912,-0.13779,-1.9704,0.095914,-2.1373
0.0049861,0.061201,0.00077892,0.035872,-0.99913,1.7821,-0.38795,2.4193,-0.33966,-0.67445,-0.69737,-0.4925,-0.70234,-2.4911,-0.33711,-0.60844,-0.035828,-0.80422,0.16475,0.47391,-0.12613,-1.819,0.11239,-2.3611
0.0048622,0.062418,-0.0062182,0.038053,-0.93069,1.7535,-0.24277,2.3346,-0.32915,-0.052333,-0.56739,-0.22572,-0.83877,-2.1769,-0.26263,-0.84204,-0.033716,-1.013,0.14022,0.33604,-0.094278,-1.6222,0.12119,-2.4585
0.005194,0.055839,-0.012615,0.039468,-0.78311,1.717,-0.10929,2.2176,-0.29285,0.60712,-0.41404,0.10975,-0.95037,-1.8074,-0.20032,-1.2706,-0.030629,-1.2414,0.032251,0.12035,-0.047629,-1.4008,0.13453,-2.4253
0.0075203,0.046514,-0.017737,0.043222,-0.58493,1.6441,0.00039291,2.0582,-0.23403,1.2574,-0.25679,0.50366,-1.0273,-1.4639,-0.15858,-1.7727,-0.025468,-1.448,-0.15308,-0.14933,0.0038707,-1.1648,0.15391,-2.2817
0.011169,0.04005,-0.022221,0.049663,-0.38178,1.5233,0.073734,1.8636,-0.15965,1.8326,-0.12209,0.87174,-1.0745,-1.1823,-0.13479,-2.1693,-0.013843,-1.6244,-0.39677,-0.43456,0.049596,-0.92395,0.16971,-2.0638
0.013496,0.038254,-0.027849,0.056175,-0.21811,1.3579,0.10196,1.6462,-0.074553,2.2699,-0.032726,1.1046,-1.105,-0.97655,-0.11787,-2.3305,0.007835,-1.7905,-0.6717,-0.71046,0.082019,-0.69613,0.16831,-1.8141
0.012103,0.037461,-0.036385,0.059167,-0.12264,1.1556,0.084565,1.4102,0.021034,2.5376,0.0035703,1.1496,-1.1291,-0.85778,-0.092191,-2.2431,0.038771,-1.9676,-0.94929,-0.97516,0.098253,-0.5045,0.14081,-1.5715
0.0070722,0.031194,-0.04804,0.056591,-0.10082,0.92376,0.030896,1.1515,0.1277,2.6505,-0.00046464,1.0637,-1.1464,-0.82037,-0.042138,-1.9913,0.073847,-2.1562,-1.2064,-1.2367,0.098902,-0.367,0.08742,-1.3609
0.0011839,0.015457,-0.060746,0.049181,-0.13444,0.67546,-0.042063,0.87209,0.23959,2.6658,-0.016612,0.98826,-1.1475,-0.81018,0.042017,-1.6749,0.10691,-2.339,-1.4293,-1.4933,0.085435,-0.28807,0.015789,-1.1838
-0.0021806,-0.0074212,-0.071012,0.039815,-0.18859,0.43547,-0.1143,0.59357,0.34065,2.6603,-0.01493,1.0575,-1.1218,-0.71888,0.15853,-1.3331,0.13397,-2.5002,-1.6124,-1.7284,0.058073,-0.25978,-0.06391,-1.0178
-0.0016354,-0.029587,-0.075985,0.031851,-0.22546,0.23606,-0.1678,0.35325,0.40973,2.6998,0.02146,1.3076,-1.0668,-0.43247,0.29258,-0.93477,0.15346,-2.6427,-1.7544,-1.9246,0.015631,-0.27107,-0.14305,-0.82612
0.0013595,-0.042743,-0.075275,0.027772,-0.22002,0.10041,-0.19022,0.1832,0.43291,2.8163,0.089713,1.6564,-0.99001,0.088329,0.42169,-0.43169,0.16424,-2.7891,-1.8541,-2.0842,-0.042786,-0.31712,-0.21602,-0.57421
0.0040415,-0.043681,-0.071223,0.028724,-0.16925,0.026169,-0.17644,0.088846,0.41427,3.0033,0.17266,1.9702,-0.90303,0.75618,0.52643,0.17843,0.16411,-2.9679,-1.9091,-2.2339,-0.11585,-0.40212,-0.28017,-0.24416
0.0047635,-0.036134,-0.067437,0.034488,-0.088531,-0.01623,-0.12807,0.046403,0.37604,3.2306,0.25168,2.1642,-0.81285,1.3824,0.59998,0.83693,0.15105,-3.198,-1.9169,-2.4089,-0.19968,-0.53472,-0.33622,0.16073
0.0040741,-0.027754,-0.066697,0.043293,0.0019465,-0.066889,-0.051866,0.02214,0.34616,3.468,0.3172,2.2576,-0.71827,1.7733,0.64965,1.4648,0.12603,-3.4803,-1.8757,-2.6273,-0.28963,-0.7203,-0.38912,0.62049
0.0036249,-0.024765,-0.069722,0.051732,0.089601,-0.15287,0.042279,-0.0033679,0.34155,3.7026,0.36924,2.3446,-0.61516,1.8355,0.689,2.0162,0.093981,-3.7982,-1.7864,-2.8798,-0.38238,-0.95424,-0.44746,1.1057
0.0041586,-0.028236,-0.075411,0.055772,0.17073,-0.27527,0.1432,-0.027306,0.35947,3.9381,0.40919,2.5104,-0.50597,1.6209,0.72624,2.4931,0.061471,-4.1227,-1.6555,-3.1439,-0.47604,-1.2172,-0.5194,1.5808
0.0046172,-0.03428,-0.082002,0.053077,0.24125,-0.4159,0.24,-0.039357,0.38312,4.1743,0.43135,2.7582,-0.40457,1.2799,0.75759,2.9085,0.032624,-4.4193,-1.4985,-3.4086,-0.56742,-1.472,-0.60593,2.0053
0.003208,-0.037435,-0.088025,0.045225,0.28845,-0.55652,0.32313,-0.04424,0.39658,4.3838,0.42313,3.003,-0.33048,0.9608,0.77043,3.237,0.006926,-4.6555,-1.3399,-3.687,-0.64842,-1.6633,-0.69521,2.3373
-0.00067086,-0.034566,-0.092494,0.037478,0.29493,-0.69432,0.3851,-0.069385,0.39669,4.5033,0.37487,3.1289,-0.29581,0.72343,0.75358,3.4026,-0.019127,-4.8089,-1.2069,-4.0014,-0.70519,-1.7226,-0.76259,2.5472
-0.0055436,-0.026808,-0.094708,0.035366,0.25331,-0.84083,0.42119,-0.1483,0.3928,4.4538,0.2913,3.0629,-0.29461,0.52368,0.70661,3.321,-0.048132,-4.8729,-1.1183,-4.3528,-0.72208,-1.5809,-0.77825,2.6335
-0.0088797,-0.018678,-0.09436,0.040256,0.1779,-1.0057,0.43067,-0.29271,0.39641,4.1809,0.19444,2.8146,-0.30364,0.27338,0.64165,2.9651,-0.07918,-4.8576,-1.0758,-4.7005,-0.68912,-1.187,-0.7201,2.63
-0.0091167,-0.01518,-0.092077,0.047714,0.099494,-1.1798,0.41778,-0.47784,0.41085,3.6924,0.1143,2.4606,-0.29463,-0.072742,0.57659,2.4001,-0.10871,-4.7861,-1.0644,-4.9737,-0.60844,-0.52715,-0.58612,2.5943
-0.0069127,-0.018704,-0.089677,0.050645,0.044424,-1.3319,0.3913,-0.65487,0.43033,3.0671,0.073569,2.0944,-0.2496,-0.46587,0.52474,1.7611,-0.13366,-4.6883,-1.065,-5.108,-0.4955,0.36215,-0.39972,2.5824
-0.0046034,-0.02753,-0.089438,0.045107,0.014583,-1.425,0.36155,-0.78144,0.44812,2.4275,0.077138,1.7818,-0.16865,-0.78278,0.48741,1.192,-0.15375,-4.5937,-1.0679,-5.0817,-0.37375,1.3914,-0.20439,2.6269
-0.0043862,-0.036948,-0.092579,0.033974,-0.013487,-1.4388,0.33641,-0.84567,0.4653,1.8906,0.11287,1.5449,-0.066007,-0.90065,0.45327,0.7879,-0.17107,-4.5223,-1.0787,-4.9225,-0.26558,2.4292,-0.048479,2.7333
-0.0067223,-0.042434,-0.098212,0.025086,-0.068415,-1.3838,0.31893,-0.86523,0.49149,1.5243,0.16125,1.3763,0.041158,-0.77485,0.40405,0.57464,-0.18752,-4.4773,-1.1113,-4.6826,-0.18451,3.3269,0.034324,2.893
-0.010126,-0.042842,-0.10387,0.025163,-0.15948,-1.2944,0.3087,-0.86445,0.53688,1.3325,0.20602,1.2594,0.14205,-0.46904,0.32312,0.52336,-0.20283,-4.4437,-1.1735,-4.4031,-0.13252,3.954,0.039792,3.0943
-0.012343,-0.041238,-0.10735,0.034483,-0.26851,-1.2059,0.30517,-0.85063,0.60304,1.2705,0.23929,1.1778,0.23341,-0.12296,0.20319,0.57666,-0.21483,-4.3988,-1.2579,-4.0966,-0.10312,4.2351,-0.0050229,3.3184
-0.011927,-0.04248,-0.10828,0.046755,-0.36427,-1.1314,0.30928,-0.81006,0.68016,1.2757,0.26114,1.113,0.31382,0.11488,0.050396,0.66604,-0.22145,-4.3276,-1.3454,-3.7609,-0.087625,4.1759,-0.055552,3.5207
-0.0090762,-0.049148,-0.10803,0.054169,-0.42523,-1.0565,0.32131,-0.72573,0.75246,1.2954,0.27701,1.0413,0.37773,0.14615,-0.11619,0.72003,-0.22252,-4.2341,-1.416,-3.4083,-0.07991,3.8659,-0.072824,3.6242
-0.0052861,-0.058989,-0.10798,0.053261,-0.45049,-0.9547,0.3373,-0.60013,0.80603,1.2989,0.29548,0.94388,0.41524,-0.05412,-0.26927,0.67422,-0.2199,-4.1366,-1.46,-3.082,-0.077174,3.4498,-0.042975,3.543
-0.0022397,-0.066165,-0.10811,0.046796,-0.45138,-0.81346,0.34888,-0.46299,0.83256,1.2757,0.32522,0.82325,0.41833,-0.44764,-0.38102,0.48803,-0.21626,-4.0472,-1.4782,-2.8435,-0.077032,3.0796,0.018836,3.2289
-0.00083312,-0.065645,-0.10726,0.040547,-0.43501,-0.65087,0.3485,-0.35701,0.82757,1.224,0.36972,0.70876,0.38809,-0.95678,-0.4321,0.15918,-0.21358,-3.9505,-1.4727,-2.7357,-0.074504,2.862,0.08241,2.7101
-0.0009791,-0.057483,-0.10483,0.038154,-0.3978,-0.50976,0.33598,-0.3131,0.78702,1.1376,0.42207,0.63848,0.33685,-1.4884,-0.41968,-0.27639,-0.21245,-3.7981,-1.4378,-2.7506,-0.062403,2.8261,0.12439,2.0849
-0.0021395,-0.04752,-0.10203,0.038533,-0.33541,-0.43271,0.32004,-0.33406,0.70702,0.9962,0.46492,0.62752,0.28285,-1.957,-0.36142,-0.76019,-0.21216,-3.5298,-1.3591,-2.8256,-0.035606,2.9246,0.14251,1.4723
-0.0039407,-0.043698,-0.10118,0.037669,-0.25765,-0.43659,0.31189,-0.3983,0.58689,0.76721,0.47882,0.64972,0.24096,-2.3108,-0.29211,-1.23,-0.21127,-3.1123,-1.225,-2.8741,0.0041156,3.0665,0.1529,0.95254
-0.0062593,-0.050597,-0.10344,0.032728,-0.19112,-0.50631,0.31584,-0.47958,0.43208,0.42165,0.45509,0.65323,0.21595,-2.5498,-0.25173,-1.6305,-0.20832,-2.5728,-1.0415,-2.8297,0.047262,3.165,0.17427,0.54551
-0.008807,-0.066251,-0.10739,0.024639,-0.16421,-0.61279,0.32537,-0.56769,0.25377,-0.040198,0.40374,0.60254,0.20241,-2.7219,-0.26804,-1.9181,-0.20259,-2.0019,-0.83897,-2.6743,0.081625,3.1763,0.21286,0.23875
-0.010872,-0.083661,-0.10987,0.01705,-0.18681,-0.73953,0.32861,-0.67516,0.065475,-0.57009,0.34961,0.51335,0.1905,-2.8874,-0.3419,-2.0701,-0.19458,-1.5176,-0.66238,-2.4345,0.10024,3.1083,0.25985,0.035312
-0.011791,-0.095842,-0.10853,0.012927,-0.24273,-0.89403,0.3187,-0.82577,-0.11983,-1.0773,0.31815,0.44924,0.17317,-3.0697,-0.44463,-2.1012,-0.18561,-1.2049,-0.54853,-2.1497,0.10649,2.998,0.30138,-0.028133
-0.011872,-0.1005,-0.1038,0.012063,-0.30112,-1.0923,0.29976,-1.0331,-0.2901,-1.4622,0.32095,0.47896,0.14984,-3.2281,-0.53104,-2.073,-0.17655,-1.0668,-0.50476,-1.8405,0.11218,2.8763,0.33071,0.085291
-0.012746,-0.10072,-0.098504,0.011662,-0.33596,-1.3287,0.28307,-1.2841,-0.43404,-1.6621,0.35064,0.6263,0.12563,-3.2749,-0.56232,-2.0745,-0.16655,-1.0178,-0.50328,-1.499,0.12932,2.744,0.35133,0.3554
-0.016361,-0.10134,-0.095512,0.0092664,-0.33641,-1.5592,0.27737,-1.5387,-0.54319,-1.6792,0.38788,0.85091,0.10763,-3.13,-0.52547,-2.174,-0.153,-0.92856,-0.49605,-1.1068,0.16133,2.5791,0.36952,0.67963
-0.023131,-0.10414,-0.095567,0.0051207,-0.30189,-1.7162,0.2822,-1.7469,-0.61663,-1.5728,0.41403,1.0727,0.10175,-2.7758,-0.43742,-2.3692,-0.13335,-0.69589,-0.44112,-0.66439,0.19983,2.3648,0.38492,0.91372
-0.030868,-0.10621,-0.097048,0.0017453,-0.23199,-1.748,0.29027,-1.8718,-0.66375,-1.4217,0.42075,1.2185,0.11147,-2.2718,-0.33231,-2.5774,-0.10751,-0.29507,-0.32388,-0.20616,0.2296,2.1149,0.38909,0.9578
-0.035787,-0.10316,-0.097623,0.0011192,-0.12557,-1.6533,0.29561,-1.9048,-0.70055,-1.2822,0.4121,1.2568,0.13789,-1.7207,-0.24113,-2.6799,-0.078838,0.21539,-0.16052,0.21066,0.23835,1.8731,0.37374,0.82488
-0.035189,-0.094294,-0.096125,0.0021514,0.0083867,-1.4818,0.2989,-1.8647,-0.73988,-1.1725,0.40044,1.201,0.17926,-1.2132,-0.17778,-2.5945,-0.052572,0.73614,0.016377,0.53641,0.22478,1.6857,0.34041,0.63702
-0.029717,-0.084931,-0.093063,0.00090629,0.14075,-1.3004,0.30474,-1.781,-0.78268,-1.0873,0.40018,1.0902,0.22921,-0.79202,-0.13938,-2.3253,-0.03273,1.1858,0.17887,0.75744,0.19934,1.5693,0.3016,0.54781
-0.023158,-0.082913,-0.089561,-0.0064018,0.22813,-1.1508,0.31406,-1.6756,-0.81742,-1.0264,0.42231,0.96791,0.27514,-0.4594,-0.11753,-1.9564,-0.019815,1.5383,0.31755,0.90426,0.17717,1.5006,0.27103,0.64532
-0.019701,-0.091779,-0.085934,-0.020113,0.23555,-1.0314,0.32035,-1.5526,-0.82883,-1.0103,0.47002,0.87064,0.29938,-0.21281,-0.10979,-1.5982,-0.011043,1.8197,0.44094,1.0357,0.16806,1.4345,0.25131,0.90351
-0.020744,-0.10646,-0.081278,-0.036331,0.1593,-0.91251,0.31464,-1.4025,-0.8086,-1.0674,0.53645,0.82239,0.28525,-0.071644,-0.12156,-1.3315,-0.0026745,2.0742,0.56366,1.2093,0.17025,1.3337,0.23014,1.2109
-0.023866,-0.11589,-0.074377,-0.049377,0.030769,-0.77076,0.29517,-1.2152,-0.75954,-1.2069,0.60611,0.82872,0.22654,-0.065741,-0.15759,-1.1888,0.0076005,2.3272,0.6927,1.4542,0.17247,1.1867,0.18958,1.4479
-0.024802,-0.11106,-0.065007,-0.055558,-0.10269,-0.61012,0.27224,-0.99263,-0.69115,-1.3996,0.66117,0.8721,0.1353,-0.19289,-0.21116,-1.1729,0.020012,2.5684,0.82129,1.7576,0.16236,1.0032,0.12132,1.5527
-0.0208,-0.092073,-0.054318,-0.055335,-0.20497,-0.45588,0.262,-0.75118,-0.61236,-1.5849,0.69042,0.91878,0.041799,-0.38487,-0.26112,-1.2836,0.033827,2.7647,0.9331,2.0714,0.13517,0.79861,0.036014,1.5347
-0.012676,-0.068168,-0.043853,-0.052346,-0.26551,-0.33037,0.27386,-0.51442,-0.52928,-1.7002,0.6957,0.93968,-0.016359,-0.52083,-0.28111,-1.5179,0.048729,2.8871,1.0132,2.3332,0.096409,0.58601,-0.041233,1.4395
-0.0040607,-0.050597,-0.034036,-0.050304,-0.29278,-0.2344,0.30219,-0.3011,-0.44872,-1.7112,0.69108,0.93211,-0.011848,-0.49015,-0.25536,-1.8441,0.065064,2.9331,1.0578,2.4943,0.056831,0.38003,-0.086027,1.3043
0.001312,-0.044259,-0.023624,-0.050359,-0.29687,-0.15002,0.3305,-0.11762,-0.38144,-1.6221,0.69506,0.92212,0.057522,-0.26263,-0.18991,-2.1783,0.082847,2.929,1.0767,2.5407,0.024184,0.20397,-0.089437,1.1416
0.0020373,-0.044996,-0.010869,-0.050928,-0.27829,-0.059697,0.34499,0.040277,-0.33867,-1.4626,0.72087,0.94167,0.16604,0.08951,-0.11055,-2.3933,0.10066,2.9135,1.0865,2.4967,-0.0017588,0.085031,-0.062061,0.95453
-0.00053904,-0.044398,0.0044204,-0.049873,-0.23128,0.037249,0.34602,0.17923,-0.32341,-1.2656,0.77103,0.99749,0.27183,0.44059,-0.048484,-2.362,0.11558,2.913,1.0999,2.4091,-0.027073,0.036913,-0.025434,0.75937
-0.0038199,-0.037541,0.019833,-0.046962,-0.15528,0.12539,0.34736,0.3008,-0.32506,-1.0536,0.83841,1.0585,0.3362,0.69825,-0.02321,-2.0074,0.12435,2.927,1.1179,2.3188,-0.056599,0.043972,0.0021099,0.59037
-0.0058922,-0.02694,0.031581,-0.044449,-0.062245,0.18907,0.36394,0.40134,-0.32454,-0.84033,0.9113,1.0736,0.33916,0.86239,-0.03394,-1.3281,0.12496,2.9319,1.1307,2.2393,-0.087904,0.063729,0.015025,0.48248
-0.0064317,-0.019661,0.037307,-0.045258,0.02652,0.22804,0.39895,0.47926,-0.30754,-0.64016,0.97822,1.0046,0.2831,1.0104,-0.064397,-0.39097,0.11775,2.9023,1.1265,2.1549,-0.11131,0.049673,0.019945,0.45155
-0.0062296,-0.020541,0.03815,-0.050407,0.089764,0.25905,0.44181,0.54264,-0.27518,-0.46888,1.0305,0.84892,0.18552,1.221,-0.095993,0.69061,0.10533,2.8357,1.1018,2.0404,-0.11608,-0.021538,0.027131,0.49075
-0.00609,-0.027529,0.038168,-0.057922,0.11367,0.303,0.47822,0.60945,-0.24222,-0.33391,1.0632,0.63476,0.068217,1.4981,-0.1193,1.7753,0.091625,2.7617,1.0654,1.887,-0.098059,-0.13924,0.041389,0.58418
-0.0061039,-0.033004,0.041439,-0.064244,0.09358,0.36959,0.50281,0.69824,-0.22405,-0.22294,1.0765,0.4001,-0.050063,1.7547,-0.13654,2.7059,0.080367,2.7276,1.0331,1.7172,-0.063313,-0.2722,0.059033,0.72041
-0.0057543,-0.029749,0.049228,-0.066904,0.032853,0.45283,0.52224,0.8162,-0.2233,-0.10599,1.0749,0.17457,-0.15632,1.8678,-0.15582,3.3318,0.074004,2.7653,1.017,1.5765,-0.025427,-0.39468,0.071956,0.89024
-0.0045694,-0.016538,0.059569,-0.066136,-0.057634,0.5401,0.54584,0.95409,-0.22785,0.045358,1.0654,-0.023544,-0.2445,1.7628,-0.18363,3.5512,0.07326,2.8616,1.0166,1.5077,0.0011959,-0.50413,0.074415,1.0708
-0.002655,0.0011543,0.069428,-0.064074,-0.16021,0.62564,0.57253,1.0926,-0.22154,0.23484,1.0517,-0.18192,-0.31652,1.4665,-0.22184,3.3579,0.077376,2.9545,1.0191,1.5258,0.0075455,-0.61679,0.066729,1.2153
-0.00061105,0.015714,0.077368,-0.062388,-0.2554,0.71578,0.58667,1.2149,-0.19818,0.43578,1.0312,-0.29316,-0.38063,1.0993,-0.26949,2.8573,0.084557,2.9621,1.0071,1.6069,-0.0073982,-0.7455,0.053453,1.2651
0.0011154,0.023386,0.084451,-0.060676,-0.33167,0.82102,0.56761,1.3154,-0.16645,0.61211,0.99666,-0.36052,-0.44425,0.81921,-0.32475,2.2301,0.092267,2.8278,0.9688,1.6981,-0.03766,-0.87788,0.038507,1.1832
0.0028482,0.026872,0.092887,-0.057129,-0.39371,0.94265,0.50554,1.3988,-0.14197,0.75292,0.94343,-0.39977,-0.50444,0.75245,-0.38318,1.6549,0.097528,2.5525,0.9037,1.7402,-0.072824,-0.97284,0.022083,0.98402
0.0056025,0.032502,0.10397,-0.0508,-0.46063,1.0673,0.41051,1.4718,-0.13366,0.89152,0.87685,-0.42857,-0.54443,0.94203,-0.43361,1.2365,0.097698,2.1918,0.82073,1.6925,-0.10063,-0.97966,0.0020841,0.73651
0.010198,0.04443,0.11708,-0.043185,-0.5524,1.177,0.30701,1.5377,-0.13635,1.0881,0.81181,-0.44939,-0.54209,1.3284,-0.45745,0.98015,0.091773,1.8227,0.73242,1.5483,-0.10982,-0.86801,-0.021615,0.53218
0.016265,0.060698,0.13026,-0.037446,-0.67322,1.2679,0.21866,1.5983,-0.13537,1.3825,0.76394,-0.44392,-0.48554,1.768,-0.43565,0.82182,0.081413,1.5032,0.64975,1.3371,-0.093764,-0.64864,-0.044549,0.43743
0.022133,0.074467,0.14144,-0.035924,-0.80532,1.3623,0.15517,1.6603,-0.11894,1.751,0.73892,-0.38887,-0.3833,2.09,-0.3609,0.68519,0.070508,1.2532,0.58083,1.111,-0.053962,-0.37106,-0.05965,0.46098
0.025911,0.079403,0.14922,-0.038275,-0.91902,1.5014,0.1108,1.7384,-0.087601,2.1007,0.72929,-0.28177,-0.25936,2.1786,-0.24648,0.5249,0.063022,1.0658,0.5326,0.92152,-0.00074746,-0.099775,-0.062448,0.55633
0.026942,0.07474,0.15321,-0.041947,-0.99159,1.7224,0.073764,1.8519,-0.053652,2.313,0.72224,-0.15187,-0.13662,2.0431,-0.12394,0.33804,0.060372,0.93359,0.51228,0.79819,0.050754,0.11466,-0.054906,0.65409
0.02632,0.06592,0.1541,-0.044418,-1.0196,2.0352,0.037158,2.0153,-0.031923,2.309,0.71192,-0.041541,-0.022971,1.8303,-0.028919,0.15427,0.060352,0.86597,0.52614,0.73883,0.087836,0.25057,-0.044386,0.69991
0.025927,0.060495,0.15364,-0.044939,-1.0146,2.4164,0.0025769,2.232,-0.03029,2.0938,0.70505,0.02897,0.088604,1.7557,0.016411,0.024986,0.058622,0.88209,0.57576,0.71916,0.106,0.30892,-0.038594,0.67329
0.026858,0.062881,0.15387,-0.044185,-0.98731,2.8215,-0.02547,2.4937,-0.047177,1.7512,0.71452,0.082488,0.20741,1.9862,0.01357,0.017192,0.05172,0.98641,0.6541,0.71365,0.10923,0.29567,-0.0409,0.58061
0.028662,0.07213,0.15568,-0.042482,-0.93508,3.2057,-0.048082,2.7843,-0.076523,1.3943,0.74609,0.16992,0.33214,2.5416,-0.01557,0.19973,0.0393,1.1491,0.74471,0.71217,0.10479,0.21118,-0.049774,0.43566
0.030067,0.083921,0.15758,-0.038761,-0.84531,3.5371,-0.075408,3.0856,-0.11437,1.1054,0.7901,0.3288,0.44844,3.2798,-0.042871,0.61077,0.023966,1.3099,0.82599,0.71945,0.09733,0.057627,-0.062078,0.24766
0.030352,0.094348,0.15626,-0.031502,-0.71248,3.7996,-0.12172,3.3838,-0.16083,0.90302,0.8259,0.54958,0.53655,3.9715,-0.049958,1.2174,0.0090991,1.4064,0.87923,0.7397,0.086947,-0.14262,-0.076413,0.025892
0.029933,0.10209,0.14911,-0.020701,-0.55248,3.9928,-0.1957,3.6756,-0.21638,0.75473,0.83585,0.77926,0.58041,4.4129,-0.037284,1.8988,-0.0034315,1.4086,0.89677,0.76278,0.072276,-0.33715,-0.093244,-0.20755
0.02961,0.10769,0.1368,-0.0086681,-0.39917,4.134,-0.29292,3.9717,-0.27702,0.62131,0.8175,0.96099,0.57199,4.5089,-0.022051,2.4792,-0.01393,1.3342,0.88519,0.76768,0.054726,-0.45695,-0.11215,-0.41373
0.029352,0.11161,0.1234,0.0014131,-0.28278,4.2584,-0.39585,4.2888,-0.33339,0.50084,0.78436,1.0775,0.51172,4.2867,-0.02667,2.8029,-0.023735,1.2344,0.86114,0.74289,0.03932,-0.44885,-0.1297,-0.55033
0.028021,0.11329,0.11329,0.0079165,-0.2071,4.4061,-0.48098,4.6311,-0.37546,0.44089,0.75537,1.163,0.40968,3.8543,-0.063914,2.8094,-0.033481,1.1572,0.84218,0.70501,0.031338,-0.30505,-0.14059,-0.59471
0.02446,0.11213,0.10739,0.011885,-0.14527,4.5968,-0.52818,4.9705,-0.39867,0.50923,0.74184,1.2758,0.28628,3.342,-0.12668,2.5567,-0.042228,1.1154,0.83819,0.69538,0.032411,-0.067977,-0.14139,-0.55834
0.018906,0.10872,0.10215,0.015723,-0.060023,4.8068,-0.52666,5.2451,-0.40672,0.74185,0.74209,1.4556,0.16649,2.8581,-0.18877,2.1738,-0.048017,1.0812,0.84899,0.75236,0.040232,0.19355,-0.13304,-0.48037
0.013237,0.10475,0.092642,0.020668,0.06659,4.9722,-0.47485,5.3862,-0.40857,1.1048,0.74621,1.7007,0.065143,2.4664,-0.21767,1.7772,-0.049393,1.0128,0.86896,0.88025,0.05212,0.41927,-0.11965,-0.40532
0.0096023,0.10144,0.077093,0.02538,0.21744,5.0225,-0.37703,5.3585,-0.41236,1.4996,0.74558,1.9806,-0.02709,2.1784,-0.19295,1.4098,-0.046863,0.89187,0.89459,1.0415,0.068384,0.57903,-0.10465,-0.36271
0.0085666,0.098262,0.058854,0.026945,0.35157,4.9237,-0.24174,5.1853,-0.42072,1.8114,0.73845,2.2674,-0.14137,1.9608,-0.11879,1.0515,-0.043312,0.74454,0.92883,1.1818,0.091346,0.66917,-0.088029,-0.36346
0.0084897,0.093403,0.04374,0.023467,0.43369,4.6988,-0.084496,4.9331,-0.43056,1.9682,0.72809,2.5546,-0.30622,1.7602,-0.021587,0.68793,-0.042935,0.6284,0.97917,1.2706,0.12049,0.69321,-0.067472,-0.41164
0.006864,0.085791,0.035171,0.016094,0.45928,4.408,0.068455,4.6655,-0.43693,1.9689,0.71646,2.8488,-0.51598,1.5417,0.066668,0.37816,-0.048946,0.59539,1.0514,1.324,0.14884,0.64781,-0.042152,-0.51621
0.0025857,0.07674,0.031596,0.0088826,0.45708,4.1053,0.1828,4.3994,-0.43724,1.8627,0.70028,3.1458,-0.71972,1.3206,0.12809,0.25722,-0.061233,0.65841,1.1435,1.3921,0.1655,0.52698,-0.01531,-0.68874
-0.0027965,0.069406,0.028504,0.006607,0.46951,3.8052,0.2292,4.0998,-0.43279,1.7016,0.67309,3.4171,-0.84646,1.1603,0.16743,0.45899,-0.075562,0.78598,1.244,1.5201,0.16362,0.33906,0.0072984,-0.92843
-0.0060659,0.066323,0.022897,0.01203,0.5273,3.4845,0.20148,3.7156,-0.42672,1.5074,0.63158,3.6226,-0.85351,1.1331,0.20339,1.0121,-0.085377,0.92664,1.3346,1.7136,0.14742,0.11764,0.02206,-1.2101
-0.0049083,0.067193,0.01575,0.024391,0.63579,3.1128,0.12683,3.2271,-0.42028,1.2811,0.58028,3.7357,-0.76165,1.265,0.25013,1.7876,-0.085624,1.0428,1.3964,1.9365,0.13156,-0.087285,0.031121,-1.4899
1.7706e-005,0.06909,0.010129,0.039922,0.77815,2.6827,0.056754,2.667,-0.41034,1.0405,0.53045,3.7564,-0.64735,1.5044,0.30388,2.5436,-0.076255,1.1288,1.4156,2.1406,0.13213,-0.23413,0.041464,-1.7267
0.0053462,0.069067,0.007129,0.05397,0.92757,2.2168,0.040429,2.1,-0.38969,0.84731,0.49335,3.6998,-0.59448,1.7372,0.34533,3.0394,-0.062746,1.2045,1.389,2.3042,0.15576,-0.31129,0.059834,-1.9034
0.0075824,0.066843,0.0041084,0.063424,1.0579,1.7494,0.096639,1.5816,-0.34973,0.79106,0.47276,3.5749,-0.64027,1.8402,0.35565,3.1451,-0.052785,1.294,1.3261,2.4488,0.19534,-0.33794,0.087522,-2.0289
0.0059616,0.064954,-0.0026751,0.068062,1.1486,1.3036,0.20382,1.1288,-0.28422,0.93756,0.46192,3.3784,-0.7555,1.7422,0.33263,2.8817,-0.051212,1.408,1.2444,2.6208,0.23559,-0.34361,0.11914,-2.1224
0.0031229,0.065986,-0.01362,0.070094,1.1878,0.88253,0.31595,0.72326,-0.19292,1.2808,0.44671,3.1147,-0.87137,1.4578,0.29394,2.3802,-0.056897,1.5399,1.1595,2.8541,0.26361,-0.34348,0.14618,-2.1925
0.0028231,0.069316,-0.024294,0.07224,1.176,0.47967,0.39283,0.33837,-0.083998,1.7373,0.41293,2.8219,-0.92972,1.0823,0.26479,1.8045,-0.064017,1.6709,1.0741,3.1404,0.27599,-0.32972,0.16241,-2.2321
0.0064714,0.070503,-0.02893,0.075611,1.1291,0.096275,0.42243,-0.035274,0.025776,2.1875,0.3529,2.5709,-0.91767,0.75094,0.26022,1.2909,-0.066748,1.7772,0.97417,3.4281,0.2777,-0.28492,0.1669,-2.2313
0.011501,0.064215,-0.02584,0.078762,1.0736,-0.24986,0.42001,-0.38324,0.11482,2.535,0.26783,2.4288,-0.86421,0.5862,0.27631,0.92616,-0.063667,1.8349,0.83733,3.6493,0.27498,-0.2053,0.16307,-2.1944
0.013232,0.048472,-0.019443,0.078567,1.0332,-0.52926,0.40743,-0.67972,0.16462,2.7434,0.16504,2.4087,-0.80809,0.65145,0.29674,0.75044,-0.058348,1.8274,0.65076,3.7562,0.26947,-0.1137,0.15525,-2.1436
0.0088751,0.026681,-0.016645,0.072398,1.014,-0.71462,0.3922,-0.90526,0.16873,2.8328,0.053039,2.4499,-0.76635,0.92961,0.30829,0.76055,-0.055836,1.7551,0.42501,3.7444,0.25816,-0.052131,0.14604,-2.1055
0.00026,0.0058221,-0.020803,0.060305,0.99955,-0.79444,0.36387,-1.0565,0.13743,2.8487,-0.061857,2.4513,-0.72695,1.3327,0.31177,0.90756,-0.058047,1.6428,0.19267,3.6518,0.23786,-0.059905,0.13603,-2.0918
-0.00726,-0.0077191,-0.028956,0.045874,0.9611,-0.77938,0.30946,-1.1444,0.093453,2.8276,-0.17492,2.3378,-0.66575,1.7382,0.31917,1.1045,-0.061895,1.5336,-0.0088733,3.5351,0.20928,-0.15374,0.12534,-2.0925
-0.0089957,-0.011536,-0.034952,0.03507,0.87503,-0.69885,0.23192,-1.186,0.059935,2.7796,-0.27967,2.109,-0.56945,2.0373,0.3401,1.257,-0.06151,1.4698,-0.15829,3.4389,0.17674,-0.32155,0.11497,-2.087
-0.0046758,-0.0077726,-0.035414,0.033328,0.73527,-0.58945,0.15322,-1.1956,0.047678,2.6874,-0.36629,1.8332,-0.44572,2.1774,0.37016,1.3079,-0.052521,1.4723,-0.25924,3.3752,0.14465,-0.53003,0.1071,-2.0619
0.0014816,-0.0012672,-0.032846,0.042177,0.55178,-0.48038,0.098091,-1.1804,0.050388,2.5146,-0.42533,1.5888,-0.31616,2.1812,0.39235,1.2677,-0.034945,1.5335,-0.33185,3.3236,0.11495,-0.73836,0.10468,-2.02
0.0043919,0.0029209,-0.03303,0.057425,0.33967,-0.38377,0.072662,-1.1407,0.051278,2.2177,-0.45602,1.4003,-0.20207,2.1349,0.39128,1.2067,-0.012724,1.6308,-0.39527,3.2533,0.087629,-0.91113,0.11106,-1.9745
0.0021959,0.0013285,-0.039401,0.070668,0.11078,-0.29642,0.057589,-1.0771,0.036191,1.7639,-0.47236,1.2154,-0.11477,2.148,0.36845,1.2116,0.0091613,1.7461,-0.45603,3.1509,0.063028,-1.0294,0.1295,-1.9366
-0.0026705,-0.0068452,-0.0498,0.07411,-0.12479,-0.21265,0.023154,-0.9984,0.0037286,1.1522,-0.49961,0.9432,-0.054423,2.2978,0.345,1.3325,0.02742,1.8767,-0.51009,3.0367,0.042644,-1.0999,0.16144,-1.911
-0.0060362,-0.019223,-0.058503,0.065993,-0.35122,-0.1397,-0.045771,-0.92833,-0.034409,0.43072,-0.5599,0.52304,-0.012637,2.585,0.34809,1.5547,0.041205,2.0282,-0.5536,2.9557,0.027394,-1.1568,0.20363,-1.9023
-0.0055815,-0.030785,-0.061355,0.052509,-0.5452,-0.10402,-0.13592,-0.90099,-0.062078,-0.30525,-0.65552,-0.02435,0.026093,2.9263,0.39059,1.8078,0.051129,2.2002,-0.59052,2.9499,0.015663,-1.2504,0.24625,-1.9237
-0.0022866,-0.036151,-0.059187,0.043928,-0.68594,-0.14312,-0.21468,-0.94768,-0.069324,-0.94073,-0.76326,-0.59989,0.083261,3.1939,0.45934,2.0033,0.058094,2.3797,-0.63026,3.0302,0.004067,-1.4198,0.27501,-1.9932
0.0010706,-0.033007,-0.056693,0.047084,-0.77025,-0.28733,-0.25451,-1.0815,-0.057697,-1.3858,-0.84696,-1.0818,0.18065,3.2841,0.52164,2.0751,0.063027,2.5464,-0.67906,3.1675,-0.0091096,-1.6649,0.2776,-2.1184
0.0024456,-0.024306,-0.058247,0.060008,-0.81824,-0.54243,-0.25293,-1.2903,-0.037827,-1.6149,-0.88135,-1.397,0.32873,3.1714,0.54531,2.0011,0.067167,2.6822,-0.73481,3.3061,-0.021116,-1.9372,0.25128,-2.2816
0.0016694,-0.016888,-0.064603,0.073381,-0.86218,-0.8817,-0.23337,-1.542,-0.02221,-1.6775,-0.87008,-1.5633,0.51575,2.9126,0.51831,1.7972,0.071836,2.7708,-0.79064,3.3879,-0.025731,-2.1605,0.20643,-2.4427
-0.00036665,-0.016744,-0.073025,0.078022,-0.9263,-1.2496,-0.22844,-1.7951,-0.018271,-1.6737,-0.84345,-1.6756,0.708,2.6,0.45429,1.4967,0.077337,2.792,-0.84356,3.3698,-0.017462,-2.272,0.16275,-2.5607
-0.0030441,-0.024362,-0.080052,0.072209,-1.0147,-1.5744,-0.26002,-2.0072,-0.025171,-1.7068,-0.83667,-1.8457,0.86487,2.2998,0.38126,1.1289,0.081955,2.721,-0.89901,3.2306,0.0050717,-2.2532,0.14007,-2.6186
-0.0062903,-0.03416,-0.084143,0.062557,-1.1177,-1.7861,-0.33021,-2.1363,-0.035024,-1.8366,-0.86519,-2.1351,0.96006,2.0221,0.32258,0.71272,0.082459,2.5428,-0.96651,2.9733,0.039797,-2.13,0.14936,-2.6287
-0.0097597,-0.038885,-0.086192,0.057836,-1.2298,-1.8382,-0.42527,-2.1436,-0.037177,-2.058,-0.91601,-2.5204,0.99271,1.7389,0.28382,0.26447,0.076373,2.2716,-1.0502,2.6277,0.084728,-1.9424,0.18906,-2.6137
-0.01222,-0.035509,-0.088166,0.061429,-1.36,-1.7247,-0.52497,-2.0041,-0.023474,-2.312,-0.96116,-2.9107,0.9794,1.4241,0.25354,-0.19046,0.064488,1.9537,-1.1433,2.2458,0.13979,-1.7114,0.24793,-2.5791
-0.012146,-0.027587,-0.091489,0.069108,-1.5241,-1.4864,-0.6089,-1.7235,0.0077346,-2.5217,-0.98146,-3.2025,0.93347,1.077,0.21553,-0.61429,0.051461,1.6428,-1.2312,1.8811,0.2039,-1.4315,0.31129,-2.5004
-0.0090766,-0.022048,-0.096418,0.07363,-1.7238,-1.195,-0.65856,-1.3451,0.050635,-2.6344,-0.98128,-3.3366,0.85083,0.71073,0.16265,-0.96692,0.043558,1.3631,-1.3006,1.5544,0.26984,-1.0938,0.36658,-2.3388
-0.0043784,-0.02322,-0.10234,0.071343,-1.9339,-0.92105,-0.6597,-0.93466,0.094601,-2.6485,-0.98353,-3.3251,0.71645,0.32778,0.10248,-1.2225,0.044933,1.0916,-1.3475,1.2297,0.32282,-0.7168,0.40575,-2.0729
-0.00056622,-0.029342,-0.10823,0.064694,-2.1106,-0.69963,-0.60796,-0.54598,0.12902,-2.613,-1.011,-3.2386,0.52761,-0.086804,0.051849,-1.3798,0.055178,0.7789,-1.3759,0.82869,0.34653,-0.35544,0.42507,-1.7207
0.00027754,-0.034474,-0.11286,0.058977,-2.2148,-0.51683,-0.51445,-0.19187,0.14759,-2.6026,-1.0702,-3.1687,0.313,-0.543,0.025378,-1.459,0.07001,0.39393,-1.3911,0.28715,0.33306,-0.080314,0.42382,-1.3344
-0.002301,-0.033903,-0.11501,0.05719,-2.232,-0.32775,-0.40514,0.15554,0.14997,-2.6814,-1.1498,-3.1874,0.12771,-1.0186,0.026578,-1.4882,0.084387,-0.043789,-1.3912,-0.3832,0.28871,0.05624,0.40292,-0.97056
-0.0071383,-0.028185,-0.11402,0.05799,-2.1714,-0.096054,-0.31124,0.53011,0.14064,-2.8742,-1.2312,-3.3206,0.02304,-1.4593,0.047095,-1.4893,0.095409,-0.47155,-1.3664,-1.0762,0.23027,0.039779,0.36379,-0.6613
-0.012403,-0.022457,-0.11058,0.058025,-2.0491,0.17174,-0.25515,0.92778,0.1268,-3.1586,-1.3017,-3.5428,0.01223,-1.8115,0.073171,-1.4755,0.10264,-0.82356,-1.3047,-1.6409,0.1745,-0.11164,0.30753,-0.40723
-0.016613,-0.022029,-0.10701,0.055539,-1.8721,0.42242,-0.24078,1.2898,0.11681,-3.4789,-1.3578,-3.7895,0.058584,-2.0614,0.09334,-1.4579,0.10594,-1.0701,-1.202,-1.9718,0.12945,-0.36518,0.23502,-0.19771
-0.019139,-0.028314,-0.10622,0.051548,-1.6381,0.58713,-0.2542,1.5306,0.11927,-3.7708,-1.401,-3.9827,0.096502,-2.2431,0.1016,-1.4527,0.1033,-1.2256,-1.0697,-2.0754,0.094419,-0.68218,0.14855,-0.040253
-0.020227,-0.038458,-0.10982,0.047981,-1.3489,0.62591,-0.27364,1.5918,0.14126,-3.9828,-1.4316,-4.0608,0.070643,-2.408,0.095271,-1.4818,0.091226,-1.3259,-0.93451,-2.0646,0.067279,-1.0114,0.054392,0.026331
-0.020807,-0.048388,-0.11664,0.045328,-1.0202,0.55385,-0.28215,1.4804,0.18556,-4.0844,-1.4483,-4.0005,-0.034812,-2.5838,0.071617,-1.5629,0.067999,-1.3976,-0.8288,-2.0834,0.051257,-1.2803,-0.035514,-0.050633
-0.022118,-0.056098,-0.12308,0.042373,-0.67428,0.42956,-0.27575,1.2605,0.2481,-4.0637,-1.4508,-3.8181,-0.19607,-2.7599,0.027979,-1.702,0.037085,-1.4476,-0.77577,-2.2185,0.054314,-1.4052,-0.10488,-0.29778
-0.025028,-0.062287,-0.12547,0.037994,-0.32201,0.31491,-0.26342,1.0051,0.31823,-3.9194,-1.4423,-3.5534,-0.37504,-2.9099,-0.034435,-1.8968,0.007412,-1.4751,-0.77762,-2.4604,0.081745,-1.3225,-0.13827,-0.67941
-0.029298,-0.068285,-0.12273,0.032819,0.048205,0.23639,-0.26016,0.74811,0.38267,-3.6599,-1.4276,-3.247,-0.54777,-3.0263,-0.10748,-2.1516,-0.010666,-1.4893,-0.8152,-2.7372,0.1292,-1.0255,-0.12834,-1.092
-0.033464,-0.073766,-0.11722,0.028894,0.45794,0.17645,-0.27729,0.47467,0.43104,-3.3083,-1.4108,-2.9304,-0.71392,-3.1316,-0.17819,-2.4876,-0.011395,-1.5142,-0.86091,-2.9839,0.18291,-0.57679,-0.081322,-1.3997
-0.035801,-0.076668,-0.11275,0.027701,0.90906,0.099249,-0.31482,0.15786,0.4595,-2.9092,-1.3947,-2.6313,-0.88199,-3.2532,-0.23537,-2.9311,0.0025504,-1.5769,-0.89696,-3.1928,0.22731,-0.085692,-0.016689,-1.4941
-0.035826,-0.075369,-0.11125,0.028484,1.3623,-0.010986,-0.35896,-0.1933,0.47032,-2.5255,-1.3835,-2.3805,-1.045,-3.3849,-0.27475,-3.4793,0.021319,-1.6913,-0.92615,-3.4084,0.25387,0.33748,0.040109,-1.3451
-0.03497,-0.070929,-0.11104,0.028419,1.7475,-0.12961,-0.38569,-0.51664,0.46838,-2.2212,-1.3833,-2.2065,-1.1681,-3.475,-0.29769,-4.0652,0.033508,-1.8532,-0.96717,-3.6858,0.26433,0.62338,0.068872,-1.0085
-0.035447,-0.067119,-0.10829,0.024465,2.0054,-0.20388,-0.36838,-0.72689,0.45783,-2.0368,-1.3983,-2.1144,-1.2011,-3.4554,-0.30464,-4.5568,0.032394,-2.0498,-1.0379,-4.0522,0.26679,0.75971,0.063643,-0.58517
-0.038075,-0.067995,-0.10058,0.015358,2.1293,-0.1874,-0.28641,-0.76928,0.44126,-1.9729,-1.4249,-2.0731,-1.1081,-3.2923,-0.29066,-4.8053,0.01867,-2.2773,-1.1404,-4.5047,0.26859,0.78006,0.034032,-0.15586
-0.041075,-0.075001,-0.08924,0.0022902,2.174,-0.070804,-0.13244,-0.65416,0.42074,-1.9953,-1.4507,-2.0302,-0.89547,-3.0162,-0.24906,-4.7185,-0.0017625,-2.5546,-1.2589,-5.0351,0.27154,0.74002,-0.0019385,0.26338
-0.041345,-0.085975,-0.078301,-0.012044,2.2175,0.111,0.082984,-0.44857,0.39863,-2.0581,-1.4633,-1.9514,-0.61646,-2.7082,-0.18106,-4.3125,-0.02288,-2.9231,-1.3725,-5.6503,0.27191,0.69688,-0.028754,0.71364
-0.037385,-0.096742,-0.070944,-0.025174,2.3041,0.29628,0.33052,-0.23651,0.37642,-2.1276,-1.4607,-1.8532,-0.34946,-2.4521,-0.10224,-3.7044,-0.042639,-3.4304,-1.4704,-6.3625,0.26381,0.69885,-0.040925,1.2397
-0.031175,-0.10381,-0.066711,-0.036025,2.4114,0.42388,0.56652,-0.081503,0.35294,-2.1899,-1.4553,-1.7968,-0.16129,-2.2894,-0.037905,-3.0505,-0.063279,-4.1008,-1.5581,-7.1576,0.24318,0.77931,-0.042737,1.8321
-0.026924,-0.10594,-0.062146,-0.044765,2.4698,0.4539,0.74434,-0.015364,0.32422,-2.2383,-1.4644,-1.8423,-0.078833,-2.2106,-0.0089086,-2.4732,-0.088051,-4.9018,-1.6495,-7.9719,0.21008,0.95015,-0.041763,2.4125
-0.027443,-0.10353,-0.054221,-0.051607,2.4182,0.37422,0.83064,-0.049389,0.28615,-2.2585,-1.4946,-1.9994,-0.085076,-2.183,-0.01871,-2.0235,-0.11717,-5.7257,-1.7514,-8.7001,0.16879,1.1954,-0.04206,2.8748
-0.031374,-0.096938,-0.043248,-0.055712,2.2515,0.19565,0.81942,-0.18586,0.23803,-2.2296,-1.5342,-2.2174,-0.13885,-2.1893,-0.05229,-1.6936,-0.14607,-6.4017,-1.8547,-9.2307,0.12598,1.4721,-0.042391,3.1517
-0.034013,-0.085486,-0.032551,-0.055296,2.0221,-0.05752,0.73476,-0.4153,0.18383,-2.1452,-1.5602,-2.4271,-0.20224,-2.2427,-0.087734,-1.4548,-0.16713,-6.7499,-1.9358,-9.4844,0.087621,1.7227,-0.039978,3.2522
-0.031292,-0.06831,-0.025355,-0.04908,1.7972,-0.35646,0.61811,-0.70632,0.12976,-2.0348,-1.5569,-2.5989,-0.25706,-2.3692,-0.11079,-1.2852,-0.17342,-6.6609,-1.9699,-9.4328,0.055952,1.8961,-0.035438,3.24
-0.023463,-0.046162,-0.022018,-0.037987,1.6097,-0.67463,0.50584,-1.007,0.080219,-1.9596,-1.5297,-2.7686,-0.30297,-2.5702,-0.12091,-1.1668,-0.16207,-6.1649,-1.9464,-9.0997,0.028152,1.9653,-0.033851,3.1704
-0.015139,-0.022484,-0.02029,-0.025647,1.4437,-0.99193,0.41078,-1.266,0.035853,-1.979,-1.5023,-3.0061,-0.34431,-2.8007,-0.12561,-1.071,-0.13555,-5.4456,-1.8774,-8.5555,-0.002066,1.932,-0.040805,3.042
-0.011577,-0.0026034,-0.018137,-0.01707,1.263,-1.296,0.31998,-1.4604,-0.0045386,-2.1067,-1.4984,-3.353,-0.37937,-2.9804,-0.13026,-0.95481,-0.10056,-4.7763,-1.7956,-7.9108,-0.040798,1.8191,-0.057153,2.8042
-0.014438,0.0085373,-0.016077,-0.016232,1.0538,-1.5809,0.20983,-1.6073,-0.039975,-2.2939,-1.5233,-3.7779,-0.4004,-3.036,-0.13321,-0.78109,-0.065567,-4.399,-1.74,-7.2961,-0.09084,1.658,-0.077606,2.4199
-0.020667,0.0086848,-0.016495,-0.024054,0.84094,-1.8456,0.066799,-1.7466,-0.065255,-2.4533,-1.5588,-4.1836,-0.40097,-2.9441,-0.12976,-0.54644,-0.037837,-4.4083,-1.7353,-6.819,-0.15153,1.4811,-0.094885,1.9282
-0.02528,-0.00065984,-0.020506,-0.037966,0.66639,-2.0921,-0.10161,-1.9087,-0.073347,-2.5092,-1.5759,-4.4577,-0.38176,-2.7448,-0.11925,-0.28903,-0.020861,-4.7078,-1.775,-6.515,-0.22142,1.3205,-0.10608,1.4555
-0.025406,-0.014815,-0.025539,-0.053176,0.55204,-2.3242,-0.27266,-2.0909,-0.060798,-2.4382,-1.5539,-4.5274,-0.34913,-2.5142,-0.10693,-0.063991,-0.01309,-5.0696,-1.8203,-6.3276,-0.30079,1.2064,-0.11563,1.159
-0.022117,-0.027743,-0.026344,-0.064909,0.48228,-2.5442,-0.42433,-2.2605,-0.031841,-2.2731,-1.4922,-4.3846,-0.30949,-2.3129,-0.098509,0.099888,-0.0089511,-5.2593,-1.8176,-6.1454,-0.39093,1.1602,-0.13222,1.1456
-0.018793,-0.034382,-0.018924,-0.070541,0.42239,-2.7474,-0.54736,-2.3792,0.0023767,-2.0755,-1.408,-4.0761,-0.26633,-2.1481,-0.093195,0.22992,-0.0021991,-5.1535,-1.7283,-5.8782,-0.49005,1.1822,-0.16205,1.4239
-0.017868,-0.032592,-0.0040676,-0.070632,0.35483,-2.9197,-0.64432,-2.4301,0.029196,-1.9024,-1.3242,-3.6781,-0.22302,-1.9778,-0.083616,0.40061,0.010045,-4.78,-1.5523,-5.5143,-0.58968,1.2442,-0.20414,1.9192
-0.018942,-0.023804,0.012741,-0.068309,0.29877,-3.0421,-0.71923,-2.4273,0.040577,-1.7898,-1.2572,-3.2747,-0.18743,-1.7564,-0.064222,0.68708,0.025294,-4.2703,-1.3277,-5.112,-0.67636,1.2963,-0.25158,2.5291
-0.019604,-0.011848,0.02518,-0.067172,0.29369,-3.1018,-0.76966,-2.4057,0.035593,-1.7529,-1.2117,-2.9448,-0.17165,-1.4867,-0.040751,1.11,0.037514,-3.7682,-1.107,-4.7294,-0.73931,1.2866,-0.2973,3.1664
-0.017832,-0.00044915,0.030642,-0.06885,0.36026,-3.1043,-0.78995,-2.4005,0.01804,-1.7901,-1.1818,-2.7466,-0.18506,-1.2331,-0.030763,1.6095,0.041732,-3.358,-0.92429,-4.3543,-0.77927,1.1871,-0.33925,3.7587
-0.01364,0.0090742,0.031817,-0.071853,0.47273,-3.0744,-0.78256,-2.4299,-0.0081363,-1.8783,-1.1564,-2.6982,-0.22627,-1.0805,-0.052524,2.07,0.038008,-3.0446,-0.77747,-3.9008,-0.81046,1.0092,-0.38061,4.2198
-0.0087453,0.018234,0.03418,-0.072752,0.56902,-3.0433,-0.76562,-2.4894,-0.041448,-1.9705,-1.1241,-2.7654,-0.28156,-1.0671,-0.11068,2.3829,0.031526,-2.7797,-0.63739,-3.2822,-0.85205,0.80186,-0.42528,4.4392
-0.0049693,0.029562,0.041591,-0.068994,0.59305,-3.0287,-0.76693,-2.5583,-0.081539,-2.0066,-1.0786,-2.8727,-0.33294,-1.1458,-0.1916,2.509,0.028633,-2.5023,-0.47562,-2.5045,-0.91338,0.63182,-0.47285,4.3186
-0.0030114,0.043982,0.053572,-0.061223,0.53641,-3.0234,-0.80677,-2.6122,-0.12567,-1.943,-1.0211,-2.9383,-0.37082,-1.2113,-0.2738,2.4965,0.032,-2.1728,-0.28917,-1.6965,-0.98324,0.55517,-0.51759,3.8378
-0.002535,0.059567,0.066172,-0.053121,0.44618,-3.0017,-0.88259,-2.6351,-0.16666,-1.7774,-0.96072,-2.9111,-0.40225,-1.1759,-0.34535,2.4406,0.038882,-1.7906,-0.10331,-1.0447,-1.0318,0.59464,-0.55191,3.0951
-0.0030255,0.07273,0.075331,-0.048726,0.39207,-2.9383,-0.96881,-2.6249,-0.19461,-1.549,-0.90786,-2.7847,-0.44832,-1.0319,-0.41285,2.4095,0.043826,-1.3964,0.048954,-0.6735,-1.025,0.73406,-0.57084,2.2781
-0.0042565,0.080902,0.079831,-0.049295,0.41831,-2.8246,-1.0335,-2.5875,-0.2015,-1.305,-0.86622,-2.5781,-0.53158,-0.85175,-0.49322,2.3877,0.043422,-1.0562,0.1541,-0.56232,-0.94286,0.93238,-0.57345,1.5732
-0.0058872,0.084465,0.081666,-0.052294,0.51664,-2.668,-1.0606,-2.5227,-0.1855,-1.0632,-0.82802,-2.3041,-0.66049,-0.72749,-0.59479,2.2829,0.039044,-0.82606,0.23063,-0.56398,-0.78908,1.1471,-0.56074,1.0722
-0.0068715,0.086394,0.084003,-0.053339,0.63873,-2.4782,-1.0607,-2.4137,-0.15195,-0.80053,-0.77805,-1.9581,-0.82009,-0.7065,-0.70435,1.9953,0.035349,-0.71578,0.31727,-0.5105,-0.58827,1.3515,-0.53317,0.74114
-0.0056727,0.089948,0.088687,-0.049472,0.73487,-2.2535,-1.0642,-2.2297,-0.11042,-0.48156,-0.70434,-1.5408,-0.97426,-0.77931,-0.79261,1.5032,0.03595,-0.67661,0.44553,-0.32684,-0.37329,1.5351,-0.49112,0.47003
-0.0013991,0.096234,0.095211,-0.041121,0.78714,-1.9843,-1.1011,-1.9464,-0.069318,-0.10238,-0.60718,-1.0934,-1.0793,-0.9231,-0.83421,0.90018,0.039942,-0.62982,0.61638,-0.068152,-0.17205,1.6928,-0.43808,0.166
0.0051526,0.10343,0.10152,-0.031308,0.81318,-1.6699,-1.1827,-1.5701,-0.031145,0.28832,-0.49866,-0.70715,-1.1025,-1.1491,-0.82641,0.34695,0.04212,-0.51986,0.79658,0.14108,-0.0003105,1.8162,-0.38268,-0.17959
0.011709,0.10814,0.10556,-0.023021,0.84254,-1.3337,-1.2967,-1.1475,0.0087462,0.61141,-0.39274,-0.48536,-1.036,-1.4985,-0.79127,-0.034397,0.036629,-0.35245,0.9359,0.21181,0.13804,1.8961,-0.33597,-0.49377
0.016043,0.10793,0.10625,-0.017097,0.88843,-1.0154,-1.4148,-0.74633,0.058753,0.80545,-0.29452,-0.47694,-0.89922,-1.9835,-0.76037,-0.25156,0.021184,-0.18613,0.99324,0.15576,0.24614,1.9314,-0.30499,-0.68536
0.017577,0.10315,0.10357,-0.012258,0.93773,-0.74382,-1.505,-0.41961,0.12438,0.86239,-0.19816,-0.63328,-0.72739,-2.5286,-0.75374,-0.44812,-0.0011681,-0.083311,0.95593,0.066736,0.32824,1.9307,-0.28781,-0.71723
0.017624,0.097085,0.098259,-0.0069241,0.96369,-0.51073,-1.5378,-0.1762,0.20234,0.82442,-0.095229,-0.82842,-0.55218,-2.9708,-0.76718,-0.8107,-0.02378,-0.060967,0.84264,0.043791,0.38525,1.8985,-0.27493,-0.63471
0.018049,0.094051,0.091603,-0.00092401,0.94707,-0.2725,-1.4888,0.017279,0.27978,0.74884,0.01442,-0.93643,-0.38516,-3.1275,-0.77385,-1.4345,-0.040152,-0.080618,0.69049,0.12401,0.4132,1.8199,-0.25641,-0.53336
0.019571,0.096635,0.0854,0.0045008,0.88755,0.014112,-1.3407,0.20381,0.34021,0.67131,0.11928,-0.91293,-0.2147,-2.8828,-0.73649,-2.2384,-0.047194,-0.082207,0.53452,0.27493,0.40564,1.6618,-0.22895,-0.49371
0.021304,0.10388,0.081462,0.00823,0.79907,0.3475,-1.0912,0.39711,0.37294,0.59368,0.2032,-0.82032,-0.02026,-2.2322,-0.62404,-2.9928,-0.046157,-0.029996,0.39075,0.43997,0.35932,1.3994,-0.19709,-0.53017
0.021885,0.11162,0.080632,0.010683,0.69719,0.6655,-0.76121,0.56747,0.37985,0.49832,0.25662,-0.7768,0.20282,-1.2719,-0.42777,-3.4479,-0.041093,0.066858,0.25147,0.58709,0.2797,1.0471,-0.16765,-0.58741
0.021019,0.11499,0.082028,0.013607,0.59109,0.87698,-0.3954,0.66365,0.37478,0.37121,0.28263,-0.86639,0.42352,-0.16321,-0.17268,-3.4804,-0.036152,0.16879,0.095085,0.71663,0.18146,0.66663,-0.14269,-0.5837
0.019811,0.11126,0.083393,0.01837,0.48543,0.92206,-0.048708,0.65321,0.37583,0.21587,0.29424,-1.076,0.57715,0.89185,0.082657,-3.163,-0.033518,0.23375,-0.095786,0.82819,0.08191,0.33496,-0.11756,-0.47023
0.019522,0.10141,0.082646,0.024435,0.38669,0.81662,0.23553,0.5488,0.39586,0.053408,0.30705,-1.3038,0.59535,1.6689,0.26423,-2.7108,-0.033202,0.2315,-0.31975,0.8866,-0.0091041,0.092705,-0.085603,-0.26756
0.020066,0.089133,0.079534,0.029611,0.30572,0.64709,0.44165,0.40102,0.43716,-0.085494,0.33373,-1.4298,0.45157,1.969,0.31646,-2.3418,-0.034512,0.13974,-0.55523,0.82607,-0.094706,-0.086367,-0.045036,-0.055919
0.019929,0.078475,0.075985,0.031993,0.25365,0.5195,0.58173,0.26649,0.49217,-0.17113,0.38257,-1.3938,0.19439,1.7098,0.23513,-2.1481,-0.037745,-0.060384,-0.77215,0.59511,-0.18626,-0.2762,-0.0016194,0.074572
0.017801,0.071656,0.074708,0.031757,0.23543,0.50116,0.68096,0.17897,0.54776,-0.18657,0.45721,-1.2263,-0.058443,1.0144,0.076545,-2.0609,-0.044448,-0.37343,-0.94691,0.20535,-0.29037,-0.54025,0.035337,0.082215
0.014318,0.068459,0.077048,0.031042,0.24678,0.59591,0.76053,0.14465,0.58973,-0.13822,0.55448,-1.016,-0.17143,0.21207,-0.06863,-1.9258,-0.055806,-0.77115,-1.0692,-0.25829,-0.39728,-0.87832,0.059897,0.0023361
0.011993,0.06711,0.081817,0.03193,0.27605,0.76316,0.8297,0.15877,0.60604,-0.056725,0.66233,-0.84261,-0.064121,-0.29182,-0.12406,-1.6284,-0.070542,-1.1907,-1.1374,-0.6779,-0.4807,-1.2212,0.073046,-0.074352
0.0131,0.065657,0.086021,0.034479,0.3076,0.95627,0.88879,0.22192,0.58993,0.019111,0.76281,-0.72594,0.23804,-0.22288,-0.068067,-1.177,-0.084512,-1.5623,-1.1497,-0.96481,-0.51089,-1.4783,0.079746,-0.061231
0.017419,0.062898,0.086928,0.03673,0.32421,1.1468,0.93588,0.33857,0.54329,0.069832,0.84115,-0.62291,0.60946,0.41103,0.061248,-0.68829,-0.092936,-1.8484,-1.1011,-1.0988,-0.4725,-1.6009,0.082422,0.066168
0.022072,0.058568,0.083871,0.036732,0.30964,1.3221,0.96982,0.50188,0.47796,0.11367,0.89509,-0.46773,0.88736,1.3365,0.19759,-0.29379,-0.093848,-2.059,-0.98901,-1.1194,-0.37433,-1.6128,0.077082,0.25353
0.023817,0.052997,0.078493,0.034551,0.25412,1.4706,0.98938,0.68476,0.41238,0.19619,0.93553,-0.22203,0.9552,2.1952,0.29031,-0.037974,-0.089936,-2.2261,-0.8216,-1.0814,-0.24437,-1.5868,0.056033,0.4041
0.021748,0.046559,0.073326,0.032239,0.16137,1.5775,0.99345,0.85125,0.36384,0.35423,0.97625,0.1,0.79595,2.7603,0.32977,0.15842,-0.086987,-2.3587,-0.61921,-1.0131,-0.11409,-1.5896,0.015304,0.44132
0.017867,0.039161,0.069788,0.031744,0.050709,1.6356,0.98494,0.98065,0.34109,0.58257,1.021,0.44517,0.48493,3.036,0.34083,0.44863,-0.089866,-2.4225,-0.40621,-0.90658,-0.0039666,-1.6399,-0.039307,0.35225
0.015007,0.030017,0.067013,0.032846,-0.051586,1.6554,0.97421,1.0811,0.3425,0.83484,1.0596,0.76057,0.13286,3.1788,0.35612,0.961,-0.098983,-2.3664,-0.19963,-0.7425,0.080439,-1.7101,-0.092822,0.18211
0.014092,0.017995,0.062315,0.033212,-0.12911,1.6577,0.97552,1.177,0.36038,1.0618,1.0775,1.0306,-0.17894,3.3242,0.39221,1.7163,-0.10988,-2.173,-0.0037474,-0.52294,0.14154,-1.761,-0.12838,-0.010407
0.013378,0.0025135,0.053052,0.030583,-0.18849,1.6518,0.99682,1.2794,0.38659,1.2543,1.0705,1.2866,-0.42896,3.4675,0.44392,2.6078,-0.1161,-1.8845,0.18536,-0.28098,0.18008,-1.7778,-0.13623,-0.19743
0.010403,-0.015427,0.038752,0.025043,-0.25631,1.6208,1.031,1.3673,0.41424,1.4497,1.0496,1.5832,-0.63872,3.4908,0.49447,3.4481,-0.11309,-1.574,0.36932,-0.058911,0.19192,-1.7755,-0.11824,-0.38923
0.0047487,-0.0328,0.022074,0.019287,-0.35842,1.5325,1.0577,1.3989,0.43502,1.6911,1.0326,1.9544,-0.83059,3.2955,0.52825,4.0491,-0.10034,-1.2844,0.53938,0.12638,0.17355,-1.7769,-0.085347,-0.60223
-0.001075,-0.045194,0.007778,0.016738,-0.49512,1.3699,1.0567,1.3459,0.43746,1.9741,1.0281,2.3805,-0.99651,2.9145,0.53677,4.295,-0.08069,-0.99047,0.67675,0.30023,0.13024,-1.7864,-0.050277,-0.82029
-0.0035524,-0.04848,5.1788e-005,0.019266,-0.63188,1.1526,1.0215,1.2192,0.41092,2.2307,1.0278,2.7874,-1.0999,2.5012,0.51763,4.1793,-0.057599,-0.62288,0.76175,0.51239,0.078523,-1.7849,-0.020897,-0.9881
-0.0012194,-0.040847,-0.00024038,0.026328,-0.7149,0.92732,0.96333,1.0622,0.35348,2.3707,1.015,3.0824,-1.1044,2.2116,0.47236,3.7968,-0.032785,-0.13781,0.7864,0.79601,0.039156,-1.7484,0.0019168,-1.0458
0.0039036,-0.024262,0.0035067,0.035779,-0.7028,0.73157,0.90168,0.91449,0.2766,2.3478,0.97965,3.2034,-1.0032,2.084,0.40637,3.298,-0.0056372,0.42639,0.7632,1.134,0.025389,-1.6707,0.021866,-0.97644
0.0078246,-0.0044296,0.0054448,0.045221,-0.5924,0.56214,0.85095,0.7777,0.20006,2.1945,0.92739,3.1508,-0.82658,2.0252,0.32905,2.8258,0.025483,0.95608,0.72386,1.4599,0.035416,-1.5688,0.043454,-0.82441
0.0077873,0.011179,0.00091116,0.052835,-0.42059,0.37805,0.81411,0.61471,0.13958,1.9956,0.87294,2.9795,-0.62338,1.9107,0.25104,2.4614,0.061385,1.331,0.70728,1.6939,0.055061,-1.4684,0.070058,-0.66687
0.0044938,0.016745,-0.010432,0.05765,-0.24158,0.13774,0.78691,0.38464,0.096604,1.8254,0.8246,2.7619,-0.43286,1.7133,0.18002,2.2075,0.10102,1.5005,0.74273,1.7906,0.068583,-1.3837,0.10441,-0.56087
0.0015213,0.011337,-0.024137,0.059822,-0.095645,-0.16027,0.76645,0.083687,0.059054,1.702,0.77477,2.5468,-0.26703,1.5478,0.11933,2.0181,0.14177,1.5073,0.83845,1.7627,0.069166,-1.3117,0.14942,-0.50881
0.0024275,-0.0001632,-0.033607,0.060903,0.0099283,-0.46836,0.7554,-0.24372,0.012625,1.5938,0.70557,2.3421,-0.11379,1.5911,0.071834,1.8528,0.18034,1.4425,0.98333,1.6672,0.061365,-1.2415,0.20714,-0.46874
0.0078471,-0.0095984,-0.034063,0.063374,0.098495,-0.72088,0.75859,-0.53394,-0.046901,1.4618,0.60477,2.1269,0.045005,1.939,0.04494,1.7185,0.21339,1.3707,1.1595,1.5656,0.054739,-1.1689,0.27618,-0.39769
0.014823,-0.010408,-0.02522,0.069082,0.20625,-0.88008,0.7769,-0.74952,-0.11044,1.2939,0.47738,1.8772,0.21559,2.5106,0.050248,1.6636,0.23736,1.2859,1.3542,1.4883,0.055034,-1.101,0.35009,-0.29016
0.018855,-0.0016845,-0.011069,0.077523,0.36292,-0.96055,0.80494,-0.90406,-0.16334,1.1011,0.34269,1.5841,0.38647,3.0739,0.095595,1.7303,0.24827,1.1308,1.5597,1.4299,0.060407,-1.0479,0.4189,-0.18232
0.017131,0.011566,0.0026941,0.08564,0.5811,-1.0152,0.83383,-1.0486,-0.19633,0.89035,0.21949,1.2561,0.53683,3.3776,0.17544,1.9021,0.24219,0.86047,1.7611,1.3732,0.064854,-1.0154,0.47332,-0.12378
0.010561,0.022261,0.011526,0.089814,0.85476,-1.0977,0.85484,-1.2332,-0.21011,0.65041,0.11283,0.91015,0.65108,3.2952,0.269,2.0939,0.21686,0.49749,1.9251,1.3182,0.06442,-1.0054,0.50819,-0.14463
0.0031974,0.026226,0.013357,0.088651,1.1619,-1.2315,0.85945,-1.4751,-0.21051,0.37068,0.013638,0.56243,0.72793,2.8875,0.35008,2.1965,0.17345,0.13498,2.0068,1.2909,0.060074,-1.0241,0.5226,-0.2437
-0.00053633,0.024415,0.0081137,0.084133,1.468,-1.4049,0.83679,-1.7539,-0.20048,0.073619,-0.089336,0.22443,0.77749,2.3491,0.4025,2.1458,0.11722,-0.1135,1.9742,1.3238,0.055312,-1.0837,0.51683,-0.4005
0.0011951,0.020812,-0.0033747,0.079976,1.7321,-1.5884,0.77422,-2.0299,-0.17694,-0.17726,-0.1966,-0.097418,0.80888,1.8859,0.42914,1.9654,0.056456,-0.18011,1.8352,1.4259,0.05201,-1.1908,0.48971,-0.5933
0.0065219,0.018164,-0.019809,0.078506,1.9173,-1.7554,0.66418,-2.2647,-0.13553,-0.30981,-0.29571,-0.40007,0.81793,1.6095,0.44731,1.7493,0.0001292,-0.078791,1.6422,1.5692,0.049244,-1.3286,0.43946,-0.80534
0.011278,0.015499,-0.039033,0.078849,2.0043,-1.8896,0.51368,-2.4311,-0.078122,-0.29229,-0.37136,-0.67957,0.7855,1.507,0.4739,1.5972,-0.044413,0.10957,1.4654,1.7008,0.046107,-1.4515,0.36749,-1.0186
0.011839,0.0095723,-0.057795,0.078083,1.9992,-1.983,0.34736,-2.5117,-0.015568,-0.15752,-0.41872,-0.92489,0.68928,1.4869,0.51212,1.551,-0.07288,0.28774,1.3509,1.7745,0.045024,-1.5041,0.28137,-1.2082
0.0074003,-0.0012949,-0.072611,0.074342,1.928,-2.0303,0.19847,-2.4993,0.03702,0.018099,-0.44857,-1.1155,0.52244,1.4512,0.54975,1.5784,-0.084463,0.39359,1.2952,1.7749,0.051598,-1.4545,0.1934,-1.3499
0.00023905,-0.014686,-0.081485,0.069003,1.8195,-2.0312,0.092004,-2.4044,0.06826,0.16146,-0.48021,-1.2298,0.30627,1.343,0.56942,1.6105,-0.081705,0.42409,1.2549,1.7216,0.070668,-1.3198,0.1149,-1.4362
-0.0059939,-0.025335,-0.085142,0.065834,1.6878,-1.9971,0.031798,-2.2627,0.075126,0.23679,-0.52846,-1.2637,0.08691,1.1523,0.56179,1.5986,-0.070007,0.42611,1.1858,1.6552,0.1022,-1.1633,0.050558,-1.4884
-0.0086329,-0.029162,-0.086561,0.067646,1.5274,-1.9542,0.0012096,-2.1318,0.0614,0.24448,-0.59506,-1.2452,-0.08378,0.89501,0.53126,1.5425,-0.056459,0.46757,1.0795,1.6204,0.14073,-1.0637,-0.0025995,-1.5505
-0.007417,-0.026665,-0.088964,0.073299,1.3273,-1.9383,-0.023241,-2.073,0.033001,0.19562,-0.67067,-1.23,-0.17268,0.59536,0.49066,1.4703,-0.047774,0.60759,0.97074,1.657,0.17857,-1.0754,-0.050666,-1.6656
-0.0042189,-0.022778,-0.093788,0.077764,1.0923,-1.98,-0.055754,-2.1246,-0.004806,0.091096,-0.74532,-1.276,-0.18048,0.28035,0.45046,1.3924,-0.047914,0.87738,0.91176,1.7975,0.20982,-1.204,-0.096311,-1.8494
-0.001533,-0.023318,-0.10015,0.075521,0.8535,-2.0859,-0.093982,-2.283,-0.046528,-0.077596,-0.81895,-1.4139,-0.13845,-0.019832,0.41125,1.273,-0.056734,1.2747,0.93715,2.0615,0.23193,-1.4066,-0.13539,-2.0768
-0.00089474,-0.030876,-0.10602,0.064696,0.65829,-2.2269,-0.12393,-2.4983,-0.084637,-0.31391,-0.9044,-1.6399,-0.089543,-0.27569,0.36475,1.0472,-0.070645,1.7695,1.0468,2.4431,0.24454,-1.6142,-0.15918,-2.2911
-0.0022438,-0.043308,-0.1098,0.048646,0.54332,-2.3416,-0.13104,-2.6905,-0.11062,-0.60816,-1.0209,-1.9351,-0.065883,-0.46521,0.30141,0.67237,-0.085006,2.3168,1.2157,2.9006,0.24796,-1.7623,-0.16037,-2.4313
-0.0044312,-0.055778,-0.11099,0.033654,0.51178,-2.3597,-0.10879,-2.7794,-0.11937,-0.94431,-1.1821,-2.293,-0.076322,-0.57373,0.21843,0.17288,-0.096631,2.8697,1.4167,3.3644,0.24303,-1.8146,-0.1382,-2.4635
-0.006269,-0.064533,-0.10967,0.024547,0.53089,-2.238,-0.06044,-2.7182,-0.11322,-1.3108,-1.3856,-2.7259,-0.10992,-0.5844,0.12301,-0.35607,-0.10471,3.3883,1.6309,3.7652,0.23222,-1.7725,-0.099181,-2.3968
-0.0072789,-0.069372,-0.10585,0.021724,0.55088,-1.9878,0.0042877,-2.5162,-0.10155,-1.699,-1.6111,-3.2385,-0.15057,-0.47162,0.029125,-0.79116,-0.10972,3.8421,1.8416,4.0698,0.22003,-1.6666,-0.053403,-2.277
-0.0077128,-0.073052,-0.099596,0.021836,0.53025,-1.6748,0.073711,-2.2355,-0.09536,-2.0875,-1.8263,-3.792,-0.19128,-0.21324,-0.049589,-1.0418,-0.11154,4.2089,2.0234,4.2989,0.21152,-1.5382,-0.0092937,-2.1598
-0.0080667,-0.078413,-0.091821,0.021211,0.45007,-1.3842,0.13796,-1.9588,-0.10034,-2.4291,-2.0001,-4.2948,-0.23814,0.17806,-0.10718,-1.0934,-0.10848,4.4769,2.1449,4.5126,0.20984,-1.4203,0.029326,-2.082
-0.008641,-0.08574,-0.084509,0.01887,0.31155,-1.1736,0.19168,-1.7437,-0.11343,-2.6597,-2.113,-4.638,-0.30236,0.62731,-0.14886,-1.0128,-0.098103,4.6514,2.1884,4.7718,0.21485,-1.3279,0.062487,-2.047
-0.0094905,-0.092473,-0.079764,0.016495,0.12556,-1.0429,0.23467,-1.5939,-0.12509,-2.7302,-2.1619,-4.7538,-0.3872,1.0037,-0.18811,-0.91951,-0.079204,4.7577,2.1685,5.1011,0.22377,-1.2628,0.091154,-2.0333
-0.010635,-0.095339,-0.07821,0.015615,-0.093724,-0.94521,0.2684,-1.467,-0.12563,-2.6414,-2.1576,-4.6559,-0.48026,1.1709,-0.23787,-0.94052,-0.053251,4.8353,2.1283,5.4776,0.23324,-1.2232,0.11518,-2.0154
-0.012151,-0.093004,-0.078228,0.014965,-0.32762,-0.82951,0.28915,-1.3155,-0.11137,-2.4542,-2.1177,-4.4308,-0.55733,1.058,-0.30018,-1.1632,-0.024065,4.9211,2.1115,5.8517,0.24098,-1.2076,0.13387,-1.9807
-0.013972,-0.087098,-0.076891,0.010824,-0.5509,-0.68231,0.28288,-1.1296,-0.087158,-2.2654,-2.0604,-4.1874,-0.59537,0.70643,-0.36132,-1.6003,0.0041385,5.0306,2.1321,6.1817,0.24623,-1.2107,0.14807,-1.9318
-0.015634,-0.080984,-0.071961,0.00028259,-0.73707,-0.53721,0.22903,-0.94808,-0.063938,-2.1616,-1.9998,-4.0014,-0.58527,0.25855,-0.3973,-2.1762,0.028847,5.1503,2.1665,6.4557,0.24931,-1.2171,0.16071,-1.877
-0.016348,-0.077442,-0.063275,-0.015512,-0.86964,-0.44715,0.11387,-0.8287,-0.052863,-2.1799,-1.9435,-3.8895,-0.53399,-0.1086,-0.38772,-2.7458,0.049849,5.2439,2.1756,6.6866,0.25149,-1.2051,0.17438,-1.8219
-0.015528,-0.077169,-0.052395,-0.031386,-0.94979,-0.44403,-0.05531,-0.80248,-0.059318,-2.2959,-1.8899,-3.8219,-0.45411,-0.26738,-0.32917,-3.1454,0.067865,5.2679,2.1341,6.8841,0.25504,-1.1622,0.18753,-1.7693
-0.01335,-0.079042,-0.040903,-0.041784,-0.99179,-0.51753,-0.24784,-0.84919,-0.080107,-2.442,-1.8278,-3.753,-0.34879,-0.19217,-0.23833,-3.2577,0.082439,5.1894,2.0427,7.0308,0.26287,-1.1029,0.19345,-1.7265
-0.010826,-0.081527,-0.028885,-0.045043,-1.0092,-0.62623,-0.42388,-0.91169,-0.10544,-2.5448,-1.7404,-3.6482,-0.20541,0.046203,-0.14244,-3.0576,0.091057,4.998,1.913,7.081,0.27706,-1.0699,0.18411,-1.7074
-0.0091946,-0.083732,-0.014974,-0.044534,-1.0046,-0.72654,-0.5562,-0.93439,-0.12457,-2.5601,-1.6151,-3.4953,-0.0054289,0.33313,-0.064171,-2.6121,0.090535,4.7127,1.7437,6.9892,0.29722,-1.1115,0.15674,-1.7246
-0.0090488,-0.085209,0.0020848,-0.045595,-0.97253,-0.79422,-0.64287,-0.89384,-0.13162,-2.4938,-1.4538,-3.306,0.25543,0.57137,-0.012303,-2.0359,0.079775,4.3793,1.5141,6.7471,0.32027,-1.2472,0.11725,-1.7756
-0.0099026,-0.084978,0.02164,-0.05088,-0.91348,-0.82496,-0.70117,-0.80061,-0.12803,-2.3988,-1.2757,-3.1154,0.55254,0.71268,0.015632,-1.4329,0.061685,4.0554,1.203,6.4018,0.34235,-1.4451,0.07662,-1.8372
-0.010566,-0.081225,0.040643,-0.058164,-0.84563,-0.82247,-0.74853,-0.67924,-0.12004,-2.351,-1.1083,-2.9746,0.83671,0.74906,0.023159,-0.86271,0.042588,3.7839,0.81656,6.0347,0.36177,-1.631,0.042233,-1.8746
-0.010042,-0.07252,0.055027,-0.062525,-0.8025,-0.79147,-0.78677,-0.54945,-0.11357,-2.413,-0.97137,-2.9333,1.0565,0.68309,0.0077709,-0.34631,0.029398,3.5707,0.3968,5.7142,0.38032,-1.7269,0.011322,-1.8628
-0.0082563,-0.059778,0.062105,-0.061022,-0.81902,-0.74359,-0.80281,-0.42513,-0.10985,-2.6032,-0.86482,-3.0114,1.183,0.50804,-0.035769,0.10416,0.02645,3.3815,0.0012668,5.4542,0.40146,-1.6974,-0.027212,-1.8048
-0.0060653,-0.046977,0.062351,-0.055808,-0.91848,-0.70615,-0.78402,-0.32544,-0.1051,-2.885,-0.77014,-3.1767,1.2187,0.21324,-0.10479,0.46334,0.033947,3.1663,-0.33157,5.2099,0.4264,-1.5724,-0.083159,-1.7332
-0.0045795,-0.039241,0.059271,-0.052915,-1.1101,-0.71775,-0.73428,-0.27906,-0.093709,-3.1851,-0.66479,-3.3483,1.1868,-0.19542,-0.1817,0.69711,0.048659,2.8963,-0.60265,4.9173,0.4515,-1.4306,-0.15507,-1.6926
-0.0043174,-0.039167,0.057369,-0.05756,-1.393,-0.80589,-0.67628,-0.31002,-0.072548,-3.4297,-0.53857,-3.4285,1.1112,-0.68174,-0.2395,0.78844,0.066045,2.5861,-0.84297,4.5441,0.46953,-1.3535,-0.22833,-1.7143
-0.0048149,-0.04424,0.059547,-0.069707,-1.7547,-0.96057,-0.63748,-0.4139,-0.043143,-3.5778,-0.3997,-3.3494,1.0062,-1.1844,-0.25811,0.76366,0.082557,2.2823,-1.084,4.1134,0.47452,-1.3769,-0.28306,-1.7973
-0.0049742,-0.047859,0.065793,-0.083491,-2.1581,-1.126,-0.63075,-0.54608,-0.010889,-3.6296,-0.26677,-3.104,0.88173,-1.6346,-0.2392,0.70015,0.097119,2.0277,-1.3321,3.6816,0.46659,-1.4725,-0.30552,-1.9089
-0.0039173,-0.043816,0.074019,-0.091115,-2.5293,-1.2221,-0.64496,-0.63691,0.017572,-3.6066,-0.15369,-2.7433,0.75566,-1.9711,-0.20715,0.70784,0.1113,1.8296,-1.5666,3.292,0.45285,-1.5681,-0.29418,-2.0029
-0.0017301,-0.031026,0.082276,-0.088361,-2.7688,-1.1851,-0.65316,-0.62763,0.036775,-3.5193,-0.059735,-2.343,0.65478,-2.1501,-0.19374,0.88779,0.12805,1.6565,-1.7586,2.9432,0.44297,-1.5925,-0.25693,-2.0434
0.00050219,-0.014671,0.090422,-0.077631,-2.7936,-1.0035,-0.63277,-0.5037,0.043514,-3.3478,0.028561,-1.9601,0.59985,-2.1565,-0.21739,1.2807,0.14955,1.4652,-1.895,2.5978,0.44241,-1.5143,-0.20368,-2.0214
0.0014973,-0.0025345,0.099815,-0.066241,-2.588,-0.72607,-0.58335,-0.30376,0.036858,-3.0512,0.12661,-1.6063,0.58535,-2.0199,-0.27217,1.8288,0.1753,1.2314,-1.9893,2.2195,0.44816,-1.3526,-0.14172,-1.9527
0.00088369,0.00084398,0.11142,-0.061192,-2.2267,-0.43782,-0.52916,-0.099328,0.017972,-2.5983,0.24153,-1.2509,0.57446,-1.8223,-0.33397,2.3789,0.20202,0.96012,-2.074,1.8031,0.45033,-1.1571,-0.076845,-1.8621
-0.00027745,-0.002373,0.1242,-0.064233,-1.8434,-0.22036,-0.50451,0.040244,-0.0098208,-1.9952,0.37002,-0.84952,0.51897,-1.6752,-0.37811,2.7405,0.22569,0.66989,-2.1823,1.3718,0.43846,-0.97801,-0.017007,-1.7649
-0.00011885,-0.0050199,0.13539,-0.070814,-1.5599,-0.11917,-0.53153,0.076151,-0.041146,-1.2893,0.50428,-0.37916,0.39203,-1.6628,-0.39436,2.7798,0.24425,0.36858,-2.3308,0.94865,0.40809,-0.84685,0.027721,-1.6581
0.0025848,-0.00040348,0.14255,-0.073671,-1.4232,-0.1343,-0.6047,0.008349,-0.069579,-0.54768,0.63946,0.13945,0.20913,-1.7826,-0.38889,2.4925,0.25891,0.044134,-2.5127,0.53204,0.36303,-0.77705,0.050196,-1.5269
0.0072415,0.012866,0.14549,-0.068378,-1.3934,-0.23362,-0.69238,-0.13507,-0.089743,0.17036,0.77601,0.64601,0.01982,-1.931,-0.37384,2.0062,0.27261,-0.32317,-2.702,0.099345,0.31209,-0.7737,0.051714,-1.359
0.011577,0.030432,0.14625,-0.056697,-1.3887,-0.37467,-0.75425,-0.31579,-0.099683,0.82315,0.91541,1.0675,-0.12402,-1.9574,-0.35463,1.5035,0.28692,-0.73964,-2.8641,-0.36649,0.26327,-0.83792,0.042018,-1.1556
0.01316,0.046088,0.14726,-0.045223,-1.3489,-0.51963,-0.76346,-0.49854,-0.10211,1.3748,1.0539,1.3523,-0.19961,-1.76,-0.3254,1.1162,0.29979,-1.1874,-2.9693,-0.8542,0.21972,-0.95977,0.032931,-0.93176
0.011251,0.056445,0.14946,-0.040372,-1.2679,-0.63781,-0.71928,-0.6553,-0.10345,1.7807,1.1805,1.4938,-0.22189,-1.3593,-0.27513,0.86483,0.30631,-1.6321,-3.0024,-1.3278,0.17985,-1.1078,0.031154,-0.70723
0.0075548,0.062563,0.15207,-0.043555,-1.1769,-0.7018,-0.64253,-0.76391,-0.11074,1.995,1.2808,1.5328,-0.22578,-0.89491,-0.19815,0.67829,0.30206,-2.0397,-2.9693,-1.7539,0.14079,-1.229,0.036618,-0.49896
0.0052081,0.067856,0.15403,-0.050182,-1.1017,-0.68752,-0.55755,-0.80732,-0.12811,2.0015,1.3448,1.5398,-0.2387,-0.54655,-0.10032,0.46858,0.28659,-2.39,-2.8958,-2.1278,0.10188,-1.2639,0.04717,-0.31923
0.0066501,0.074847,0.15543,-0.053137,-1.0338,-0.58204,-0.47437,-0.77688,-0.15464,1.842,1.3722,1.5882,-0.26453,-0.4305,0.0032266,0.1944,0.26449,-2.6782,-2.8197,-2.477,0.065351,-1.1718,0.063947,-0.17861
0.011892,0.083783,0.15717,-0.04789,-0.93895,-0.39352,-0.38427,-0.67743,-0.18515,1.6109,1.372,1.7278,-0.28789,-0.54151,0.095813,-0.13188,0.24335,-2.9096,-2.7744,-2.8386,0.034164,-0.94868,0.091254,-0.085332
0.018417,0.093668,0.15934,-0.035343,-0.78927,-0.15376,-0.27196,-0.52942,-0.21339,1.4095,1.3572,1.9668,-0.29093,-0.77341,0.1657,-0.48472,0.2297,-3.0956,-2.7702,-3.2318,0.008804,-0.62968,0.13076,-0.037673
0.022803,0.10375,0.16001,-0.020561,-0.5887,0.090091,-0.13405,-0.36514,-0.2355,1.2938,1.339,2.2705,-0.26747,-0.99806,0.20736,-0.86495,0.22594,-3.254,-2.782,-3.6438,-0.014388,-0.27309,0.17627,-0.015264
0.022941,0.11351,0.15622,-0.0088632,-0.37165,0.28949,0.011864,-0.22024,-0.25167,1.2589,1.3234,2.5805,-0.22464,-1.1456,0.21878,-1.2988,0.22978,-3.4074,-2.7542,-4.0393,-0.042147,0.064052,0.21528,0.019003
0.019389,0.12156,0.14671,-0.002575,-0.18086,0.40575,0.13625,-0.12465,-0.2649,1.2733,1.3102,2.8481,-0.17411,-1.2343,0.1993,-1.8007,0.23617,-3.5775,-2.6249,-4.381,-0.080985,0.3457,0.23725,0.10104
0.014951,0.12544,0.13382,-0.00065917,-0.045023,0.41546,0.21838,-0.095884,-0.27828,1.3259,1.2942,3.0619,-0.12164,-1.3375,0.15135,-2.3378,0.24012,-3.7752,-2.3571,-4.6481,-0.1331,0.56217,0.24138,0.2409
0.012827,0.12333,0.12257,-0.00075543,0.028919,0.31335,0.26205,-0.13531,-0.2931,1.4375,1.265,3.2453,-0.063061,-1.5183,0.084625,-2.8323,0.23807,-3.9949,-1.9612,-4.8427,-0.19316,0.72011,0.23689,0.411
0.014573,0.11622,0.11707,-0.0013228,0.05026,0.11559,0.29293,-0.22712,-0.30921,1.6183,1.2095,3.4211,0.011656,-1.7813,0.018101,-3.1992,0.2275,-4.2194,-1.4917,-4.9829,-0.24752,0.82598,0.23531,0.56095
0.019221,0.10794,0.11722,-0.0020856,0.035877,-0.13897,0.33929,-0.34043,-0.3269,1.8129,1.1166,3.5682,0.10991,-2.0719,-0.024172,-3.3918,0.20594,-4.4321,-1.0235,-5.0876,-0.27713,0.87663,0.24151,0.65351
0.024069,0.1023,0.11853,-0.0030114,0.0046895,-0.39608,0.41151,-0.43603,-0.34794,1.8965,0.9842,3.6121,0.22935,-2.3191,-0.022915,-3.4216,0.17098,-4.6275,-0.62212,-5.1606,-0.2643,0.86536,0.25104,0.6969
0.026469,0.09963,0.11566,-0.0034729,-0.026215,-0.6032,0.4967,-0.47767,-0.37411,1.7446,0.8247,3.4684,0.35616,-2.484,0.026233,-3.3461,0.12203,-4.8097,-0.32656,-5.1838,-0.20144,0.79902,0.25535,0.74749
0.025333,0.096157,0.10675,-0.0027306,-0.046585,-0.72853,0.57173,-0.44393,-0.40432,1.3303,0.66263,3.113,0.4699,-2.5796,0.10885,-3.2388,0.062159,-4.9793,-0.15089,-5.1246,-0.097589,0.71004,0.2496,0.87592
0.021444,0.087183,0.095025,-0.001132,-0.057036,-0.76997,0.62272,-0.33506,-0.43312,0.76783,0.524,2.6223,0.55232,-2.6486,0.19732,-3.1593,-0.0020601,-5.1176,-0.092846,-4.9592,0.021737,0.64794,0.2359,1.1172
0.016718,0.07147,0.086097,-0.00038628,-0.067279,-0.74893,0.65435,-0.17113,-0.45258,0.25722,0.42271,2.1433,0.59577,-2.7236,0.26343,-3.1369,-0.063233,-5.182,-0.13711,-4.6976,0.12271,0.65021,0.22002,1.4395
0.013242,0.053079,0.083258,-0.0021262,-0.088473,-0.69503,0.68238,0.0171,-0.45684,-0.038853,0.35331,1.807,0.60692,-2.7999,0.29092,-3.1662,-0.11684,-5.1204,-0.25107,-4.3898,0.17638,0.71256,0.20529,1.7553
0.012715,0.038957,0.084737,-0.0058772,-0.12673,-0.633,0.71755,0.20018,-0.44593,-0.095696,0.29584,1.6474,0.60385,-2.84,0.28162,-3.2136,-0.16314,-4.8966,-0.38408,-4.1047,0.17028,0.78522,0.18931,1.9713
0.016113,0.034223,0.085263,-0.0085246,-0.18467,-0.57754,0.75585,0.35963,-0.4261,-0.032999,0.22988,1.5862,0.6082,-2.8008,0.25225,-3.2304,-0.20577,-4.5131,-0.48145,-3.8905,0.11282,0.80616,0.16592,2.0454
0.023123,0.038834,0.080565,-0.0062301,-0.26874,-0.53339,0.78321,0.49279,-0.40683,-0.026125,0.14747,1.4929,0.6364,-2.658,0.22486,-3.1692,-0.24808,-4.014,-0.50946,-3.7458,0.028246,0.75274,0.12969,2.0116
0.031526,0.047989,0.070867,0.0025478,-0.39079,-0.49519,0.78916,0.61192,-0.39718,-0.1905,0.055812,1.2742,0.69393,-2.4141,0.21653,-2.9968,-0.28999,-3.4681,-0.47359,-3.6238,-0.054345,0.6735,0.079112,1.9578
0.037503,0.055608,0.0604,0.015515,-0.5554,-0.44659,0.77644,0.73791,-0.40348,-0.51925,-0.031305,0.92621,0.77452,-2.0889,0.23339,-2.7013,-0.32756,-2.9442,-0.41365,-3.4677,-0.1127,0.67047,0.016966,1.9696
0.037511,0.058129,0.05346,0.027959,-0.73973,-0.36334,0.75806,0.89072,-0.42872,-0.90634,-0.10486,0.52135,0.8635,-1.7102,0.27048,-2.2964,-0.35552,-2.4959,-0.37819,-3.2515,-0.13832,0.83749,-0.050605,2.0786
0.030862,0.056109,0.050542,0.036051,-0.88547,-0.22318,0.74526,1.0806,-0.47181,-1.2243,-0.16472,0.15014,0.94299,-1.3118,0.3159,-1.8246,-0.37089,-2.1611,-0.39797,-2.997,-0.13653,1.1949,-0.11428,2.248
0.020825,0.052945,0.047934,0.039338,-0.91893,-0.018241,0.7378,1.3046,-0.52672,-1.396,-0.21387,-0.13123,0.99663,-0.93556,0.35634,-1.3583,-0.37521,-1.9663,-0.4771,-2.7558,-0.12041,1.6673,-0.16155,2.4033
0.012754,0.05197,0.040983,0.040452,-0.79261,0.23904,0.72516,1.5492,-0.58305,-1.4192,-0.24977,-0.31463,1.013,-0.62456,0.38206,-0.98694,-0.374,-1.9191,-0.60196,-2.5741,-0.10238,2.1225,-0.17895,2.485
0.010252,0.053887,0.02807,0.042448,-0.52039,0.52098,0.6967,1.7965,-0.62971,-1.3459,-0.26268,-0.42018,0.98805,-0.40457,0.39035,-0.7856,-0.37368,-1.9886,-0.75084,-2.4647,-0.087966,2.4432,-0.15726,2.4867
0.012448,0.056066,0.011858,0.046077,-0.17747,0.79712,0.6513,2.0271,-0.6608,-1.2463,-0.24404,-0.47222,0.92654,-0.2644,0.38654,-0.77465,-0.37785,-2.0937,-0.89153,-2.4027,-0.074923,2.5844,-0.097238,2.4548
0.014872,0.054011,-0.0030261,0.049138,0.13843,1.0452,0.59771,2.2209,-0.67915,-1.1842,-0.19781,-0.49291,0.84256,-0.15337,0.38143,-0.89726,-0.38502,-2.1228,-0.97359,-2.3424,-0.05793,2.5801,-0.011208,2.4556
0.013318,0.044129,-0.013586,0.048254,0.358,1.2555,0.54624,2.3587,-0.6938,-1.2086,-0.14383,-0.5093,0.75654,-0.0061761,0.38503,-1.0372,-0.38951,-1.9873,-0.93569,-2.2434,-0.035422,2.5052,0.081625,2.5317
0.0073606,0.026231,-0.02018,0.041639,0.4675,1.4282,0.49934,2.4285,-0.71209,-1.3493,-0.10868,-0.55522,0.68798,0.21505,0.39932,-1.074,-0.38499,-1.6761,-0.73726,-2.0909,-0.01364,2.4269,0.16315,2.6788
0.0004789,0.0043489,-0.025189,0.03091,0.49646,1.5692,0.44929,2.4342,-0.73199,-1.6054,-0.11016,-0.65826,0.64547,0.48815,0.41483,-0.94459,-0.36884,-1.2701,-0.3961,-1.9037,-0.0050321,2.3787,0.2221,2.8527
-0.0031345,-0.014706,-0.03026,0.020807,0.48254,1.6857,0.38447,2.3985,-0.74103,-1.9333,-0.14666,-0.82253,0.61914,0.73389,0.41489,-0.67008,-0.34435,-0.89667,0.0014709,-1.725,-0.022156,2.3637,0.25419,2.9979
-0.0020107,-0.024414,-0.034836,0.016917,0.44545,1.7833,0.2987,2.3522,-0.72371,-2.246,-0.19863,-1.0259,0.5814,0.85839,0.38607,-0.33294,-0.31931,-0.65234,0.33548,-1.6014,-0.071184,2.3702,0.25854,3.0778
0.0019387,-0.021785,-0.037185,0.022489,0.38832,1.8629,0.1968,2.3162,-0.67223,-2.4367,-0.23968,-1.2367,0.49832,0.80872,0.32827,-0.022761,-0.30175,-0.54598,0.51355,-1.5582,-0.14879,2.3812,0.23518,3.0874
0.0057223,-0.0091036,-0.036736,0.036034,0.31726,1.9227,0.093165,2.2898,-0.59271,-2.4192,-0.24937,-1.4346,0.34715,0.60101,0.25682,0.20718,-0.29571,-0.50225,0.5159,-1.5851,-0.24334,2.3745,0.18658,3.0469
0.007954,0.0069203,-0.035346,0.051355,0.25461,1.963,0.0057565,2.2553,-0.5023,-2.1679,-0.22046,-1.6148,0.13022,0.2977,0.19432,0.34383,-0.29964,-0.41812,0.39275,-1.6435,-0.33864,2.3248,0.12089,2.9827
0.0093496,0.018475,-0.036172,0.060646,0.23109,1.9919,-0.050108,2.1956,-0.41926,-1.7333,-0.15879,-1.7715,-0.12386,-0.04886,0.15744,0.38394,-0.30804,-0.22701,0.2202,-1.6897,-0.41825,2.2144,0.051992,2.91
0.010971,0.020879,-0.041037,0.059318,0.26522,2.0253,-0.06509,2.1108,-0.35346,-1.2209,-0.077233,-1.8788,-0.37316,-0.43757,0.14764,0.30333,-0.3145,0.075537,0.050714,-1.6988,-0.46953,2.0472,-0.0058749,2.8245
0.012433,0.01522,-0.04855,0.049428,0.35009,2.0776,-0.036263,2.0186,-0.3034,-0.74026,0.013649,-1.8884,-0.58132,-0.90421,0.15213,0.059583,-0.31372,0.4551,-0.10591,-1.6714,-0.48713,1.8524,-0.045625,2.7073
0.012064,0.0074681,-0.054753,0.038811,0.45934,2.1484,0.033406,1.9379,-0.26067,-0.3486,0.11482,-1.7518,-0.72979,-1.4592,0.1534,-0.36712,-0.30161,0.87946,-0.26433,-1.6203,-0.47501,1.6701,-0.070701,2.5382
0.0087549,0.0043125,-0.056006,0.035836,0.56458,2.2166,0.13473,1.8718,-0.21737,-0.024973,0.24208,-1.4498,-0.81649,-2.0324,0.1404,-0.92444,-0.2745,1.3347,-0.43036,-1.554,-0.44491,1.5287,-0.091142,2.3118
0.0034455,0.0085067,-0.051951,0.043339,0.64777,2.2472,0.25107,1.8032,-0.17111,0.3058,0.41804,-1.0064,-0.84484,-2.4824,0.11408,-1.4723,-0.22982,1.801,-0.58173,-1.4752,-0.41077,1.4319,-0.11542,2.0464
-0.0013405,0.017177,-0.046132,0.056543,0.69958,2.2089,0.35823,1.7082,-0.12512,0.71021,0.65388,-0.48067,-0.81512,-2.6746,0.084778,-1.8262,-0.16878,2.2136,-0.67611,-1.3979,-0.38142,1.363,-0.14478,1.7802
-0.0034184,0.024399,-0.043557,0.066899,0.71087,2.0912,0.42823,1.5737,-0.085485,1.1864,0.93228,0.057953,-0.7271,-2.5706,0.064739,-1.844,-0.099145,2.4579,-0.67652,-1.3661,-0.35656,1.3014,-0.17444,1.553
-0.0024711,0.025877,-0.046916,0.068855,0.67084,1.9078,0.43805,1.4053,-0.058348,1.6532,1.2071,0.55204,-0.59118,-2.2543,0.060873,-1.5097,-0.035143,2.4209,-0.57423,-1.4486,-0.32924,1.2346,-0.19946,1.3831
6.8936e-005,0.021791,-0.054399,0.063905,0.57666,1.6857,0.38046,1.2192,-0.048318,2.0026,1.4263,0.97042,-0.43536,-1.8712,0.071813,-0.95746,0.0072189,2.074,-0.39375,-1.7028,-0.29313,1.1572,-0.21953,1.2557
0.0023348,0.015659,-0.06097,0.058525,0.44583,1.4499,0.27016,1.0277,-0.056989,2.18,1.5648,1.3142,-0.29711,-1.5285,0.089923,-0.41322,0.017727,1.5248,-0.17845,-2.1278,-0.24918,1.0605,-0.23832,1.1331
0.0031829,0.010639,-0.062254,0.058045,0.31694,1.2149,0.13933,0.83173,-0.080739,2.2335,1.6439,1.6168,-0.20274,-1.238,0.10649,-0.080249,-0.0020228,0.98686,0.033841,-2.6395,-0.20624,0.92546,-0.25893,0.98273
0.0024524,0.0069467,-0.058004,0.062089,0.23343,0.98772,0.022862,0.62709,-0.10909,2.29,1.7182,1.9343,-0.15011,-0.94043,0.11708,-0.03593,-0.038343,0.67559,0.23099,-3.0907,-0.17591,0.72744,-0.28069,0.79972
0.00069889,0.0025901,-0.052336,0.065607,0.21975,0.77798,-0.058681,0.4183,-0.12643,2.4728,1.8372,2.3232,-0.11101,-0.58269,0.12403,-0.20408,-0.071745,0.69625,0.43072,-3.3289,-0.16596,0.45112,-0.30074,0.60733
-0.00098295,-0.0037205,-0.05048,0.064189,0.26651,0.60322,-0.10712,0.22614,-0.11816,2.8195,2.0093,2.811,-0.054861,-0.17584,0.13426,-0.41941,-0.08638,0.99988,0.66504,-3.2615,-0.17761,0.10536,-0.31858,0.43307
-0.0011208,-0.010677,-0.054593,0.058427,0.3358,0.48303,-0.14044,0.080751,-0.078666,3.2604,2.1957,3.3772,0.023522,0.21055,0.15312,-0.53832,-0.077099,1.4333,0.9527,-2.8953,-0.20717,-0.27199,-0.33851,0.28185
0.0014444,-0.015359,-0.061975,0.053271,0.38329,0.42665,-0.17751,0.0042635,-0.015534,3.6701,2.3385,3.9597,0.094641,0.5013,0.17795,-0.5202,-0.050114,1.8411,1.2769,-2.3321,-0.24873,-0.62283,-0.36653,0.13017
0.0063754,-0.015934,-0.067051,0.053263,0.382,0.42447,-0.22556,-0.0039191,0.053711,3.9523,2.4012,4.4853,0.11323,0.66233,0.19631,-0.42888,-0.017431,2.1438,1.5848,-1.7251,-0.2946,-0.88758,-0.40406,-0.053199
0.011216,-0.013305,-0.065476,0.058342,0.33267,0.45112,-0.27867,0.032082,0.11103,4.0953,2.3904,4.9054,0.052405,0.70456,0.19161,-0.36567,0.010874,2.3466,1.8133,-1.217,-0.3341,-1.0268,-0.44401,-0.27872
0.012451,-0.010268,-0.057164,0.064047,0.25568,0.47763,-0.32564,0.078188,0.1474,4.1637,2.3445,5.212,-0.07276,0.65624,0.1536,-0.39178,0.031573,2.4907,1.9253,-0.88635,-0.35473,-1.0379,-0.47362,-0.52603
0.0080103,-0.0093051,-0.046072,0.065509,0.17279,0.48306,-0.35842,0.10804,0.16612,4.2393,2.3026,5.4247,-0.21059,0.5416,0.086719,-0.49538,0.047855,2.6019,1.9326,-0.72408,-0.34764,-0.9591,-0.48254,-0.76138
-0.00064124,-0.011197,-0.03724,0.061217,0.092345,0.45784,-0.37405,0.11272,0.17816,4.361,2.2786,5.564,-0.30318,0.38659,0.0095429,-0.61372,0.064934,2.6762,1.8886,-0.65004,-0.31447,-0.8578,-0.47016,-0.9661
-0.0088648,-0.015413,-0.033553,0.053242,0.0072778,0.39954,-0.37116,0.098025,0.19359,4.5038,2.2591,5.6348,-0.31934,0.23521,-0.055425,-0.67787,0.085464,2.7037,1.8543,-0.55874,-0.26901,-0.80287,-0.44645,-1.1491
-0.011883,-0.021286,-0.034521,0.044408,-0.095206,0.30869,-0.34735,0.074744,0.21546,4.6033,2.2215,5.634,-0.26721,0.14669,-0.094858,-0.64189,0.10797,2.6951,1.8616,-0.37033,-0.23048,-0.83214,-0.42528,-1.3312
-0.0083615,-0.028535,-0.037491,0.035682,-0.22106,0.19002,-0.30117,0.050994,0.23992,4.6024,2.1543,5.5741,-0.18118,0.16678,-0.11115,-0.48631,0.12875,2.6803,1.8977,-0.06129,-0.21204,-0.93052,-0.41473,-1.515
-0.0016125,-0.036815,-0.039886,0.026329,-0.36253,0.057264,-0.23573,0.031114,0.26102,4.4856,2.0638,5.4961,-0.097201,0.29913,-0.11764,-0.21372,0.14504,2.6811,1.9204,0.33688,-0.21317,-1.0342,-0.41128,-1.6689
0.0027695,-0.045206,-0.040676,0.01614,-0.49973,-0.06606,-0.1585,0.018481,0.27562,4.2849,1.9662,5.4563,-0.036812,0.50611,-0.12668,0.14648,0.15682,2.6857,1.89,0.76288,-0.22186,-1.0635,-0.40221,-1.7416
0.0011501,-0.052423,-0.040367,0.0069106,-0.60786,-0.15411,-0.076244,0.01676,0.28499,4.0622,1.8757,5.4915,-0.0091735,0.73867,-0.14032,0.53003,0.16609,2.6533,1.7966,1.1553,-0.22465,-0.96942,-0.37471,-1.6983
-0.005393,-0.057511,-0.040007,0.0013234,-0.66599,-0.19076,0.0090363,0.027524,0.29281,3.8845,1.7994,5.5903,-0.022857,0.96537,-0.15068,0.84765,0.17462,2.5462,1.665,1.4713,-0.21607,-0.76554,-0.32568,-1.5503
-0.012056,-0.060232,-0.040158,0.0003221,-0.66448,-0.17762,0.097173,0.047143,0.30244,3.8032,1.7397,5.6936,-0.091145,1.1743,-0.14874,1.0211,0.18208,2.3651,1.5378,1.6912,-0.20016,-0.52237,-0.26524,-1.3519
-0.014239,-0.060867,-0.040424,0.0017452,-0.60976,-0.13283,0.18129,0.066689,0.31555,3.8421,1.6977,5.7296,-0.22173,1.3551,-0.13294,1.0253,0.1861,2.1552,1.4497,1.8155,-0.18397,-0.32265,-0.21079,-1.1663
-0.011189,-0.060002,-0.039595,0.0017629,-0.52347,-0.083322,0.24292,0.074732,0.3323,3.993,1.6731,5.6576,-0.39776,1.4938,-0.11009,0.90298,0.18371,1.978,1.4095,1.8604,-0.16992,-0.20475,-0.17543,-1.0244
-0.0063836,-0.058735,-0.036246,-0.0021295,-0.43378,-0.057711,0.25883,0.059363,0.3515,4.2167,1.6598,5.4908,-0.56786,1.594,-0.088454,0.7378,0.17319,1.8691,1.3992,1.8547,-0.15425,-0.13374,-0.15892,-0.9064
-0.0044315,-0.058929,-0.029559,-0.0093241,-0.35996,-0.082696,0.21725,0.00738,0.36984,4.4503,1.645,5.2808,-0.65916,1.7043,-0.070184,0.60534,0.1549,1.8169,1.3888,1.8325,-0.13262,-0.024351,-0.14857,-0.76142
-0.0071887,-0.062619,-0.019922,-0.017103,-0.29841,-0.17948,0.13072,-0.096061,0.38129,4.6224,1.6144,5.0795,-0.61118,1.9064,-0.050384,0.53961,0.13082,1.7778,1.3562,1.8249,-0.10685,0.19577,-0.13031,-0.5505
-0.012374,-0.070542,-0.0087772,-0.023411,-0.22119,-0.35485,0.033573,-0.26142,0.37849,4.6725,1.5606,4.9065,-0.41188,2.2532,-0.023612,0.53538,0.10336,1.7148,1.2975,1.8524,-0.085974,0.5259,-0.10195,-0.28347
-0.015735,-0.081024,0.0024339,-0.028845,-0.092526,-0.58868,-0.035754,-0.48163,0.35624,4.57,1.4882,4.7487,-0.11265,2.6999,0.0085568,0.57512,0.074318,1.6261,1.2228,1.9235,-0.080026,0.87994,-0.077613,-0.023864
-0.014735,-0.090644,0.013492,-0.036162,0.10382,-0.82824,-0.054366,-0.72069,0.31519,4.323,1.4106,4.5849,0.18987,3.0928,0.036116,0.65163,0.044698,1.5405,1.1414,2.0387,-0.091702,1.1346,-0.078483,0.14236
-0.010495,-0.096603,0.025616,-0.047777,0.34458,-1.0004,-0.02173,-0.91735,0.26269,3.9715,1.3413,4.4139,0.39679,3.244,0.04687,0.76874,0.015381,1.4843,1.0498,2.1959,-0.11311,1.2065,-0.11557,0.15481
-0.0063877,-0.098802,0.040154,-0.063335,0.57124,-1.0415,0.049412,-1.0091,0.2098,3.568,1.2851,4.258,0.45133,3.0449,0.035136,0.92667,-0.011737,1.4516,0.93444,2.3908,-0.13047,1.1038,-0.17767,0.013635
-0.0047395,-0.099531,0.056672,-0.079202,0.72031,-0.9299,0.14717,-0.96622,0.16625,3.1568,1.2365,4.1411,0.35972,2.5347,0.0058682,1.1113,-0.033217,1.4059,0.78743,2.6135,-0.13299,0.91774,-0.23466,-0.21967
-0.0047513,-0.10076,0.072293,-0.090251,0.76123,-0.70102,0.26551,-0.81277,0.13705,2.765,1.1852,4.0607,0.1788,1.8709,-0.028745,1.2973,-0.044982,1.3134,0.62044,2.8453,-0.11907,0.76128,-0.25508,-0.45508
-0.0035426,-0.10153,0.083221,-0.09277,0.71537,-0.43328,0.39639,-0.61935,0.12282,2.411,1.1236,3.984,-0.01991,1.225,-0.057259,1.461,-0.044642,1.1776,0.46272,3.0605,-0.095667,0.70151,-0.22542,-0.61987
0.00074552,-0.098162,0.087449,-0.086747,0.64084,-0.2133,0.51917,-0.46847,0.1228,2.1212,1.0523,3.872,-0.18669,0.68419,-0.075856,1.5896,-0.033841,1.0432,0.34214,3.2337,-0.072192,0.7328,-0.15744,-0.6902
0.0067698,-0.087697,0.086306,-0.076185,0.59297,-0.10025,0.60129,-0.41509,0.1373,1.937,0.97863,3.7146,-0.3101,0.22664,-0.090165,1.6828,-0.018666,0.96213,0.26539,3.3472,-0.054215,0.80287,-0.078694,-0.69174
0.010831,-0.071589,0.083403,-0.067237,0.58943,-0.10843,0.61387,-0.46661,0.16693,1.8999,0.91215,3.5434,-0.40726,-0.22533,-0.1117,1.7478,-0.0070923,0.95112,0.21528,3.3935,-0.041369,0.86322,-0.014404,-0.67356
0.010009,-0.05608,0.081841,-0.065092,0.60615,-0.21369,0.55098,-0.59208,0.20927,2.0227,0.85868,3.4092,-0.49849,-0.72602,-0.15108,1.7892,-0.0047283,0.97661,0.16802,3.3732,-0.029957,0.90028,0.025334,-0.67577
0.0047203,-0.048285,0.082168,-0.071316,0.60598,-0.37488,0.43506,-0.74942,0.25628,2.2687,0.81735,3.3403,-0.58515,-1.2595,-0.21061,1.7982,-0.011733,0.98005,0.11422,3.2898,-0.017208,0.92521,0.044886,-0.71265
-0.0015997,-0.050821,0.082802,-0.083157,0.57592,-0.55584,0.30134,-0.90983,0.29516,2.5579,0.781,3.3156,-0.64409,-1.7444,-0.27875,1.747,-0.023213,0.92216,0.063374,3.1474,-0.0036438,0.93898,0.052298,-0.77884
-0.0053355,-0.05938,0.082302,-0.095189,0.54119,-0.73756,0.17182,-1.0658,0.31286,2.8005,0.73931,3.2748,-0.6397,-2.0695,-0.32915,1.6024,-0.032812,0.80782,0.027298,2.9494,0.0078214,0.91022,0.049471,-0.8673
-0.0054623,-0.065402,0.081192,-0.1023,0.54443,-0.91816,0.03961,-1.2239,0.30139,2.9361,0.68318,3.1587,-0.54303,-2.1324,-0.32709,1.358,-0.036742,0.67217,-0.00081084,2.6976,0.01468,0.79052,0.031853,-0.98047
-0.0038672,-0.061922,0.081625,-0.10222,0.60702,-1.1048,-0.12229,-1.3931,0.26081,2.9515,0.60871,2.9463,-0.34602,-1.8682,-0.24348,1.0652,-0.035348,0.54272,-0.049356,2.3923,0.017025,0.55654,-0.0034378,-1.1241
-0.0031936,-0.048145,0.085339,-0.096283,0.70534,-1.3035,-0.33356,-1.5776,0.19866,2.8705,0.51924,2.6636,-0.064971,-1.2703,-0.071863,0.82896,-0.031487,0.41298,-0.14738,2.0344,0.017512,0.24261,-0.049806,-1.291
-0.0043772,-0.02943,0.091952,-0.088197,0.78232,-1.5125,-0.58226,-1.7739,0.12714,2.7274,0.42419,2.36,0.26469,-0.40158,0.16079,0.75518,-0.027624,0.25059,-0.29688,1.6298,0.019368,-0.066248,-0.091596,-1.4503
-0.0060892,-0.013018,0.099179,-0.081755,0.78571,-1.7214,-0.82403,-1.9704,0.05979,2.55,0.33477,2.0752,0.59699,0.61614,0.39828,0.88132,-0.024224,0.030883,-0.4637,1.1938,0.024147,-0.27857,-0.1126,-1.5566
-0.0063191,-0.0029866,0.10463,-0.078867,0.70313,-1.9146,-1.0064,-2.1471,0.0087648,2.3592,0.25818,1.819,0.88454,1.6362,0.5759,1.1478,-0.020446,-0.23555,-0.59692,0.75004,0.031011,-0.34562,-0.1053,-1.5709
-0.004338,0.0018843,0.10747,-0.078815,0.56757,-2.0764,-1.0994,-2.2788,-0.017792,2.1761,0.193,1.5736,1.0879,2.5264,0.64883,1.4414,-0.016002,-0.50487,-0.66217,0.32434,0.03804,-0.28102,-0.073599,-1.4814
-0.0011541,0.0061767,0.10843,-0.078993,0.43179,-2.1939,-1.1078,-2.3439,-0.018035,2.0195,0.12878,1.3097,1.1845,3.1862,0.61232,1.6791,-0.012221,-0.72654,-0.66265,-0.062429,0.044456,-0.14177,-0.028151,-1.308
0.001736,0.01381,0.10863,-0.076638,0.33425,-2.2564,-1.0577,-2.3364,0.0026075,1.8901,0.050519,1.0022,1.1743,3.5345,0.50123,1.8579,-0.011447,-0.86875,-0.6328,-0.39764,0.051792,0.0086344,0.02024,-1.0905
0.0038035,0.025164,0.10836,-0.07063,0.28309,-2.2574,-0.96997,-2.2723,0.033283,1.7592,-0.053414,0.64124,1.0769,3.4941,0.36877,2.0255,-0.01552,-0.923,-0.61223,-0.67689,0.062795,0.12588,0.06364,-0.87243
0.0056336,0.037291,0.10732,-0.062309,0.26637,-2.1985,-0.8452,-2.1875,0.062408,1.5807,-0.18394,0.23873,0.92057,3.0086,0.25761,2.201,-0.024765,-0.89233,-0.62143,-0.9057,0.078718,0.18677,0.095908,-0.68982
0.007782,0.046586,0.10562,-0.054756,0.27395,-2.0962,-0.67434,-2.1238,0.08297,1.3255,-0.32863,-0.16745,0.72834,2.0946,0.18197,2.3262,-0.038154,-0.78321,-0.65491,-1.1047,0.097273,0.17815,0.11152,-0.56822
0.00976,0.051576,0.1044,-0.050827,0.30878,-1.9833,-0.46308,-2.1129,0.095136,1.0137,-0.46578,-0.51764,0.51115,0.88974,0.13063,2.303,-0.054133,-0.61168,-0.69096,-1.3119,0.11327,0.091644,0.10746,-0.52095
0.010362,0.053767,0.10506,-0.0511,0.37817,-1.8998,-0.246,-2.1633,0.10436,0.71114,-0.57373,-0.74782,0.27269,-0.36241,0.085592,2.0867,-0.071159,-0.41225,-0.70544,-1.5708,0.12181,-0.068568,0.086727,-0.54478
0.0090271,0.056275,0.10771,-0.053079,0.47582,-1.8732,-0.073203,-2.258,0.11636,0.48833,-0.64052,-0.81655,0.023334,-1.4018,0.0403,1.744,-0.087655,-0.23026,-0.67944,-1.9061,0.12167,-0.27509,0.058857,-0.61591
0.0067203,0.06161,0.11043,-0.052391,0.57448,-1.9015,0.023113,-2.3613,0.13268,0.36989,-0.66845,-0.7264,-0.2082,-2.0678,0.0032089,1.4145,-0.10189,-0.096412,-0.60083,-2.2996,0.11586,-0.47873,0.035259,-0.69379
0.0052638,0.070229,0.11039,-0.045486,0.63865,-1.9506,0.054881,-2.4333,0.14975,0.31795,-0.67052,-0.52408,-0.37651,-2.3591,-0.013592,1.2041,-0.1124,-0.0070717,-0.46578,-2.6905,0.10908,-0.62574,0.022324,-0.73575
0.0056344,0.080558,0.10584,-0.032252,0.6481,-1.972,0.07298,-2.4471,0.16183,0.26506,-0.661,-0.277,-0.437,-2.3921,-0.0081415,1.1077,-0.11883,0.064508,-0.28238,-3.0044,0.10415,-0.67999,0.018162,-0.71558
0.0069312,0.090037,0.097517,-0.016687,0.61268,-1.9327,0.13113,-2.4001,0.16489,0.17022,-0.64633,-0.041651,-0.36999,-2.2869,0.0089574,1.0337,-0.12233,0.12993,-0.071877,-3.1947,0.1007,-0.63535,0.015886,-0.63496
0.0071842,0.096399,0.08802,-0.004778,0.56619,-1.8364,0.24571,-2.3143,0.15838,0.0509,-0.62276,0.1552,-0.19562,-2.0692,0.025229,0.9033,-0.12493,0.15592,0.1388,-3.2656,0.097117,-0.51336,0.010393,-0.52095
0.0053999,0.098617,0.079902,-0.00062741,0.54432,-1.72,0.38342,-2.2233,0.14413,-0.035378,-0.5822,0.31273,0.031673,-1.6654,0.038292,0.72759,-0.12814,0.077553,0.33117,-3.2576,0.09329,-0.35297,0.0024666,-0.41304
0.0028811,0.097312,0.074033,-0.003453,0.56388,-1.6252,0.48758,-2.1515,0.12397,-0.041813,-0.5214,0.43934,0.24733,-0.99783,0.055362,0.58474,-0.13201,-0.14983,0.50605,-3.2089,0.091282,-0.20095,-0.0032068,-0.3486
0.0023128,0.094429,0.069444,-0.0079334,0.61786,-1.5675,0.52273,-2.0995,0.098595,0.029779,-0.44684,0.54112,0.4051,-0.10604,0.079121,0.51779,-0.13544,-0.50505,0.681,-3.1252,0.092939,-0.1045,-0.0035959,-0.35299
0.0051345,0.092134,0.064435,-0.0080615,0.68738,-1.5267,0.50234,-2.0463,0.068164,0.13438,-0.37118,0.62391,0.49282,0.80463,0.094097,0.45493,-0.13744,-0.9072,0.87408,-2.9815,0.096943,-0.10085,-0.00073419,-0.4346
0.0095435,0.091345,0.057759,-0.0017645,0.75908,-1.4697,0.47808,-1.9702,0.033557,0.22165,-0.30441,0.70023,0.52839,1.4386,0.070044,0.23758,-0.13819,-1.2732,1.0857,-2.7528,0.098555,-0.20255,0.00020529,-0.58232
0.01129,0.090865,0.049023,0.0074509,0.83443,-1.3842,0.49992,-1.8714,-0.0034292,0.26736,-0.24754,0.78568,0.5427,1.5688,-0.015987,-0.25792,-0.13882,-1.5777,1.2923,-2.4432,0.09281,-0.38741,-0.0042072,-0.76646
0.0070848,0.087988,0.038445,0.013386,0.92494,-1.2939,0.57922,-1.778,-0.040954,0.27066,-0.19443,0.88154,0.56336,1.1704,-0.15619,-1.0082,-0.14026,-1.8609,1.4568,-2.0912,0.078452,-0.60586,-0.013105,-0.94711
-0.0021294,0.080457,0.026626,0.012313,1.0378,-1.2383,0.68317,-1.7269,-0.077811,0.22672,-0.14018,0.95937,0.60835,0.43613,-0.30897,-1.8397,-0.14221,-2.1761,1.5491,-1.7477,0.059063,-0.80798,-0.023738,-1.0908
-0.011143,0.068453,0.014627,0.0060666,1.1621,-1.2318,0.76243,-1.7318,-0.11297,0.10965,-0.088708,0.96786,0.68761,-0.34153,-0.42183,-2.5377,-0.14329,-2.5249,1.5615,-1.4487,0.040318,-0.97438,-0.036043,-1.1876
-0.014224,0.055033,0.0039734,0.00046979,1.2652,-1.2403,0.78744,-1.7643,-0.14469,-0.1106,-0.052252,0.86468,0.80404,-0.93552,-0.46302,-2.9765,-0.14213,-2.8362,1.5116,-1.2049,0.025869,-1.1267,-0.053981,-1.256
-0.0097542,0.044531,-0.0038798,0.00056262,1.3016,-1.1992,0.76454,-1.7655,-0.17071,-0.43047,-0.042478,0.65171,0.94939,-1.2828,-0.43598,-3.1628,-0.13799,-3.0081,1.4326,-1.0075,0.015397,-1.3059,-0.081324,-1.3272
-0.0017471,0.040037,-0.0084222,0.0068755,1.2312,-1.0612,0.7227,-1.6818,-0.18982,-0.79133,-0.059855,0.38417,1.0999,-1.4564,-0.36625,-3.1699,-0.13022,-2.9713,1.3597,-0.83865,0.0062094,-1.5318,-0.11538,-1.4171
0.0032663,0.041801,-0.010538,0.015779,1.035,-0.8367,0.68652,-1.499,-0.20335,-1.0998,-0.089773,0.14283,1.2209,-1.5521,-0.27475,-3.035,-0.11712,-2.7219,1.3208,-0.67126,-0.0034751,-1.774,-0.14492,-1.5055
0.0014345,0.047621,-0.011986,0.023091,0.72159,-0.59086,0.66024,-1.2488,-0.21449,-1.2783,-0.10912,-0.011422,1.2823,-1.5908,-0.16311,-2.7195,-0.096018,-2.3006,1.3322,-0.46369,-0.012647,-1.9596,-0.15535,-1.5396
-0.0055748,0.054658,-0.014236,0.027335,0.31982,-0.39963,0.63353,-0.98443,-0.22548,-1.3072,-0.099533,-0.067733,1.2756,-1.514,-0.023658,-2.1677,-0.065384,-1.7489,1.3982,-0.16496,-0.018483,-2.0132,-0.13786,-1.4633
-0.012417,0.061061,-0.017623,0.029878,-0.13222,-0.29796,0.59878,-0.74441,-0.23526,-1.2269,-0.058667,-0.060247,1.2179,-1.2642,0.13774,-1.4055,-0.027756,-1.0864,1.5106,0.26136,-0.018932,-1.9033,-0.095487,-1.2522
-0.014711,0.066221,-0.021545,0.032529,-0.59379,-0.25942,0.56046,-0.53187,-0.24027,-1.1031,-0.0022977,-0.036797,1.1383,-0.86897,0.29015,-0.58516,0.0092978,-0.32826,1.6492,0.80674,-0.01442,-1.6622,-0.041649,-0.93091
-0.012248,0.069824,-0.025485,0.03549,-1.0189,-0.21963,0.52782,-0.32141,-0.23825,-0.9858,0.044243,-0.027609,1.0555,-0.45018,0.39074,0.072726,0.036162,0.48119,1.785,1.4061,-0.0073036,-1.3694,0.0074192,-0.56143
-0.008189,0.070929,-0.029904,0.037676,-1.3535,-0.12153,0.50058,-0.084751,-0.23171,-0.89074,0.060055,-0.033826,0.96586,-0.15163,0.41226,0.40053,0.046917,1.2593,1.8887,1.961,0.00022099,-1.1113,0.040506,-0.20998
-0.0056011,0.068103,-0.03616,0.038543,-1.5449,0.052364,0.46475,0.1872,-0.22712,-0.8091,0.040001,-0.03532,0.85207,-0.045674,0.3608,0.37688,0.043903,1.9153,1.9418,2.3878,0.0077541,-0.94454,0.054667,0.083062
-0.0049471,0.06047,-0.045462,0.038926,-1.5678,0.28105,0.40482,0.48271,-0.22951,-0.72461,-0.0027417,-0.0040687,0.70479,-0.0952,0.26899,0.12553,0.037266,2.3971,1.9444,2.6614,0.016508,-0.87801,0.053716,0.31382
-0.0047525,0.04862,-0.05768,0.039705,-1.4505,0.53221,0.32147,0.78647,-0.23688,-0.62047,-0.043805,0.086256,0.53872,-0.19476,0.17191,-0.1744,0.039086,2.7142,1.9148,2.8256,0.027613,-0.87446,0.04554,0.50548
-0.0041808,0.034489,-0.070981,0.039899,-1.2777,0.79018,0.23641,1.0989,-0.23973,-0.47618,-0.060109,0.25194,0.38828,-0.25026,0.08726,-0.39945,0.055832,2.917,1.8784,2.9636,0.040539,-0.86231,0.041219,0.69232
-0.0043837,0.020365,-0.082549,0.036778,-1.1572,1.063,0.17732,1.4385,-0.22732,-0.26973,-0.041013,0.48673,0.28579,-0.23246,0.014557,-0.54072,0.084374,3.0512,1.8504,3.1475,0.053085,-0.75221,0.055244,0.91003
-0.0070468,0.0080525,-0.089879,0.028631,-1.1656,1.3653,0.15412,1.8228,-0.19595,0.005719,0.0073445,0.75031,0.23971,-0.17032,-0.050624,-0.68132,0.1143,3.1243,1.8241,3.3974,0.062975,-0.4617,0.10326,1.1918
-0.011775,-0.001104,-0.091747,0.01774,-1.3083,1.6926,0.14689,2.2403,-0.15237,0.32261,0.066239,0.97256,0.23103,-0.10289,-0.10446,-0.91897,0.13471,3.1122,1.7727,3.673,0.069634,0.04999,0.19521,1.5597
-0.015398,-0.0056669,-0.088411,0.010226,-1.5234,2.009,0.1164,2.6389,-0.10905,0.62034,0.11448,1.0826,0.23037,-0.036715,-0.13664,-1.2896,0.14058,2.9962,1.6663,3.9011,0.074567,0.74773,0.3266,2.0061
-0.014399,-0.0041875,-0.08125,0.011981,-1.7275,2.2588,0.02918,2.9433,-0.074895,0.837,0.1389,1.05,0.22129,0.056499,-0.14207,-1.7389,0.13454,2.8,1.4956,4.0231,0.079977,1.5102,0.47476,2.4765
-0.0083648,0.0035142,-0.072356,0.023664,-1.8685,2.3984,-0.12225,3.0957,-0.04945,0.9527,0.13964,0.90901,0.2103,0.2045,-0.12851,-2.1543,0.12351,2.5935,1.2863,4.0321,0.086912,2.1636,0.60562,2.8754
-0.0010561,0.014816,-0.064277,0.039152,-1.9478,2.4254,-0.3184,3.0917,-0.025189,1.0085,0.12748,0.74374,0.21555,0.39281,-0.11119,-2.4347,0.11323,2.4608,1.0929,3.9788,0.094655,2.5532,0.69007,3.1083
0.0022238,0.024414,-0.059591,0.049318,-1.9979,2.3842,-0.52901,2.9842,0.0041871,1.0794,0.11551,0.63842,0.24443,0.55151,-0.099651,-2.553,0.10468,2.453,0.97364,3.9382,0.10193,2.6195,0.72031,3.1395
-0.0011795,0.027049,-0.060009,0.048546,-2.0398,2.3397,-0.73169,2.8488,0.037003,1.2161,0.11053,0.62636,0.28021,0.58498,-0.090005,-2.5699,0.094485,2.5597,0.96002,3.9592,0.10873,2.4294,0.715,3.0263
-0.0091903,0.021371,-0.065291,0.038897,-2.0579,2.3356,-0.9193,2.7343,0.064307,1.4,0.10997,0.67165,0.29062,0.43108,-0.070151,-2.5872,0.078015,2.7175,1.0398,4.0321,0.11691,2.141,0.70785,2.8952
-0.016809,0.011723,-0.072926,0.02851,-2.0114,2.3632,-1.0939,2.6321,0.07724,1.5477,0.10579,0.69529,0.2526,0.1154,-0.032515,-2.6685,0.052821,2.848,1.1639,4.1,0.12883,1.9183,0.72632,2.8679
-0.020101,0.0056088,-0.079253,0.025419,-1.8685,2.3661,-1.2558,2.4888,0.074551,1.5667,0.091854,0.62577,0.17313,-0.2367,0.017943,-2.7824,0.020175,2.902,1.2744,4.1082,0.14497,1.8479,0.77469,2.9864
-0.018855,0.0081,-0.081637,0.03159,-1.6301,2.2769,-1.3987,2.2498,0.063942,1.4203,0.068697,0.43985,0.08777,-0.44785,0.0673,-2.811,-0.015324,2.8835,1.3352,4.0532,0.16263,1.9088,0.83294,3.1904
-0.015822,0.017527,-0.080177,0.041774,-1.3244,2.0623,-1.5133,1.903,0.056472,1.1542,0.042367,0.17023,0.036313,-0.37719,0.10322,-2.6244,-0.047059,2.8423,1.3488,3.9902,0.17686,2.0065,0.87156,3.3664
-0.013647,0.026377,-0.077542,0.047878,-0.98165,1.7453,-1.5938,1.491,0.058936,0.86398,0.018688,-0.11939,0.034092,0.0016665,0.12198,-2.1698,-0.067825,2.8434,1.347,3.988,0.18284,2.0423,0.87066,3.43
-0.012535,0.027223,-0.076947,0.045242,-0.61751,1.3919,-1.641,1.0881,0.070063,0.62937,-0.0019723,-0.37153,0.061325,0.58607,0.12616,-1.512,-0.07155,2.9293,1.3639,4.0647,0.17806,1.9693,0.82992,3.3797
-0.01069,0.018991,-0.079779,0.035973,-0.2424,1.076,-1.6578,0.76462,0.082486,0.46586,-0.025382,-0.56137,0.078655,1.2069,0.11719,-0.79571,-0.055632,3.0964,1.4097,4.159,0.16306,1.8055,0.76466,3.283
-0.0067518,0.0081711,-0.08471,0.026992,0.11589,0.84652,-1.6434,0.56149,0.087783,0.32825,-0.05948,-0.69944,0.055758,1.7264,0.091564,-0.15751,-0.023018,3.2919,1.4633,4.1636,0.14079,1.6084,0.69412,3.2134
-0.0016501,0.0036672,-0.088851,0.024702,0.40456,0.71736,-1.5903,0.48724,0.080543,0.16028,-0.10904,-0.81267,-0.009958,2.0995,0.045244,0.34785,0.017932,3.4323,1.4902,4.0002,0.11554,1.4383,0.63249,3.1906
0.0019836,0.0094924,-0.089843,0.030539,0.56934,0.67554,-1.4905,0.52568,0.059648,-0.050252,-0.17231,-0.91715,-0.098093,2.3587,-0.018058,0.75877,0.057059,3.4354,1.4698,3.6781,0.09212,1.333,0.58739,3.1705
0.0021981,0.021499,-0.087248,0.040616,0.59345,0.69547,-1.3469,0.64262,0.027856,-0.25367,-0.24083,-0.99941,-0.18684,2.5409,-0.083372,1.1562,0.088002,3.255,1.4121,3.2911,0.074889,1.3028,0.56276,3.0867
-0.00044501,0.030875,-0.082424,0.049237,0.51769,0.74741,-1.1805,0.78984,-0.0087411,-0.37002,-0.30164,-1.0187,-0.27165,2.6279,-0.13043,1.5967,0.11179,2.9049,1.3473,2.9569,0.066498,1.3348,0.55966,2.9048
-0.0033219,0.031299,-0.077412,0.053115,0.41913,0.80148,-1.0289,0.91492,-0.041413,-0.34558,-0.3415,-0.93126,-0.36574,2.5546,-0.14523,2.0769,0.13514,2.4611,1.2972,2.7448,0.066711,1.4003,0.5734,2.6426
-0.0039804,0.02363,-0.073891,0.053046,0.36145,0.83451,-0.92861,0.98027,-0.061018,-0.19353,-0.3529,-0.72355,-0.484,2.2759,-0.12834,2.5474,0.16415,2.0335,1.2507,2.6455,0.072468,1.4648,0.59152,2.347
-0.0020421,0.01443,-0.072745,0.052169,0.35494,0.84048,-0.89273,0.98133,-0.062124,0.0072657,-0.33993,-0.43564,-0.62554,1.8293,-0.093457,2.9502,0.19851,1.7176,1.1685,2.5955,0.079857,1.5044,0.59776,2.053
0.00086076,0.010079,-0.074068,0.052781,0.35714,0.83592,-0.89405,0.94699,-0.046853,0.15105,-0.31962,-0.15686,-0.7696,1.3306,-0.057909,3.2472,0.23133,1.5458,1.0154,2.5285,0.087136,1.5232,0.58139,1.7632
0.0027935,0.011729,-0.077177,0.054493,0.3113,0.85088,-0.86876,0.91782,-0.025098,0.15492,-0.31454,0.0068852,-0.88639,0.89956,-0.032492,3.4224,0.25513,1.4694,0.79472,2.4137,0.096759,1.5616,0.54481,1.464
0.003094,0.015053,-0.080692,0.054935,0.19022,0.90792,-0.74338,0.91688,-0.00972,-0.0080631,-0.33795,-0.020933,-0.95283,0.5755,-0.018102,3.4714,0.26877,1.385,0.55553,2.2589,0.11456,1.6824,0.50207,1.1619
0.0024132,0.014271,-0.082972,0.051896,0.012052,1.0041,-0.47377,0.93614,-0.0092064,-0.30419,-0.38096,-0.25262,-0.96134,0.29484,-0.010192,3.3961,0.27884,1.1951,0.3609,2.0903,0.14594,1.9358,0.46836,0.90295
0.0014763,0.006558,-0.082981,0.044849,-0.17791,1.1109,-0.07457,0.94842,-0.02276,-0.65761,-0.41275,-0.63035,-0.91871,-0.04784,-0.0059257,3.2104,0.2939,0.86652,0.24179,1.9313,0.19089,2.3217,0.44812,0.75465
3.8611e-005,-0.0065994,-0.081028,0.034808,-0.33787,1.1925,0.38023,0.93285,-0.041377,-0.97922,-0.3975,-1.0509,-0.83994,-0.49827,-0.0073911,2.9437,0.3164,0.4471,0.17347,1.7936,0.24072,2.7731,0.43138,0.76067
-0.0028467,-0.021402,-0.078696,0.023255,-0.44564,1.2302,0.78853,0.89218,-0.054121,-1.1953,-0.3184,-1.4063,-0.74282,-0.97568,-0.018376,2.6308,0.33951,0.030699,0.094736,1.6747,0.2789,3.1756,0.40114,0.90363
-0.0075536,-0.034642,-0.077788,0.011509,-0.4927,1.2326,1.0665,0.85064,-0.05501,-1.2693,-0.19127,-1.6215,-0.64388,-1.2915,-0.038136,2.2952,0.35181,-0.30641,-0.045743,1.5543,0.28658,3.418,0.34576,1.1061
-0.01293,-0.045085,-0.078972,0.0010045,-0.4703,1.2291,1.1834,0.83857,-0.045768,-1.2129,-0.056744,-1.6733,-0.55356,-1.2464,-0.058331,1.9463,0.34602,-0.55089,-0.25404,1.394,0.25094,3.4452,0.26665,1.2718
-0.016684,-0.052869,-0.081174,-0.0063911,-0.36641,1.2508,1.1653,0.87823,-0.033233,-1.0803,0.044491,-1.59,-0.47128,-0.74963,-0.06676,1.6008,0.3244,-0.74626,-0.49392,1.1507,0.17235,3.2824,0.17574,1.3388
-0.016882,-0.05824,-0.082238,-0.0089797,-0.17736,1.3132,1.0702,0.97723,-0.024192,-0.94744,0.095488,-1.4347,-0.38583,0.10928,-0.05581,1.3081,0.29672,-0.94102,-0.72154,0.80378,0.066058,3.015,0.085598,1.307
-0.013391,-0.061019,-0.080437,-0.0065843,0.078574,1.4089,0.95339,1.1267,-0.021686,-0.8811,0.10911,-1.2806,-0.28456,1.0808,-0.029151,1.1476,0.27301,-1.1336,-0.91906,0.38147,-0.043678,2.737,0.00038703,1.2248
-0.0081278,-0.061002,-0.075709,-0.0013304,0.36028,1.5121,0.84491,1.3008,-0.024686,-0.9112,0.11374,-1.1854,-0.16688,1.8623,-0.00077747,1.1827,0.25722,-1.2602,-1.0988,-0.039657,-0.13443,2.5016,-0.085548,1.1462
-0.0039461,-0.0586,-0.069679,0.0031886,0.61751,1.5922,0.75024,1.462,-0.029897,-1.0209,0.1313,-1.1711,-0.050806,2.2386,0.014024,1.4015,0.24625,-1.2388,-1.2787,-0.36869,-0.19548,2.3049,-0.18102,1.0928
-0.0029308,-0.055027,-0.064452,0.0039403,0.80853,1.6303,0.66467,1.5783,-0.033341,-1.1596,0.16459,-1.2177,0.035029,2.1811,0.0098362,1.6975,0.23408,-1.0371,-1.4552,-0.54854,-0.23073,2.1094,-0.2888,1.0459
-0.0052204,-0.051988,-0.061057,9.9572e-005,0.91006,1.6305,0.58604,1.6462,-0.03078,-1.2724,0.20086,-1.2762,0.068851,1.8457,-0.0038353,1.9176,0.21677,-0.71155,-1.6008,-0.58497,-0.25315,1.8833,-0.40082,0.96983
-0.0090916,-0.051105,-0.058713,-0.0069291,0.9181,1.6188,0.51621,1.7005,-0.018092,-1.3287,0.22552,-1.295,0.048915,1.4691,-0.0077588,1.9508,0.19465,-0.38647,-1.687,-0.5372,-0.27558,1.6243,-0.50112,0.84515
-0.012204,-0.053313,-0.055398,-0.014904,0.84548,1.6252,0.45466,1.7954,0.0071406,-1.3328,0.23325,-1.2454,-0.0079333,1.2248,0.014916,1.7876,0.17118,-0.18903,-1.7115,-0.48064,-0.30462,1.3506,-0.57487,0.68504
-0.013159,-0.058335,-0.049254,-0.022265,0.71991,1.663,0.39544,1.9645,0.043405,-1.3107,0.22918,-1.1324,-0.079059,1.1315,0.068045,1.5027,0.15033,-0.18854,-1.7048,-0.47096,-0.34187,1.0746,-0.61766,0.52339
-0.012326,-0.064547,-0.039741,-0.028694,0.57893,1.7192,0.33392,2.1914,0.084616,-1.2819,0.22231,-0.98326,-0.14738,1.0695,0.14029,1.177,0.13463,-0.37992,-1.7105,-0.53189,-0.38936,0.78885,-0.63936,0.38553
-0.011371,-0.069589,-0.02776,-0.034689,0.45698,1.769,0.2779,2.4199,0.12251,-1.2395,0.21895,-0.82672,-0.20232,0.88825,0.21161,0.8272,0.12432,-0.71237,-1.755,-0.66466,-0.45276,0.48032,-0.65941,0.26398
-0.011845,-0.071615,-0.014832,-0.040835,0.36878,1.8005,0.25086,2.5984,0.15088,-1.1548,0.22093,-0.67844,-0.23393,0.52124,0.2629,0.40334,0.11712,-1.1295,-1.8295,-0.86053,-0.53804,0.15866,-0.69576,0.11697
-0.01387,-0.070356,-0.0021693,-0.047259,0.3017,1.8283,0.28023,2.722,0.16844,-1.0064,0.22751,-0.54167,-0.23108,0.026289,0.28232,-0.14617,0.10846,-1.5875,-1.8964,-1.1025,-0.64432,-0.13654,-0.7536,-0.1086
-0.015866,-0.067028,0.0095819,-0.053333,0.2273,1.8805,0.37665,2.8321,0.17824,-0.81055,0.2368,-0.41753,-0.18851,-0.46805,0.26647,-0.8031,0.092831,-2.0458,-1.9133,-1.361,-0.76006,-0.3672,-0.82119,-0.44276
-0.015532,-0.063029,0.019906,-0.057581,0.12606,1.9682,0.51972,2.9709,0.18446,-0.62729,0.24553,-0.31102,-0.11533,-0.85509,0.21882,-1.4664,0.066367,-2.4549,-1.86,-1.5979,-0.86739,-0.54604,-0.87604,-0.86597
-0.011418,-0.058626,0.028004,-0.058122,0.0062065,2.0679,0.6625,3.1313,0.18975,-0.5286,0.24926,-0.22572,-0.032985,-1.1046,0.14802,-2.0087,0.02951,-2.7626,-1.7519,-1.7845,-0.95182,-0.75644,-0.89846,-1.3065
-0.0040289,-0.053039,0.033094,-0.053936,-0.10054,2.1359,0.75326,3.2517,0.19533,-0.54886,0.24555,-0.15363,0.039422,-1.247,0.06624,-2.3548,-0.012265,-2.9377,-1.6336,-1.9214,-1.009,-1.1107,-0.88376,-1.6674
0.0042313,-0.046041,0.035324,-0.046465,-0.1635,2.1464,0.75947,3.2659,0.20279,-0.65309,0.23853,-0.073469,0.10083,-1.3213,-0.014578,-2.5173,-0.050832,-2.9871,-1.5564,-2.0397,-1.0424,-1.6647,-0.84512,-1.8752
0.01027,-0.039425,0.036339,-0.040113,-0.17699,2.1213,0.67818,3.1679,0.2149,-0.75017,0.23969,0.037699,0.16952,-1.3465,-0.088252,-2.5703,-0.079662,-2.9478,-1.551,-2.179,-1.0537,-2.3509,-0.80494,-1.9253
0.011979,-0.036447,0.038672,-0.040409,-0.16273,2.1241,0.52776,3.0344,0.23358,-0.74545,0.26186,0.18834,0.26652,-1.3407,-0.15793,-2.5895,-0.097013,-2.8607,-1.6113,-2.3548,-1.0358,-2.9869,-0.7806,-1.8957
0.0094251,-0.039108,0.044099,-0.05033,-0.14943,2.2192,0.33082,2.9797,0.25683,-0.59713,0.30923,0.36681,0.39382,-1.3567,-0.23327,-2.6103,-0.10581,-2.7495,-1.7013,-2.5424,-0.97466,-3.3661,-0.77399,-1.9106
0.004865,-0.045584,0.052248,-0.067279,-0.14939,2.4272,0.10326,3.0756,0.27754,-0.33722,0.37135,0.5518,0.5251,-1.4815,-0.32149,-2.6281,-0.11054,-2.6252,-1.7823,-2.6905,-0.86186,-3.3724,-0.77174,-2.0684
0.001497,-0.050532,0.060749,-0.0836,-0.15415,2.7088,-0.14296,3.2993,0.28648,-0.044754,0.42699,0.72896,0.61633,-1.7861,-0.41881,-2.6238,-0.11375,-2.5083,-1.8452,-2.7551,-0.70561,-3.044,-0.75533,-2.3752
0.0016321,-0.048786,0.06703,-0.091144,-0.15179,2.9843,-0.38901,3.5472,0.27761,0.2057,0.45624,0.89772,0.62814,-2.2653,-0.51012,-2.5826,-0.11502,-2.4448,-1.9209,-2.732,-0.53262,-2.5444,-0.71394,-2.7318
0.0053734,-0.039655,0.070395,-0.087002,-0.14643,3.1742,-0.60327,3.7039,0.25204,0.38172,0.45203,1.0618,0.54487,-2.8255,-0.57888,-2.4889,-0.11273,-2.4969,-2.0585,-2.665,-0.37699,-2.0646,-0.65131,-2.9855
0.010664,-0.027954,0.072652,-0.07588,-0.15757,3.2325,-0.74831,3.7118,0.21776,0.49316,0.42254,1.2134,0.38111,-3.3365,-0.6199,-2.3136,-0.1067,-2.7093,-2.2824,-2.6253,-0.26378,-1.7248,-0.5826,-3.0134
0.014713,-0.020335,0.076723,-0.066742,-0.1969,3.158,-0.79744,3.5934,0.18522,0.5628,0.38283,1.327,0.17626,-3.7041,-0.64365,-2.0172,-0.099306,-3.0788,-2.5597,-2.6746,-0.19809,-1.5335,-0.52358,-2.7806
0.015869,-0.019629,0.084345,-0.065943,-0.24458,2.9865,-0.74865,3.4194,0.16182,0.59715,0.34299,1.3721,-0.01786,-3.9015,-0.66648,-1.5769,-0.094025,-3.5465,-2.8069,-2.8331,-0.1664,-1.4167,-0.47966,-2.3371
0.014645,-0.022059,0.094715,-0.072307,-0.25091,2.7718,-0.62611,3.2531,0.14866,0.58253,0.30207,1.3335,-0.15353,-3.9353,-0.69278,-1.0187,-0.092964,-4.0209,-2.9351,-3.0697,-0.14788,-1.2844,-0.44194,-1.7673
0.01321,-0.020094,0.10506,-0.078309,-0.16823,2.5651,-0.46867,3.1158,0.14122,0.50759,0.25171,1.2242,-0.20588,-3.7847,-0.70383,-0.4264,-0.095298,-4.4159,-2.9036,-3.3194,-0.1274,-1.0844,-0.39299,-1.1381
0.013721,-0.0088882,0.11245,-0.076513,0.010337,2.3961,-0.31389,2.9876,0.13329,0.38984,0.18529,1.0799,-0.18734,-3.3815,-0.66484,0.08593,-0.097703,-4.6813,-2.7427,-3.5195,-0.10191,-0.81876,-0.31854,-0.48241
0.016762,0.0091153,0.11544,-0.065847,0.23705,2.2625,-0.18718,2.8345,0.1214,0.28078,0.10454,0.93997,-0.14623,-2.6589,-0.54868,0.42133,-0.096295,-4.8106,-2.5285,-3.643,-0.077947,-0.52797,-0.21762,0.18073
0.021015,0.025638,0.11431,-0.052371,0.4334,2.1322,-0.099618,2.6343,0.10714,0.24208,0.018815,0.83062,-0.14232,-1.6327,-0.36043,0.53936,-0.088854,-4.8281,-2.3323,-3.7121,-0.063956,-0.2648,-0.10459,0.82326
0.024337,0.033167,0.11044,-0.043991,0.53386,1.9605,-0.051593,2.3858,0.095968,0.30854,-0.061034,0.75918,-0.20851,-0.43976,-0.14384,0.4655,-0.07627,-4.763,-2.1813,-3.778,-0.063386,-0.073943,-0.0019295,1.4091
0.025343,0.031244,0.10545,-0.043826,0.51704,1.7155,-0.037572,2.1032,0.093251,0.4647,-0.12813,0.71875,-0.32365,0.70908,0.037862,0.27073,-0.062512,-4.625,-2.0595,-3.8796,-0.07248,0.019688,0.071386,1.9156
0.024251,0.027019,0.10091,-0.047961,0.40451,1.3962,-0.049529,1.8072,0.1004,0.65236,-0.18041,0.69406,-0.41986,1.6335,0.13592,0.03838,-0.052784,-4.3946,-1.9369,-4.0049,-0.082595,0.017006,0.10819,2.3454
0.022431,0.029481,0.098113,-0.049238,0.23489,1.0355,-0.07948,1.5204,0.11382,0.80398,-0.21763,0.66433,-0.4251,2.2667,0.14236,-0.16299,-0.050376,-4.0356,-1.8011,-4.0866,-0.084332,-0.055238,0.11347,2.7087
0.021175,0.042156,0.097473,-0.043396,0.039132,0.68524,-0.12154,1.2636,0.12755,0.87986,-0.23884,0.60693,-0.31338,2.656,0.091196,-0.29105,-0.05406,-3.5295,-1.6649,-4.0429,-0.070825,-0.1535,0.097796,2.9896
0.020779,0.060342,0.097821,-0.032216,-0.16317,0.39505,-0.17248,1.0504,0.13743,0.88563,-0.24259,0.50839,-0.12568,2.8895,0.034749,-0.32759,-0.058383,-2.9121,-1.5532,-3.8412,-0.039278,-0.2336,0.069918,3.134
0.020603,0.074902,0.09642,-0.021435,-0.34862,0.19504,-0.22978,0.87845,0.14363,0.86178,-0.22895,0.3807,0.055781,3.0158,0.012584,-0.27021,-0.057545,-2.2836,-1.4846,-3.5354,0.0087593,-0.2649,0.034305,3.0815
0.019876,0.079099,0.090364,-0.015917,-0.47633,0.086936,-0.28838,0.7268,0.14938,0.85521,-0.20003,0.26952,0.1619,3.0238,0.034012,-0.12484,-0.050408,-1.7683,-1.4616,-3.2391,0.067726,-0.23483,-0.0055442,2.8236
0.018396,0.07277,0.078686,-0.016453,-0.49425,0.04369,-0.33925,0.56251,0.15745,0.89143,-0.15845,0.23973,0.17949,2.8902,0.083109,0.097912,-0.042354,-1.4376,-1.4685,-3.0408,0.12898,-0.14583,-0.042482,2.4348
0.016573,0.061013,0.063524,-0.020356,-0.36592,0.016735,-0.37179,0.35726,0.16731,0.96172,-0.10642,0.33818,0.15175,2.6413,0.13796,0.38352,-0.041651,-1.2466,-1.4702,-2.9237,0.18275,-0.013674,-0.065396,2.0421
0.014958,0.049514,0.049112,-0.024375,-0.099811,-0.047968,-0.37821,0.10413,0.17549,1.0278,-0.047796,0.55452,0.1389,2.3685,0.18718,0.71446,-0.052663,-1.0391,-1.4164,-2.7601,0.22104,0.12978,-0.064555,1.7479
0.013815,0.040926,0.039074,-0.026923,0.24108,-0.18705,-0.35621,-0.1757,0.17815,1.0386,0.0080109,0.8098,0.17149,2.1786,0.23242,1.0724,-0.071519,-0.63639,-1.26,-2.3983,0.24055,0.23877,-0.038226,1.568
0.013039,0.034829,0.03405,-0.028148,0.55909,-0.39977,-0.30792,-0.44113,0.17339,0.95135,0.045738,0.98885,0.23198,2.1215,0.27868,1.4396,-0.088281,0.041604,-0.98621,-1.7861,0.244,0.2721,0.0055689,1.4369
0.012271,0.029981,0.031574,-0.0287,0.76247,-0.64527,-0.23721,-0.65073,0.1614,0.75274,0.051278,1.0017,0.27548,2.1531,0.32416,1.7956,-0.09416,0.90915,-0.63509,-1.0315,0.23861,0.22306,0.05431,1.2789
0.010966,0.025896,0.028301,-0.028857,0.80493,-0.86458,-0.14893,-0.78417,0.1432,0.47213,0.022954,0.83531,0.26959,2.1603,0.35925,2.1092,-0.087845,1.7549,-0.28968,-0.34723,0.23234,0.13666,0.099163,1.0826
0.0084787,0.022467,0.022749,-0.028495,0.70328,-1.0174,-0.051149,-0.85463,0.12027,0.17943,-0.022037,0.56102,0.22038,2.0266,0.37458,2.3341,-0.075744,2.3661,-0.030178,0.085572,0.22977,0.091147,0.13941,0.91378
0.0044469,0.019042,0.016291,-0.027245,0.5236,-1.1102,0.043257,-0.90486,0.095906,-0.038465,-0.053606,0.29049,0.165,1.6901,0.36955,2.4156,-0.066286,2.6498,0.11587,0.23142,0.23044,0.14835,0.17981,0.85547
-0.00057497,0.014885,0.011695,-0.024337,0.34421,-1.1931,0.12002,-0.98733,0.076466,-0.11659,-0.045596,0.11181,0.1392,1.1625,0.35313,2.3126,-0.063511,2.668,0.18592,0.20586,0.23067,0.30784,0.22374,0.92937
-0.0048283,0.010828,0.010598,-0.018645,0.21647,-1.3271,0.1716,-1.1377,0.069711,-0.046286,0.0077311,0.047849,0.14793,0.51257,0.336,2.0224,-0.065294,2.5726,0.24391,0.17558,0.22763,0.50323,0.26815,1.0682
-0.0060601,0.0098029,0.012049,-0.0096034,0.14619,-1.5406,0.2041,-1.356,0.079856,0.1175,0.087813,0.06131,0.16387,-0.16084,0.32153,1.5927,-0.066969,2.4985,0.32127,0.2393,0.22239,0.64638,0.30429,1.1625
-0.0030902,0.014654,0.01322,0.0014212,0.10583,-1.8089,0.23586,-1.6074,0.10246,0.28411,0.16374,0.094832,0.156,-0.74585,0.30368,1.1098,-0.066324,2.4976,0.3879,0.3833,0.21946,0.68599,0.32278,1.1395
0.0029035,0.02467,0.011445,0.010864,0.066851,-2.0699,0.28667,-1.8442,0.12384,0.3743,0.21128,0.11162,0.12439,-1.1291,0.27362,0.66819,-0.065322,2.5486,0.37902,0.5344,0.2234,0.635,0.31869,1.0063
0.0086875,0.03442,0.0058458,0.01479,0.027446,-2.2653,0.36413,-2.0338,0.12704,0.35663,0.2255,0.10806,0.11,-1.2186,0.22916,0.34027,-0.067497,2.6141,0.25468,0.64909,0.2351,0.54952,0.29321,0.82522
0.011048,0.036944,-0.0025282,0.011843,0.014764,-2.377,0.4572,-2.1771,0.10142,0.25138,0.21913,0.096892,0.16645,-0.98499,0.17859,0.16069,-0.074036,2.6867,0.040199,0.75504,0.25098,0.48232,0.25199,0.65174
0.0092272,0.029277,-0.011712,0.0048336,0.060898,-2.4332,0.54164,-2.3026,0.049385,0.10457,0.2104,0.082379,0.31286,-0.50022,0.13555,0.12594,-0.082209,2.7892,-0.18707,0.91401,0.26544,0.45151,0.20256,0.49342
0.005671,0.01555,-0.019899,-0.00072286,0.1735,-2.4825,0.59374,-2.442,-0.01426,-0.044492,0.21075,0.050001,0.50618,0.060473,0.10931,0.20183,-0.087161,2.9407,-0.35106,1.1503,0.27441,0.44521,0.15241,0.32169
0.0041557,0.0045086,-0.02598,-0.00028075,0.32567,-2.5568,0.60271,-2.605,-0.070346,-0.1786,0.22046,-0.024467,0.65995,0.47463,0.09882,0.33247,-0.08498,3.1295,-0.42242,1.416,0.27708,0.44785,0.10808,0.11728
0.00656,0.0030536,-0.029716,0.0066935,0.47265,-2.649,0.57411,-2.7699,-0.10493,-0.29504,0.23292,-0.1586,0.69999,0.57053,0.095023,0.45299,-0.074416,3.3183,-0.41784,1.626,0.27492,0.45755,0.074115,-0.098661
0.010943,0.010954,-0.031907,0.016672,0.57985,-2.7188,0.52369,-2.894,-0.11418,-0.38821,0.24151,-0.35311,0.61541,0.31666,0.088714,0.50881,-0.056399,3.4703,-0.35886,1.7269,0.2693,0.4787,0.052169,-0.27671
0.012791,0.021013,-0.0343,0.024821,0.63844,-2.7176,0.46705,-2.9371,-0.10224,-0.44045,0.24375,-0.59013,0.46428,-0.15164,0.076509,0.47536,-0.032532,3.5716,-0.23299,1.7394,0.26029,0.5028,0.04097,-0.37972
0.0086974,0.024383,-0.038751,0.028107,0.65859,-2.6159,0.4122,-2.8818,-0.075323,-0.42802,0.24156,-0.83389,0.32944,-0.59089,0.059958,0.36351,-0.0040304,3.6291,0.003688,1.74,0.24717,0.50302,0.03764,-0.41189
-0.00054305,0.01663,-0.045736,0.026322,0.65135,-2.4175,0.35831,-2.7431,-0.037939,-0.33558,0.2398,-1.0315,0.26066,-0.76753,0.039986,0.20253,0.02846,3.6544,0.38223,1.8039,0.22978,0.4527,0.039651,-0.41152
-0.010206,1.2034e-006,-0.053368,0.0208,0.61909,-2.1596,0.29964,-2.5665,0.0062754,-0.16715,0.24492,-1.1206,0.24896,-0.57483,0.01357,0.011587,0.06459,3.6506,0.87309,1.9585,0.20911,0.35157,0.045995,-0.41838
-0.015262,-0.019075,-0.058162,0.012718,0.56188,-1.9029,0.23103,-2.4153,0.051373,0.053532,0.26324,-1.0506,0.24991,-0.086421,-0.022849,-0.21547,0.10397,3.6147,1.3771,2.1812,0.18688,0.23338,0.056765,-0.44823
-0.014313,-0.0344,-0.057468,0.0029462,0.4891,-1.7147,0.15231,-2.3501,0.088695,0.29201,0.29775,-0.81085,0.22971,0.48206,-0.06617,-0.49668,0.1457,3.5462,1.7658,2.4267,0.16484,0.14463,0.071711,-0.49494
-0.010384,-0.042751,-0.051769,-0.0066545,0.41998,-1.6466,0.070216,-2.4044,0.11127,0.51579,0.34454,-0.44454,0.19162,0.88232,-0.10364,-0.8313,0.1876,3.4485,1.9427,2.6548,0.1446,0.11161,0.089066,-0.55093
-0.0078721,-0.043791,-0.044768,-0.012537,0.36961,-1.7108,-0.0024522,-2.5663,0.11947,0.70437,0.39193,-0.030917,0.16234,0.95344,-0.11912,-1.1837,0.22593,3.3202,1.8863,2.8354,0.12764,0.12403,0.10555,-0.62037
-0.008484,-0.038716,-0.040852,-0.01113,0.33453,-1.8686,-0.050604,-2.7783,0.12189,0.85217,0.42456,0.35668,0.15664,0.68664,-0.1049,-1.504,0.25606,3.1475,1.6501,2.9415,0.11478,0.14818,0.11747,-0.71115
-0.0099483,-0.029675,-0.041823,-0.0020785,0.29421,-2.0419,-0.062993,-2.9626,0.12911,0.96291,0.4306,0.68727,0.15745,0.20333,-0.06912,-1.7734,0.27444,2.9097,1.3296,2.9516,0.10537,0.15541,0.12209,-0.81709
-0.0086397,-0.020067,-0.045608,0.010057,0.22977,-2.1489,-0.038464,-3.0591,0.14494,1.0389,0.4075,0.97249,0.13082,-0.3289,-0.031492,-2.032,0.28052,2.5974,1.0186,2.865,0.097147,0.1394,0.11843,-0.9129
-0.0035087,-0.01415,-0.048068,0.018103,0.14295,-2.1467,0.01131,-3.0543,0.16283,1.0731,0.36216,1.2297,0.060496,-0.77917,-0.009952,-2.3532,0.27711,2.2291,0.77764,2.7154,0.087913,0.10855,0.10711,-0.97094
0.0025578,-0.014915,-0.046386,0.017537,0.056597,-2.054,0.065392,-2.9804,0.17127,1.05,0.30573,1.4399,-0.031835,-1.0806,-0.0089584,-2.7706,0.26871,1.8487,0.62358,2.5593,0.077841,0.065635,0.089655,-0.9844
0.0053233,-0.021499,-0.041202,0.010371,-0.0051767,-1.9361,0.10277,-2.8859,0.16361,0.95673,0.24726,1.54,-0.10077,-1.2013,-0.01898,-3.2086,0.25879,1.5039,0.53792,2.4432,0.070302,-0.0012818,0.068006,-0.9729
0.0032662,-0.02883,-0.035814,0.0037853,-0.039751,-1.863,0.11234,-2.8006,0.14367,0.7937,0.19057,1.4594,-0.11385,-1.1087,-0.026926,-3.4822,0.24796,1.2201,0.48704,2.3732,0.069743,-0.10504,0.045002,-0.96255
-0.00080801,-0.030778,-0.033314,0.0040967,-0.07073,-1.8678,0.097562,-2.7213,0.12212,0.57601,0.1355,1.1741,-0.078907,-0.78379,-0.027852,-3.3819,0.23427,0.98991,0.44532,2.316,0.078088,-0.23563,0.025518,-0.95774
-0.0022001,-0.024875,-0.034221,0.011123,-0.12985,-1.9335,0.072435,-2.6274,0.10733,0.32435,0.081062,0.73245,-0.039856,-0.28125,-0.027751,-2.8031,0.21498,0.78664,0.40958,2.2302,0.0929,-0.35135,0.017042,-0.93153
0.0014479,-0.01471,-0.036536,0.018184,-0.2314,-2.0133,0.051597,-2.5099,0.099778,0.055026,0.027278,0.2342,-0.045808,0.22323,-0.035886,-1.8322,0.18847,0.58838,0.396,2.1034,0.10926,-0.39736,0.028128,-0.84468
0.008016,-0.0075728,-0.037858,0.018075,-0.36053,-2.0658,0.041244,-2.3854,0.095371,-0.21974,-0.024992,-0.22015,-0.11932,0.46931,-0.05482,-0.72642,0.15515,0.39469,0.42114,1.9636,0.12382,-0.33908,0.064381,-0.67772
0.012744,-0.0088668,-0.037481,0.0098046,-0.48431,-2.0768,0.037205,-2.2819,0.093966,-0.48115,-0.074974,-0.57085,-0.24612,0.23518,-0.078295,0.20624,0.11739,0.22333,0.4812,1.8566,0.13724,-0.1846,0.12374,-0.44917
0.012259,-0.017733,-0.036644,-0.00011945,-0.5751,-2.054,0.030936,-2.2085,0.10385,-0.69623,-0.12234,-0.8063,-0.38858,-0.52884,-0.099543,0.7543,0.078997,0.091945,0.54742,1.813,0.15256,0.019688,0.19424,-0.20653
0.007182,-0.027543,-0.036984,-0.0031991,-0.62755,-2.0065,0.018244,-2.1368,0.13619,-0.8273,-0.16769,-0.94386,-0.50746,-1.6551,-0.1224,0.88879,0.044445,0.00093245,0.58341,1.8312,0.17107,0.21315,0.25685,-0.00048002
0.0012143,-0.030933,-0.038877,0.0036713,-0.65738,-1.9315,0.0037296,-2.0149,0.1932,-0.85811,-0.21453,-1.01,-0.57615,-2.8378,-0.16368,0.74454,0.017547,-0.069028,0.57158,1.8888,0.18968,0.34455,0.29303,0.13588
-0.0021107,-0.025326,-0.041203,0.015647,-0.68598,-1.8215,-0.0021944,-1.808,0.26077,-0.81763,-0.27211,-1.0358,-0.58378,-3.7772,-0.24124,0.5242,-0.00029646,-0.14319,0.5259,1.9668,0.20261,0.38194,0.29369,0.19097
-0.0019769,-0.014548,-0.042545,0.024428,-0.72405,-1.6845,0.0093045,-1.5329,0.31341,-0.77938,-0.35558,-1.0619,-0.53451,-4.2898,-0.35428,0.39397,-0.011236,-0.23291,0.47869,2.0632,0.2061,0.31289,0.26483,0.16837
-0.00010739,-0.0054524,-0.042472,0.025521,-0.76578,-1.5543,0.040047,-1.259,0.32903,-0.82998,-0.48039,-1.1328,-0.44894,-4.3253,-0.47076,0.42819,-0.02016,-0.32278,0.45134,2.1883,0.20181,0.14686,0.22611,0.084241
0.0014746,-0.0025508,-0.04172,0.021606,-0.79496,-1.4752,0.085412,-1.0696,0.30265,-1.0251,-0.65255,-1.2783,-0.36426,-3.918,-0.53523,0.61333,-0.031709,-0.37232,0.43395,2.3492,0.19598,-0.077978,0.20251,-0.028297
0.0023574,-0.0050438,-0.041371,0.019229,-0.7967,-1.4697,0.13932,-1.0097,0.24811,-1.3622,-0.86178,-1.4932,-0.32461,-3.1419,-0.49767,0.88351,-0.046816,-0.33263,0.39274,2.5397,0.19496,-0.29579,0.21278,-0.11867
0.003611,-0.0084041,-0.042078,0.022332,-0.76669,-1.5147,0.19825,-1.0576,0.18698,-1.7884,-1.0841,-1.7393,-0.3595,-2.1066,-0.34792,1.1556,-0.061365,-0.17264,0.301,2.7405,0.20105,-0.4347,0.26045,-0.13452
0.006064,-0.0087859,-0.044067,0.028779,-0.71418,-1.5488,0.26055,-1.1385,0.1335,-2.2371,-1.2937,-1.9712,-0.46204,-0.97126,-0.13213,1.3541,-0.068394,0.094535,0.16845,2.9216,0.21192,-0.45425,0.33237,-0.050177
0.0089023,-0.0063461,-0.047587,0.032765,-0.65873,-1.5092,0.32234,-1.1709,0.087365,-2.6647,-1.4759,-2.1672,-0.58475,0.077171,0.064077,1.4335,-0.062686,0.39825,0.043944,3.0434,0.22344,-0.37361,0.40561,0.11239
0.010001,-0.0047819,-0.052962,0.030347,-0.62327,-1.3735,0.37519,-1.1118,0.038943,-3.0637,-1.6294,-2.3387,-0.66222,0.891,0.15987,1.4015,-0.04475,0.62347,-0.013126,3.0585,0.23261,-0.2655,0.45892,0.28989
0.0076311,-0.0078026,-0.060029,0.022745,-0.62527,-1.1731,0.40906,-0.97293,-0.018524,-3.4432,-1.758,-2.5107,-0.65016,1.4275,0.12411,1.3261,-0.021447,0.65317,0.02794,2.9254,0.23806,-0.21376,0.48205,0.41154
0.0019393,-0.015824,-0.067619,0.014753,-0.6684,-0.97081,0.41832,-0.80312,-0.080543,-3.7965,-1.858,-2.6898,-0.55542,1.7503,-0.0091027,1.3097,-0.0028033,0.42425,0.14816,2.6322,0.23815,-0.26189,0.4777,0.43761
-0.0050632,-0.025724,-0.073893,0.010395,-0.73756,-0.81876,0.40484,-0.65476,-0.13346,-4.081,-1.9146,-2.851,-0.43481,1.9577,-0.16533,1.4298,0.0030545,-0.034744,0.29129,2.2126,0.22951,-0.3885,0.45594,0.3756
-0.010832,-0.033559,-0.07744,0.010135,-0.80042,-0.73045,0.37464,-0.5588,-0.16477,-4.2307,-1.9129,-2.953,-0.36122,2.0962,-0.27753,1.6811,-0.0061422,-0.61116,0.39946,1.737,0.20829,-0.52575,0.42595,0.26454
-0.01375,-0.037513,-0.078174,0.011801,-0.81676,-0.68409,0.33091,-0.51989,-0.17279,-4.1917,-1.8537,-2.9703,-0.37916,2.1343,-0.32285,1.9647,-0.025952,-1.1608,0.44605,1.2781,0.17366,-0.60525,0.39142,0.14323
-0.013676,-0.038436,-0.077199,0.013533,-0.75295,-0.65009,0.27106,-0.52621,-0.16806,-3.9591,-1.7607,-2.9107,-0.47987,2.0157,-0.32468,2.1384,-0.047585,-1.5735,0.44421,0.87624,0.13081,-0.59771,0.35213,0.028479
-0.01152,-0.037913,-0.075784,0.015492,-0.59599,-0.61628,0.19224,-0.56097,-0.16565,-3.5874,-1.671,-2.8054,-0.61197,1.7377,-0.32334,2.1004,-0.062012,-1.8095,0.42969,0.53207,0.090374,-0.52198,0.30911,-0.082245
-0.0084836,-0.036264,-0.074466,0.018857,-0.36129,-0.59106,0.10117,-0.60743,-0.175,-3.1665,-1.6143,-2.6832,-0.71795,1.3782,-0.34184,1.8476,-0.063861,-1.8889,0.43479,0.23184,0.06414,-0.42418,0.26755,-0.19204
-0.0055592,-0.032701,-0.073038,0.023574,-0.090326,-0.58668,0.018188,-0.64975,-0.19478,-2.7809,-1.5972,-2.556,-0.7685,1.048,-0.37239,1.4698,-0.053628,-1.8523,0.4728,-0.019616,0.059687,-0.34734,0.23448,-0.29024
-0.0034005,-0.027357,-0.071267,0.027343,0.16152,-0.60234,-0.031486,-0.67611,-0.2159,-2.4776,-1.6031,-2.4332,-0.77114,0.81563,-0.38919,1.0864,-0.037486,-1.731,0.53963,-0.19244,0.0771,-0.31229,0.21305,-0.35626
-0.0023701,-0.022678,-0.069408,0.026891,0.34323,-0.62449,-0.034867,-0.68556,-0.22908,-2.2633,-1.6069,-2.3495,-0.75115,0.67476,-0.37167,0.77494,-0.024745,-1.5501,0.62465,-0.261,0.10947,-0.31647,0.19912,-0.37692
-0.0026477,-0.022252,-0.067912,0.020348,0.42647,-0.6422,-0.003489,-0.69257,-0.23051,-2.1236,-1.592,-2.3734,-0.72444,0.57737,-0.31805,0.54206,-0.023761,-1.348,0.71842,-0.2417,0.1464,-0.34382,0.18382,-0.3607
-0.0043648,-0.027822,-0.066614,0.0087794,0.41671,-0.66002,0.030629,-0.72157,-0.22184,-2.0419,-1.5571,-2.5776,-0.68615,0.49217,-0.24182,0.34723,-0.037878,-1.1798,0.81301,-0.19904,0.17834,-0.37564,0.16062,-0.33617
-0.0076346,-0.037404,-0.064372,-0.0042134,0.35206,-0.69292,0.034256,-0.79133,-0.20582,-2.0026,-1.511,-2.9862,-0.62263,0.42781,-0.1597,0.15175,-0.063418,-1.0871,0.89977,-0.2054,0.19986,-0.39796,0.13104,-0.33654
-0.01228,-0.046522,-0.059725,-0.014443,0.2888,-0.74715,-0.006396,-0.89887,-0.18237,-1.9794,-1.4621,-3.5393,-0.5333,0.40338,-0.083143,-0.051344,-0.091127,-1.0556,0.97111,-0.28371,0.21093,-0.4056,0.10412,-0.38264
-0.017343,-0.051636,-0.052165,-0.019425,0.27877,-0.80614,-0.07912,-1.0163,-0.1489,-1.9301,-1.4151,-4.1076,-0.44073,0.40505,-0.017949,-0.24644,-0.11071,-1.0008,1.0249,-0.3836,0.21615,-0.40361,0.089988,-0.47492
-0.020925,-0.052624,-0.042835,-0.019727,0.3481,-0.83753,-0.15738,-1.1057,-0.10444,-1.8138,-1.3751,-4.552,-0.37832,0.38114,0.033268,-0.4275,-0.11608,-0.80873,1.0644,-0.41868,0.2224,-0.40426,0.092719,-0.59579
-0.020902,-0.052063,-0.03382,-0.018573,0.48684,-0.81713,-0.21944,-1.1418,-0.053777,-1.6244,-1.3535,-4.7896,-0.36557,0.28619,0.070724,-0.6177,-0.10834,-0.40842,1.0903,-0.3409,0.23589,-0.4195,0.10823,-0.71676
-0.016357,-0.052097,-0.026429,-0.019665,0.65406,-0.74819,-0.25907,-1.1276,-0.0076966,-1.4135,-1.3672,-4.823,-0.39191,0.13165,0.098175,-0.85443,-0.09472,0.17266,1.09,-0.19296,0.25966,-0.45275,0.12807,-0.80717
-0.0086535,-0.051973,-0.019915,-0.024389,0.79665,-0.65758,-0.28038,-1.0882,0.021651,-1.2773,-1.4293,-4.7214,-0.42329,-0.0096967,0.11972,-1.1503,-0.084354,0.81371,1.0387,-0.09248,0.293,-0.49639,0.14533,-0.8454
-0.0010076,-0.048663,-0.011966,-0.030347,0.87345,-0.57184,-0.28449,-1.0495,0.027337,-1.3081,-1.5372,-4.5742,-0.42688,-0.057036,0.13225,-1.4651,-0.083612,1.3624,0.91531,-0.15368,0.33255,-0.5374,0.15746,-0.83254
0.003492,-0.040047,-0.00085746,-0.032766,0.87415,-0.49603,-0.26268,-1.0186,0.011945,-1.5375,-1.6683,-4.4511,-0.39469,0.0097631,0.12061,-1.7189,-0.093575,1.7093,0.72545,-0.40279,0.37418,-0.56686,0.16462,-0.80081
0.0040248,-0.027751,0.012466,-0.028292,0.82337,-0.41632,-0.20439,-0.98329,-0.013317,-1.911,-1.7876,-4.3855,-0.34817,0.12461,0.063599,-1.8436,-0.11042,1.8257,0.51162,-0.74943,0.41409,-0.58518,0.16622,-0.80523
0.0025825,-0.016973,0.024344,-0.018492,0.76618,-0.32463,-0.11326,-0.93091,-0.034428,-2.313,-1.8615,-4.3777,-0.32061,0.17707,-0.050173,-1.8361,-0.12757,1.7484,0.3376,-1.0351,0.44869,-0.59937,0.15952,-0.89556
0.0023366,-0.013261,0.030811,-0.0099454,0.74112,-0.24126,-0.015696,-0.87042,-0.0422,-2.6298,-1.8721,-4.4044,-0.3301,0.091537,-0.20796,-1.769,-0.13797,1.5348,0.25476,-1.1238,0.47441,-0.61628,0.14159,-1.0823
0.0050599,-0.018686,0.030693,-0.010146,0.75543,-0.21084,0.048855,-0.83671,-0.037599,-2.8117,-1.8212,-4.4271,-0.36202,-0.11537,-0.37318,-1.7425,-0.1355,1.2279,0.273,-0.97326,0.48835,-0.639,0.11218,-1.3214
0.0096916,-0.030306,0.026774,-0.021912,0.77868,-0.27038,0.051059,-0.86991,-0.031712,-2.8965,-1.7263,-4.4053,-0.37328,-0.34167,-0.50251,-1.8098,-0.11599,0.85391,0.35711,-0.64488,0.48991,-0.66944,0.074488,-1.534
0.013223,-0.041929,0.023858,-0.040669,0.76142,-0.41468,-0.0086486,-0.98355,-0.040155,-2.9776,-1.6103,-4.3129,-0.31649,-0.46599,-0.56829,-1.9337,-0.078027,0.4421,0.45007,-0.25584,0.48158,-0.71226,0.033153,-1.651
0.013173,-0.047829,0.025156,-0.057138,0.66818,-0.58911,-0.099112,-1.1458,-0.074823,-3.1354,-1.4923,-4.1521,-0.17028,-0.42657,-0.57031,-2.0095,-0.023889,0.040971,0.50508,0.086381,0.46767,-0.77368,-0.0086134,-1.6533
0.0096352,-0.045908,0.029992,-0.06374,0.50237,-0.7183,-0.17712,-1.2896,-0.13752,-3.3757,-1.3828,-3.9505,0.04259,-0.25999,-0.52981,-1.9405,0.040351,-0.28797,0.5046,0.32698,0.45148,-0.85425,-0.05001,-1.5775
0.0052719,-0.038402,0.034765,-0.059863,0.30519,-0.74993,-0.21189,-1.3469,-0.21896,-3.6136,-1.2838,-3.7404,0.26183,-0.076503,-0.47281,-1.7076,0.10597,-0.49386,0.45831,0.46826,0.43324,-0.94282,-0.091226,-1.4846
0.0033156,-0.029899,0.036346,-0.051836,0.12925,-0.68152,-0.19843,-1.2845,-0.30326,-3.7164,-1.192,-3.5341,0.41899,0.0065859,-0.41635,-1.3821,0.16385,-0.557,0.38907,0.54725,0.41061,-1.0193,-0.13127,-1.4121
0.0051863,-0.024094,0.034941,-0.047583,0.0075222,-0.55298,-0.1532,-1.1183,-0.37483,-3.5793,-1.1009,-3.3154,0.47299,-0.074644,-0.36649,-1.0779,0.20692,-0.49104,0.32076,0.6069,0.38105,-1.0662,-0.16709,-1.3475
0.0095288,-0.021358,0.033958,-0.050236,-0.059038,-0.41485,-0.098741,-0.89911,-0.42347,-3.1833,-1.0026,-3.053,0.42948,-0.31502,-0.32523,-0.88418,0.2317,-0.33046,0.2728,0.67337,0.34365,-1.0792,-0.19463,-1.2372
0.0133,-0.018739,0.037024,-0.055882,-0.088045,-0.29759,-0.049996,-0.68174,-0.44573,-2.6015,-0.88926,-2.7259,0.33097,-0.66935,-0.29669,-0.82644,0.23849,-0.11976,0.25576,0.74228,0.29833,-1.0667,-0.21058,-1.0244
0.014004,-0.012418,0.044794,-0.057234,-0.091447,-0.20032,-0.0097264,-0.49723,-0.44348,-1.9522,-0.75467,-2.3403,0.22511,-1.0905,-0.28595,-0.86885,0.23033,0.085897,0.26382,0.77518,0.24321,-1.0405,-0.21397,-0.68815
0.011433,-0.00095476,0.054276,-0.050103,-0.063095,-0.098417,0.028554,-0.34364,-0.42193,-1.3373,-0.59851,-1.9278,0.13452,-1.538,-0.2922,-0.93524,0.21154,0.2169,0.26996,0.71139,0.1731,-1.0072,-0.20687,-0.26062
0.0077289,0.013128,0.061129,-0.037285,0.012436,0.043213,0.076095,-0.19559,-0.38839,-0.80719,-0.42898,-1.5305,0.05014,-1.954,-0.30387,-0.92753,0.18653,0.20119,0.23517,0.49697,0.081656,-0.973,-0.19474,0.18144
0.0058178,0.024778,0.062825,-0.026615,0.14152,0.26098,0.14606,-0.022251,-0.35094,-0.36825,-0.26163,-1.1841,-0.049539,-2.2405,-0.30129,-0.74717,0.159,-0.0013508,0.13308,0.11999,-0.033747,-0.95579,-0.18572,0.54241
0.0073528,0.029952,0.060028,-0.024797,0.31348,0.5857,0.25058,0.19814,-0.316,-0.01435,-0.113,-0.90904,-0.17263,-2.2814,-0.26626,-0.33846,0.13139,-0.3616,-0.025951,-0.37124,-0.16786,-0.9873,-0.18799,0.73807
0.011576,0.028582,0.055347,-0.031994,0.50985,1.0317,0.39519,0.47273,-0.28558,0.24982,0.0073993,-0.70842,-0.30525,-2.0127,-0.19235,0.25301,0.1042,-0.77501,-0.19352,-0.88582,-0.30725,-1.0906,-0.20496,0.7236
0.015836,0.024644,0.050971,-0.041458,0.71754,1.5827,0.57202,0.79593,-0.25629,0.41118,0.10124,-0.56848,-0.42655,-1.4894,-0.089604,0.85506,0.075718,-1.105,-0.31131,-1.339,-0.43392,-1.2429,-0.23065,0.51329
0.017375,0.023327,0.047386,-0.044332,0.92675,2.1867,0.75703,1.1542,-0.22172,0.4678,0.17793,-0.46191,-0.53028,-0.8868,0.018999,1.2275,0.042832,-1.2565,-0.35005,-1.7011,-0.53012,-1.3564,-0.24929,0.18346
0.015146,0.027586,0.04401,-0.035846,1.1121,2.7702,0.91551,1.5311,-0.17685,0.44385,0.24587,-0.35623,-0.62899,-0.41068,0.10766,1.1981,0.0035731,-1.231,-0.32905,-2.0094,-0.58135,-1.3069,-0.24191,-0.15
0.010434,0.036651,0.04059,-0.018375,1.2179,3.2693,1.0145,1.9114,-0.12126,0.38656,0.30535,-0.22632,-0.73438,-0.16982,0.15974,0.79325,-0.039691,-1.1219,-0.30077,-2.3307,-0.5776,-1.0039,-0.19772,-0.37653
0.0058684,0.047185,0.03768,0.00044976,1.1723,3.6589,1.0355,2.2841,-0.058618,0.34949,0.34871,-0.064562,-0.83311,-0.10076,0.17571,0.26044,-0.078722,-1.0501,-0.31403,-2.6978,-0.51463,-0.45687,-0.12338,-0.43766
0.0035457,0.055638,0.03569,0.012756,0.93134,3.958,0.98018,2.6429,0.0068089,0.37559,0.36784,0.11984,-0.88571,-0.0089689,0.17227,-0.053502,-0.10161,-1.0832,-0.38599,-3.0669,-0.39695,0.21729,-0.043141,-0.34824
0.0035941,0.059829,0.033713,0.014987,0.52165,4.2065,0.86693,2.9824,0.072955,0.48828,0.36264,0.31266,-0.85642,0.29412,0.17166,0.10218,-0.098455,-1.1944,-0.50309,-3.3298,-0.24063,0.85785,0.01217,-0.178
0.0042411,0.059111,0.029687,0.0093014,0.04422,4.4309,0.72039,3.2934,0.13944,0.68827,0.34369,0.50828,-0.75103,0.85204,0.18674,0.74206,-0.067261,-1.2873,-0.64447,-3.3775,-0.072189,1.3528,0.021186,-0.0060468
0.0033508,0.053922,0.022073,0.0015076,-0.3718,4.6232,0.56155,3.5612,0.20417,0.95096,0.32698,0.71325,-0.62658,1.5218,0.21181,1.6478,-0.016102,-1.2679,-0.80403,-3.1752,0.078612,1.6899,-0.016793,0.12183
0.00028937,0.045661,0.011572,-0.0027857,-0.63617,4.7504,0.40245,3.7695,0.26072,1.2259,0.32481,0.93651,-0.55817,2.0601,0.2271,2.4988,0.040378,-1.1134,-0.99259,-2.8,0.18939,1.9298,-0.082521,0.20816
-0.0033567,0.036742,0.0010963,-0.001468,-0.73773,4.7825,0.24725,3.9099,0.29974,1.4465,0.33945,1.1752,-0.58501,2.2779,0.21508,3.0328,0.08791,-0.89422,-1.2225,-2.4126,0.2528,2.1288,-0.14838,0.28818
-0.0048809,0.029931,-0.0062981,0.0031201,-0.73057,4.7203,0.097036,3.9891,0.31438,1.5542,0.36333,1.4092,-0.67938,2.1545,0.17658,3.1401,0.11842,-0.73479,-1.491,-2.1801,0.27607,2.2811,-0.19285,0.39959
-0.0026316,0.026769,-0.0098438,0.0060589,-0.68086,4.6002,-0.045683,4.0289,0.30585,1.5262,0.38441,1.6099,-0.76563,1.8417,0.13309,2.8627,0.13118,-0.73934,-1.7761,-2.1929,0.27282,2.3301,-0.20906,0.5563
0.0024265,0.026191,-0.011685,0.0034315,-0.61709,4.4741,-0.17574,4.0558,0.28464,1.3885,0.39251,1.7544,-0.77537,1.5626,0.11189,2.3352,0.12959,-0.92541,-2.0452,-2.4282,0.25326,2.2324,-0.204,0.73565
0.0070949,0.024866,-0.015014,-0.0046994,-0.51989,4.381,-0.2874,4.0865,0.26586,1.1986,0.38308,1.834,-0.69528,1.4832,0.12527,1.7225,0.11698,-1.2059,-2.2662,-2.7789,0.21969,2.0112,-0.19142,0.88068
0.0081125,0.019488,-0.02126,-0.014105,-0.35352,4.3254,-0.37705,4.1159,0.26154,1.0092,0.35786,1.8498,-0.57106,1.6397,0.16067,1.1765,0.095196,-1.4323,-2.4131,-3.1266,0.16948,1.7477,-0.18413,0.91775
0.0045151,0.0094373,-0.028806,-0.019337,-0.10968,4.2752,-0.44308,4.1168,0.27461,0.83847,0.32384,1.8035,-0.4685,1.9516,0.19055,0.80523,0.066436,-1.4761,-2.4679,-3.4076,0.10197,1.5165,-0.18964,0.787
-0.0016296,-0.0023655,-0.034386,-0.0177,0.17149,4.1769,-0.4827,4.0526,0.29852,0.67227,0.29127,1.6947,-0.42677,2.2912,0.19402,0.64782,0.035803,-1.3017,-2.4215,-3.6259,0.023329,1.3267,-0.20892,0.47472
-0.0066805,-0.011195,-0.036011,-0.011078,0.41731,3.9784,-0.48904,3.8958,0.32222,0.49669,0.2706,1.5279,-0.44112,2.5507,0.17265,0.66595,0.01115,-0.9848,-2.2778,-3.8099,-0.05426,1.122,-0.23686,0.027343
-0.0079586,-0.01354,-0.034835,-0.0041068,0.56097,3.6484,-0.45346,3.6425,0.33702,0.33021,0.26802,1.3213,-0.48279,2.6707,0.14791,0.77005,-0.00066008,-0.66294,-2.0557,-3.9526,-0.11764,0.84041,-0.26403,-0.46722
-0.0054621,-0.0091371,-0.034342,-0.00025926,0.57451,3.1866,-0.3745,3.3143,0.34095,0.22294,0.28137,1.1055,-0.53163,2.6338,0.14334,0.87211,0.0014919,-0.44833,-1.7873,-3.9906,-0.15807,0.47596,-0.28014,-0.92338
-0.0015853,-0.00072796,-0.037501,0.0007598,0.47579,2.6221,-0.26801,2.9454,0.33817,0.21719,0.2992,0.90754,-0.58988,2.4489,0.16672,0.92938,0.011216,-0.36062,-1.5083,-3.8425,-0.1737,0.088388,-0.27928,-1.2975
0.00078151,0.0079322,-0.044347,0.0021392,0.30998,2.0035,-0.16946,2.5657,0.33445,0.30035,0.30461,0.732,-0.66699,2.1457,0.20617,0.94504,0.017876,-0.32417,-1.2456,-3.4761,-0.16871,-0.2462,-0.2638,-1.5946
0.00025151,0.014112,-0.052014,0.0066249,0.12178,1.3857,-0.12257,2.1916,0.33196,0.39259,0.28251,0.55383,-0.75353,1.7747,0.24136,0.93031,0.013059,-0.23045,-1.0078,-2.9469,-0.15056,-0.49509,-0.2437,-1.8405
-0.0023828,0.016888,-0.057174,0.013853,-0.062761,0.8203,-0.15863,1.8305,0.32677,0.3871,0.22597,0.33128,-0.8111,1.3993,0.25898,0.87084,-0.0041858,-0.020352,-0.78607,-2.3749,-0.1272,-0.68477,-0.23055,-2.0456
-0.0050966,0.016643,-0.058796,0.020606,-0.23749,0.35107,-0.27898,1.4928,0.31049,0.21689,0.13811,0.031919,-0.7896,1.0742,0.25977,0.73805,-0.027057,0.27123,-0.56429,-1.8786,-0.10485,-0.86296,-0.22997,-2.1945
-0.0062938,0.014137,-0.058965,0.023388,-0.40591,0.010857,-0.45297,1.1992,0.27475,-0.10137,0.028925,-0.34465,-0.65868,0.8254,0.25352,0.53909,-0.045743,0.53656,-0.3356,-1.5207,-0.086712,-1.0473,-0.2383,-2.2678
-0.0058791,0.0099514,-0.061167,0.020772,-0.57052,-0.18396,-0.63327,0.97263,0.21591,-0.48031,-0.090071,-0.76116,-0.42944,0.64753,0.24875,0.35333,-0.053672,0.66166,-0.11321,-1.3044,-0.072775,-1.2107,-0.24628,-2.2723
-0.0050386,0.0044186,-0.067516,0.013643,-0.7284,-0.24255,-0.77867,0.82104,0.13707,-0.82134,-0.20947,-1.1565,-0.15155,0.52053,0.24637,0.30537,-0.050915,0.5868,0.072143,-1.2095,-0.060962,-1.3158,-0.24712,-2.248
-0.0050709,-0.0022823,-0.077124,0.0038013,-0.87219,-0.20545,-0.86997,0.7249,0.046672,-1.0757,-0.32212,-1.4697,0.11024,0.43109,0.24137,0.48128,-0.042834,0.31938,0.18765,-1.2268,-0.04907,-1.3629,-0.24241,-2.2425
-0.0062766,-0.0099792,-0.086748,-0.007186,-0.99223,-0.13772,-0.91104,0.64393,-0.045625,-1.2639,-0.42104,-1.6618,0.3034,0.37969,0.22854,0.85316,-0.035686,-0.10192,0.2161,-1.3573,-0.03646,-1.4055,-0.24117,-2.2739
-0.0077516,-0.018164,-0.092977,-0.017781,-1.0776,-0.10687,-0.91841,0.54087,-0.13287,-1.4463,-0.4978,-1.7254,0.40444,0.36936,0.20591,1.2807,-0.032804,-0.65333,0.16269,-1.5873,-0.024532,-1.5172,-0.25292,-2.3171
-0.0081398,-0.025492,-0.094173,-0.025729,-1.1179,-0.15434,-0.9092,0.40556,-0.21235,-1.6721,-0.5439,-1.6816,0.42079,0.38998,0.17315,1.5979,-0.033909,-1.3372,0.046981,-1.8742,-0.01603,-1.7399,-0.28057,-2.3269
-0.0066693,-0.029726,-0.090844,-0.028384,-1.1081,-0.27791,-0.89515,0.26006,-0.28396,-1.9473,-0.55469,-1.569,0.3822,0.41551,0.12795,1.7181,-0.037225,-2.1441,-0.11092,-2.1636,-0.014183,-2.055,-0.31876,-2.2791
-0.0036871,-0.028827,-0.084609,-0.024517,-1.0528,-0.43729,-0.88304,0.13981,-0.34682,-2.2365,-0.53357,-1.4299,0.32795,0.41869,0.064961,1.6754,-0.041938,-2.9964,-0.29577,-2.4214,-0.022542,-2.3968,-0.3587,-2.1943
-0.00042303,-0.022927,-0.076939,-0.016051,-0.96667,-0.58056,-0.8768,0.064932,-0.39691,-2.4862,-0.49282,-1.3,0.2932,0.38991,-0.020709,1.5706,-0.048773,-3.7281,-0.48908,-2.6446,-0.045267,-2.6899,-0.39522,-2.1236
0.0016854,-0.015576,-0.068732,-0.0076837,-0.86777,-0.6743,-0.87744,0.024308,-0.42748,-2.6447,-0.44948,-1.2025,0.29729,0.34295,-0.12806,1.4742,-0.058533,-4.1345,-0.65737,-2.8356,-0.086606,-2.8774,-0.42973,-2.1076
0.0016179,-0.012464,-0.060683,-0.0040028,-0.76864,-0.71764,-0.88169,-0.01511,-0.43225,-2.6689,-0.41741,-1.1458,0.33746,0.3014,-0.24702,1.3695,-0.07032,-4.0731,-0.75327,-2.9669,-0.14869,-2.9262,-0.46675,-2.1417
-0.00085311,-0.017574,-0.053663,-0.0061322,-0.67346,-0.73237,-0.88278,-0.080829,-0.40935,-2.5262,-0.40017,-1.1241,0.39208,0.277,-0.36012,1.1811,-0.081236,-3.5524,-0.73596,-2.9737,-0.22841,-2.8199,-0.50699,-2.1758
-0.0049894,-0.029327,-0.048483,-0.010736,-0.58504,-0.73914,-0.87454,-0.17052,-0.36383,-2.205,-0.38958,-1.119,0.43332,0.25758,-0.44828,0.85516,-0.087757,-2.741,-0.59833,-2.7899,-0.31548,-2.5618,-0.54294,-2.1455
-0.0091788,-0.040276,-0.045346,-0.012462,-0.51673,-0.73935,-0.85639,-0.24963,-0.30706,-1.7336,-0.37133,-1.1038,0.44333,0.21408,-0.49766,0.41912,-0.087416,-1.8828,-0.37818,-2.3981,-0.39372,-2.1895,-0.56145,-2.01
-0.011552,-0.041665,-0.043696,-0.008021,-0.4986,-0.71746,-0.83467,-0.27319,-0.25319,-1.1878,-0.3346,-1.0513,0.42448,0.12059,-0.50461,-0.031742,-0.079456,-1.17,-0.14049,-1.8494,-0.44559,-1.7808,-0.5516,-1.768
-0.011123,-0.030062,-0.04278,0.0013367,-0.56955,-0.66145,-0.81923,-0.21655,-0.2137,-0.67185,-0.27889,-0.94289,0.39724,-0.02772,-0.47669,-0.40317,-0.064479,-0.65904,0.059153,-1.2388,-0.45813,-1.4321,-0.51201,-1.4454
-0.0087511,-0.010783,-0.042323,0.010853,-0.75752,-0.58425,-0.81778,-0.093612,-0.1924,-0.27567,-0.21337,-0.77781,0.38752,-0.21088,-0.42913,-0.66438,-0.044227,-0.28418,0.20293,-0.65685,-0.42786,-1.21,-0.45171,-1.0747
-0.006891,0.0053098,-0.0426,0.015772,-1.0589,-0.52583,-0.83223,0.050077,-0.18346,-0.035444,-0.14966,-0.57558,0.41154,-0.39503,-0.37836,-0.85289,-0.022197,0.04977,0.30978,-0.15976,-0.36283,-1.1106,-0.38398,-0.68784
-0.0078284,0.00975,-0.043881,0.014431,-1.4296,-0.52961,-0.85853,0.16532,-0.17417,0.074397,-0.093865,-0.37049,0.46765,-0.54893,-0.33552,-1.025,-0.0041466,0.37191,0.4071,0.22844,-0.28132,-1.0578,-0.31794,-0.32575
-0.011584,0.0029275,-0.04595,0.008779,-1.7941,-0.6071,-0.88837,0.22995,-0.15183,0.11104,-0.044185,-0.1996,0.53847,-0.6554,-0.30361,-1.2005,0.0031173,0.6197,0.49979,0.49661,-0.20689,-0.94917,-0.25464,-0.046114
-0.015394,-0.0063989,-0.048313,0.0025647,-2.0674,-0.71746,-0.91051,0.26184,-0.11097,0.11737,0.0047794,-0.090501,0.60066,-0.71306,-0.2796,-1.3481,-0.0049081,0.69589,0.56285,0.63846,-0.16076,-0.7188,-0.19048,0.091243
-0.015638,-0.0083601,-0.050765,-0.00085006,-2.1805,-0.78154,-0.91185,0.30528,-0.056366,0.095036,0.055392,-0.055925,0.63551,-0.73084,-0.25988,-1.4197,-0.026922,0.55497,0.56308,0.66376,-0.15373,-0.37317,-0.1247,0.061239
-0.010891,9.0841e-006,-0.05353,0.00043562,-2.1003,-0.72626,-0.88007,0.39947,0.00050349,0.01625,0.10431,-0.097969,0.63528,-0.72139,-0.24462,-1.3971,-0.055161,0.24827,0.49096,0.61143,-0.18153,0.023194,-0.064204,-0.093483
-0.0034837,0.012753,-0.056676,0.0067654,-1.838,-0.53065,-0.80842,0.55076,0.04926,-0.13657,0.14603,-0.21763,0.60382,-0.69738,-0.23777,-1.3114,-0.078882,-0.10276,0.37568,0.54264,-0.22689,0.39848,-0.021284,-0.26557
0.0020299,0.020527,-0.059523,0.016871,-1.4446,-0.24057,-0.70048,0.7282,0.086946,-0.33703,0.17907,-0.42073,0.55274,-0.67006,-0.24338,-1.2211,-0.090033,-0.37673,0.27064,0.51268,-0.26796,0.7203,-0.0056582,-0.33171
0.0024052,0.018692,-0.060931,0.027743,-0.99412,0.059939,-0.57089,0.88516,0.11821,-0.51685,0.20902,-0.71272,0.4957,-0.64692,-0.26168,-1.1713,-0.087232,-0.50944,0.22137,0.54323,-0.28825,1.0039,-0.016717,-0.22252
-0.0017291,0.010935,-0.060428,0.03538,-0.55947,0.30103,-0.44066,0.99042,0.1496,-0.6059,0.24544,-1.083,0.44283,-0.6274,-0.28857,-1.166,-0.075388,-0.503,0.2406,0.61809,-0.28232,1.2792,-0.042051,0.030902
-0.0065566,0.0055975,-0.059019,0.036955,-0.189,0.4652,-0.32944,1.0452,0.18312,-0.58025,0.29529,-1.4892,0.39764,-0.60009,-0.3183,-1.1711,-0.061659,-0.3959,0.30771,0.7053,-0.25452,1.5461,-0.063577,0.30715
-0.0084694,0.008302,-0.058668,0.033103,0.10465,0.5849,-0.24877,1.0747,0.21495,-0.47975,0.35831,-1.8552,0.35791,-0.54704,-0.34628,-1.1412,-0.051073,-0.22952,0.38899,0.78584,-0.21353,1.7571,-0.06714,0.4595
-0.0072275,0.017372,-0.060744,0.027985,0.33639,0.70475,-0.19928,1.103,0.2406,-0.37828,0.42778,-2.0913,0.31993,-0.45628,-0.36897,-1.0484,-0.044857,-0.036384,0.45987,0.86504,-0.16761,1.8439,-0.049136,0.3987
-0.0061119,0.025594,-0.064847,0.026224,0.52563,0.83999,-0.17162,1.1328,0.26168,-0.32809,0.49542,-2.1283,0.28298,-0.33566,-0.38161,-0.89522,-0.041908,0.15293,0.51252,0.95974,-0.12334,1.7686,-0.016157,0.14413
-0.0089173,0.026252,-0.069138,0.028889,0.67401,0.96264,-0.14974,1.1463,0.28749,-0.32144,0.55614,-1.9471,0.24985,-0.21616,-0.37705,-0.70924,-0.04132,0.30441,0.54805,1.0751,-0.086213,1.5621,0.021329,-0.18706
-0.016388,0.018106,-0.071828,0.032189,0.76093,1.0233,-0.11569,1.1227,0.32859,-0.30079,0.60947,-1.5863,0.22262,-0.13789,-0.34866,-0.52518,-0.04351,0.38886,0.56577,1.1922,-0.060108,1.3151,0.056246,-0.4456
-0.025178,0.0055898,-0.072431,0.03055,0.76105,0.98829,-0.055576,1.0567,0.38667,-0.20906,0.65762,-1.1201,0.19755,-0.12506,-0.29594,-0.3663,-0.04927,0.39606,0.56178,1.2763,-0.044971,1.1261,0.088031,-0.53108
-0.030257,-0.0051555,-0.071759,0.02169,0.6703,0.86487,0.03459,0.96268,0.44932,-0.038441,0.70283,-0.6232,0.16462,-0.16719,-0.22781,-0.23335,-0.058033,0.33888,0.53718,1.2987,-0.03532,1.0412,0.12005,-0.44057
-0.028772,-0.010704,-0.070921,0.009171,0.51884,0.69805,0.14594,0.86488,0.49505,0.1632,0.74662,-0.14195,0.11413,-0.22202,-0.15981,-0.10611,-0.067206,0.24205,0.50448,1.2565,-0.02248,1.0297,0.15402,-0.25908
-0.022233,-0.011933,-0.07039,-0.00010633,0.35897,0.54725,0.2593,0.78457,0.50608,0.33417,0.79114,0.31165,0.045523,-0.24103,-0.10627,0.042616,-0.073292,0.12656,0.48237,1.1744,3.8824e-005,1.0125,0.18617,-0.10175
-0.015324,-0.012275,-0.069877,-0.0013938,0.23669,0.45978,0.35283,0.73415,0.47956,0.454,0.84081,0.74504,-0.029014,-0.20143,-0.073285,0.22694,-0.073989,0.0036254,0.4807,1.0928,0.031936,0.92216,0.20798,-0.045936
-0.012428,-0.01463,-0.068817,0.0042287,0.16886,0.4551,0.41107,0.7189,0.42877,0.56541,0.90193,1.1646,-0.090564,-0.12286,-0.058343,0.43322,-0.06973,-0.11955,0.4888,1.0479,0.066016,0.74942,0.21107,-0.094116
-0.014651,-0.019351,-0.066845,0.011146,0.14278,0.52225,0.4305,0.73901,0.37315,0.74358,0.97944,1.5643,-0.12527,-0.058433,-0.056758,0.62124,-0.063613,-0.23357,0.47904,1.0578,0.092501,0.54321,0.19248,-0.18617
-0.019535,-0.024462,-0.063945,0.014102,0.13519,0.62626,0.41902,0.7874,0.32479,1.0361,1.0724,1.9276,-0.13335,-0.06733,-0.069151,0.7424,-0.059743,-0.33031,0.42537,1.1187,0.10411,0.36825,0.1567,-0.24732
-0.023356,-0.027569,-0.06038,0.012228,0.13271,0.72048,0.3906,0.8469,0.28124,1.421,1.1716,2.2358,-0.12881,-0.1874,-0.10311,0.76474,-0.060969,-0.41229,0.32337,1.2111,0.098224,0.25497,0.11304,-0.23814
-0.023959,-0.027982,-0.056574,0.0088116,0.13669,0.76334,0.35855,0.89416,0.22975,1.8134,1.2617,2.4738,-0.13063,-0.42188,-0.16722,0.68923,-0.067291,-0.49366,0.19679,1.3082,0.075725,0.17998,0.070236,-0.17573
-0.021921,-0.027497,-0.052898,0.0074851,0.15261,0.73572,0.33073,0.91114,0.15912,2.1166,1.3286,2.6311,-0.1518,-0.74124,-0.262,0.54782,-0.075823,-0.58482,0.085798,1.3863,0.0389,0.08827,0.031948,-0.11722
-0.019463,-0.029219,-0.049406,0.0086416,0.17789,0.64986,0.30818,0.89591,0.070371,2.2758,1.3662,2.7007,-0.19231,-1.0907,-0.37467,0.38713,-0.082372,-0.6716,0.02564,1.4319,-0.0090613,-0.063951,-0.0036925,-0.12066
-0.018366,-0.035131,-0.045832,0.0093336,0.20125,0.54138,0.28685,0.86231,-0.021334,2.2994,1.379,2.6798,-0.23862,-1.3961,-0.48092,0.25075,-0.08372,-0.71136,0.029799,1.4461,-0.06314,-0.27955,-0.040414,-0.20962
-0.018711,-0.044231,-0.042043,0.0064406,0.21265,0.4469,0.26128,0.82714,-0.094101,2.2396,1.3779,2.5726,-0.26804,-1.5694,-0.55173,0.17136,-0.079295,-0.65821,0.086447,1.4444,-0.11615,-0.52253,-0.078876,-0.36142
-0.019295,-0.052852,-0.038567,-9.3155e-005,0.21171,0.38148,0.22845,0.79525,-0.1308,2.1531,1.3721,2.3929,-0.25643,-1.5236,-0.56138,0.17279,-0.071264,-0.50269,0.16726,1.4495,-0.16043,-0.74404,-0.11448,-0.52153
-0.019049,-0.057147,-0.036415,-0.0069993,0.20473,0.33273,0.18999,0.75563,-0.12716,2.076,1.3642,2.1669,-0.18759,-1.2017,-0.49493,0.27251,-0.063127,-0.29343,0.24137,1.479,-0.19071,-0.90886,-0.13984,-0.63175
-0.018072,-0.05584,-0.035983,-0.010525,0.19421,0.27581,0.15161,0.69215,-0.092083,2.0248,1.3511,1.9349,-0.062053,-0.6125,-0.35511,0.47623,-0.057803,-0.11722,0.2875,1.5325,-0.20563,-1.0054,-0.15008,-0.65527
-0.017436,-0.050896,-0.036015,-0.0096476,0.17307,0.19624,0.12018,0.59875,-0.041325,2.0129,1.3302,1.7517,0.099704,0.14975,-0.16663,0.76649,-0.056338,-0.046937,0.30032,1.5884,-0.20684,-1.0395,-0.1468,-0.58715
-0.018068,-0.045548,-0.033982,-0.0067221,0.13149,0.10095,0.10026,0.48497,0.010908,2.0602,1.3034,1.6789,0.26318,0.92078,0.026897,1.0967,-0.057723,-0.094928,0.28989,1.6133,-0.19638,-1.0265,-0.1375,-0.44986
-0.019727,-0.041474,-0.028045,-0.0050851,0.070055,0.0092144,0.092486,0.36659,0.057197,2.1831,1.2753,1.7644,0.39383,1.5228,0.17751,1.4008,-0.059553,-0.20795,0.27441,1.5808,-0.17525,-0.98939,-0.13114,-0.28081
-0.020934,-0.037797,-0.018982,-0.0059271,0.005518,-0.066493,0.094177,0.25084,0.096829,2.3756,1.2475,2.0167,0.47157,1.839,0.25482,1.6184,-0.059069,-0.30692,0.26937,1.4887,-0.14428,-0.96234,-0.13362,-0.12037
-0.019923,-0.032843,-0.010051,-0.0073772,-0.038431,-0.13045,0.10126,0.13101,0.13182,2.597,1.2156,2.3881,0.49718,1.8682,0.2625,1.7203,-0.054368,-0.33872,0.27911,1.3617,-0.10624,-0.98648,-0.14676,-0.004041
-0.015956,-0.026838,-0.0045199,-0.0066762,-0.048125,-0.19506,0.10957,-0.0033064,0.16251,2.7806,1.1716,2.7852,0.48743,1.7232,0.2363,1.7209,-0.045668,-0.29962,0.29723,1.2381,-0.066583,-1.0928,-0.17047,0.043452
-0.010086,-0.022686,-0.0029743,-0.0034279,-0.02956,-0.26276,0.11499,-0.14954,0.18562,2.857,1.1107,3.1051,0.46343,1.5717,0.22204,1.669,-0.0361,-0.21648,0.31609,1.1492,-0.030897,-1.28,-0.20484,0.01517
-0.0048182,-0.023714,-0.0029382,-0.00078129,-0.0021567,-0.31748,0.11376,-0.28512,0.19535,2.7792,1.0355,3.2798,0.44,1.5504,0.24737,1.6224,-0.031145,-0.10955,0.33749,1.1035,-0.00077595,-1.5057,-0.24898,-0.071245
-0.0027468,-0.030297,-0.0012398,-0.0031292,0.017189,-0.33525,0.10412,-0.37826,0.1861,2.5351,0.95345,3.3005,0.42084,1.7036,0.307,1.6215,-0.036269,0.02611,0.37404,1.0859,0.028411,-1.7023,-0.29747,-0.17451
-0.0049819,-0.038607,0.0031038,-0.012079,0.0253,-0.30463,0.08898,-0.40849,0.155,2.148,0.86938,3.207,0.39891,1.9797,0.37095,1.6726,-0.053735,0.20431,0.4371,1.069,0.06497,-1.8133,-0.33866,-0.24492
-0.010417,-0.04297,0.008217,-0.024287,0.030264,-0.23698,0.076806,-0.37969,0.10354,1.667,0.78048,3.052,0.35957,2.2791,0.40762,1.7464,-0.08068,0.41519,0.52077,1.0268,0.11459,-1.8247,-0.35823,-0.24999
-0.016409,-0.040027,0.011443,-0.033438,0.039872,-0.15638,0.07828,-0.3152,0.038131,1.1568,0.67843,2.8664,0.28545,2.5121,0.40298,1.7889,-0.11009,0.61103,0.59751,0.94402,0.17484,-1.7678,-0.34672,-0.19421
-0.020411,-0.031175,0.012013,-0.035069,0.05324,-0.079338,0.099289,-0.24093,-0.030673,0.68415,0.55751,2.6477,0.16399,2.6255,0.363,1.7365,-0.13427,0.7277,0.63439,0.81626,0.23514,-1.6902,-0.30553,-0.11518
-0.021324,-0.021222,0.011666,-0.030244,0.063144,-0.0056346,0.13496,-0.17291,-0.0908,0.30411,0.42201,2.3766,-0.0040025,2.587,0.30209,1.531,-0.14851,0.72596,0.6211,0.64649,0.28255,-1.6151,-0.24622,-0.054282
-0.019566,-0.01447,0.012746,-0.024704,0.065129,0.068956,0.1704,-0.12016,-0.13309,0.046128,0.28629,2.0431,-0.1993,2.3616,0.23123,1.1312,-0.15238,0.61859,0.58746,0.43987,0.30938,-1.5222,-0.18335,-0.021767
-0.016032,-0.011572,0.015804,-0.024003,0.063485,0.13094,0.18986,-0.097388,-0.15541,-0.091702,0.16742,1.662,-0.38809,1.9172,0.15598,0.52745,-0.14824,0.46119,0.59223,0.19923,0.31689,-1.3658,-0.12632,0.014675
-0.011135,-0.0096505,0.019154,-0.028703,0.06896,0.14389,0.18918,-0.13068,-0.16324,-0.13612,0.075587,1.2677,-0.53415,1.2687,0.082133,-0.24064,-0.1388,0.31485,0.68579,-0.077825,0.31286,-1.116,-0.076419,0.10554
-0.0049731,-0.0052594,0.020776,-0.033888,0.09248,0.07237,0.18243,-0.24529,-0.16541,-0.1221,0.0091689,0.89627,-0.61301,0.52127,0.019051,-1.0696,-0.12575,0.21013,0.87181,-0.3965,0.30557,-0.78947,-0.030281,0.27658
0.0016958,0.0025544,0.020596,-0.033484,0.1423,-0.081085,0.19594,-0.44275,-0.16697,-0.075434,-0.042664,0.57154,-0.61994,-0.14107,-0.025056,-1.8006,-0.11036,0.13775,1.0973,-0.75318,0.2991,-0.44211,0.014294,0.5022
0.0070023,0.011598,0.020807,-0.025607,0.22599,-0.25998,0.25193,-0.68789,-0.16478,-0.0047243,-0.092522,0.30461,-0.56919,-0.53871,-0.050423,-2.2675,-0.094337,0.068237,1.2815,-1.1172,0.29302,-0.1313,0.055711,0.71817
0.0090142,0.018519,0.023821,-0.014272,0.35085,-0.37964,0.35211,-0.92085,-0.14973,0.093849,-0.14803,0.10195,-0.48804,-0.60457,-0.065564,-2.3746,-0.079655,-0.01905,1.3648,-1.4202,0.2853,0.12066,0.090745,0.86336
0.0075759,0.021428,0.029779,-0.0061231,0.5172,-0.38083,0.47326,-1.0892,-0.11487,0.22335,-0.20995,-0.030468,-0.41017,-0.43492,-0.07709,-2.1633,-0.06716,-0.12047,1.343,-1.5698,0.27526,0.3306,0.1183,0.91592
0.0050551,0.020882,0.035997,-0.005232,0.70778,-0.27168,0.57879,-1.1775,-0.063171,0.37312,-0.27533,-0.09423,-0.36864,-0.23302,-0.07899,-1.8118,-0.055714,-0.21574,1.2622,-1.4921,0.2639,0.52388,0.14036,0.89498
0.0048151,0.018706,0.038986,-0.010418,0.88521,-0.12523,0.63911,-1.2129,-0.0082259,0.51321,-0.34238,-0.11024,-0.38473,-0.17581,-0.053899,-1.5467,-0.043318,-0.28961,1.1815,-1.182,0.25219,0.69748,0.15899,0.83014
0.0083696,0.016159,0.037322,-0.016887,1.0053,-0.035126,0.64723,-1.2444,0.033608,0.59941,-0.41294,-0.12034,-0.45311,-0.29749,0.011946,-1.5087,-0.02954,-0.34946,1.132,-0.72334,0.23942,0.81039,0.17279,0.72918
0.013703,0.013346,0.032848,-0.020103,1.0407,-0.062753,0.61976,-1.312,0.053983,0.58746,-0.49055,-0.17063,-0.53292,-0.47493,0.11296,-1.6611,-0.016899,-0.42548,1.1035,-0.25427,0.22335,0.81072,0.17689,0.5735
0.016507,0.010254,0.029168,-0.018444,0.99726,-0.2115,0.58403,-1.4279,0.057719,0.45126,-0.57595,-0.28508,-0.55808,-0.52188,0.2237,-1.8094,-0.0094011,-0.55312,1.0636,0.106,0.20197,0.67769,0.16755,0.34431
0.013584,0.0079209,0.028759,-0.013113,0.90982,-0.43774,0.56156,-1.5762,0.058099,0.19658,-0.66343,-0.45005,-0.47053,-0.31636,0.31639,-1.7255,-0.0090743,-0.74932,0.99067,0.32164,0.17561,0.44553,0.1475,0.054646
0.005672,0.0080152,0.03118,-0.0065266,0.81884,-0.68123,0.55872,-1.7276,0.066177,-0.13793,-0.74132,-0.62432,-0.26038,0.13306,0.38154,-1.2933,-0.013514,-0.99747,0.88942,0.4473,0.14779,0.19239,0.12723,-0.2415
-0.0027023,0.010908,0.033767,-0.0010726,0.74701,-0.89166,0.56874,-1.8547,0.082971,-0.49482,-0.7965,-0.7693,0.015894,0.71825,0.43204,-0.57449,-0.016887,-1.2498,0.78027,0.57266,0.12422,0.0040901,0.12008,-0.47069
-0.0063475,0.014362,0.033998,0.0013721,0.69356,-1.0418,0.58063,-1.9438,0.10071,-0.82005,-0.82069,-0.87646,0.25834,1.3158,0.48532,0.24016,-0.013877,-1.4455,0.6754,0.74859,0.1102,-0.062387,0.13393,-0.57507
-0.0030982,0.014803,0.031364,4.1445e-005,0.64874,-1.1313,0.58727,-1.9993,0.11131,-1.0807,-0.81471,-0.97043,0.37866,1.8483,0.53943,0.94921,-0.0034383,-1.5353,0.56663,0.95294,0.10757,0.0028485,0.16541,-0.53673
0.0046829,0.01061,0.02727,-0.0037197,0.61263,-1.1851,0.58758,-2.0421,0.11408,-1.2692,-0.78887,-1.0858,0.35167,2.2839,0.56621,1.4411,0.010652,-1.4994,0.43686,1.1187,0.11292,0.16565,0.20086,-0.37946
0.011791,0.0043553,0.02336,-0.0063082,0.59935,-1.2419,0.58356,-2.0988,0.11572,-1.3945,-0.75925,-1.2372,0.22659,2.6017,0.53043,1.7198,0.02261,-1.3524,0.28296,1.1937,0.11865,0.36491,0.22409,-0.15326
0.013687,0.0012956,0.020035,-0.0038563,0.622,-1.3305,0.57585,-2.1821,0.123,-1.4715,-0.74165,-1.4056,0.089844,2.7762,0.42026,1.8618,0.028268,-1.1336,0.12655,1.1767,0.11701,0.5363,0.2262,0.086172
0.0093056,0.0048094,0.016451,0.0044502,0.67278,-1.4449,0.56123,-2.2757,0.13538,-1.5154,-0.74566,-1.551,0.0069975,2.8026,0.26259,1.9502,0.026647,-0.89119,-0.00018493,1.1018,0.10492,0.63708,0.2112,0.29454
0.0013803,0.012733,0.01177,0.014613,0.71871,-1.5415,0.53289,-2.3376,0.1446,-1.54,-0.77121,-1.6371,-0.013752,2.731,0.10863,2.0299,0.018851,-0.66535,-0.082592,0.99413,0.086158,0.6642,0.19325,0.44981
-0.0056649,0.018259,0.0062832,0.01987,0.72021,-1.5689,0.48266,-2.3272,0.14173,-1.5543,-0.80958,-1.6493,-0.013583,2.6584,0.00031613,2.0947,0.0060177,-0.47993,-0.13978,0.84327,0.068549,0.6544,0.1869,0.55439
-0.0086214,0.015113,0.0013362,0.015549,0.65897,-1.5149,0.40419,-2.2396,0.12535,-1.5545,-0.8488,-1.5931,-0.043423,2.666,-0.056313,2.0973,-0.011609,-0.34216,-0.21213,0.62337,0.057675,0.66025,0.19616,0.62601
-0.0072083,0.0027404,-0.0017671,0.0028477,0.55183,-1.4301,0.2961,-2.1177,0.10347,-1.5199,-0.88091,-1.4824,-0.12807,2.7444,-0.091,1.9714,-0.033962,-0.24826,-0.3278,0.33825,0.051849,0.71241,0.21002,0.67909
-0.0036193,-0.013004,-0.0027553,-0.01174,0.4375,-1.4007,0.16404,-2.0273,0.087332,-1.4249,-0.90665,-1.3311,-0.26063,2.7692,-0.14509,1.6622,-0.059972,-0.18888,-0.47508,0.046383,0.042779,0.79279,0.20832,0.7081
-0.00051297,-0.024262,-0.002409,-0.020985,0.34565,-1.4853,0.020579,-2.0069,0.082356,-1.2651,-0.9339,-1.1577,-0.42378,2.5547,-0.24368,1.1569,-0.087216,-0.1499,-0.60455,-0.16142,0.02219,0.84057,0.17519,0.68696
0.00088643,-0.026909,-0.0017564,-0.021717,0.27247,-1.6643,-0.11749,-2.0345,0.083831,-1.0787,-0.97007,-0.99444,-0.61137,1.952,-0.38367,0.50127,-0.11245,-0.10889,-0.66177,-0.21459,-0.010434,0.7914,0.11137,0.58927
0.0011543,-0.022902,-0.0013236,-0.016084,0.18232,-1.8466,-0.23375,-2.0392,0.080562,-0.93932,-1.0138,-0.887,-0.82744,0.92909,-0.54126,-0.21234,-0.13214,-0.032716,-0.62715,-0.10191,-0.045334,0.62345,0.036702,0.41606
0.001433,-0.017717,-0.0010976,-0.0087995,0.034526,-1.9358,-0.31694,-1.9557,0.063384,-0.91401,-1.0526,-0.87673,-1.0645,-0.41466,-0.6881,-0.8826,-0.14242,0.11718,-0.53335,0.13213,-0.067822,0.3772,-0.019981,0.20828
0.0019255,-0.01553,-0.0010453,-0.0032187,-0.18482,-1.904,-0.36432,-1.7794,0.031872,-1.0132,-1.069,-0.97632,-1.2854,-1.8959,-0.80359,-1.4429,-0.13907,0.36983,-0.44654,0.42379,-0.067947,0.13329,-0.037787,0.030412
0.0016391,-0.016328,-0.0014948,0.00041026,-0.44856,-1.8163,-0.38267,-1.579,-0.0053622,-1.1713,-1.0514,-1.1573,-1.4296,-3.3155,-0.87864,-1.8836,-0.11862,0.72678,-0.42254,0.72382,-0.04732,-0.035634,-0.016558,-0.066223
-0.0003312,-0.017004,-0.0029177,0.0036255,-0.69961,-1.7844,-0.38631,-1.4542,-0.036184,-1.2794,-1.0007,-1.3615,-1.4448,-4.5028,-0.91393,-2.2404,-0.080626,1.153,-0.46628,1.0027,-0.018012,-0.10517,0.022864,-0.074082
-0.0032808,-0.014945,-0.0053313,0.0072482,-0.87762,-1.8865,-0.39235,-1.4714,-0.05181,-1.2529,-0.9287,-1.5302,-1.3185,-5.3219,-0.91507,-2.5575,-0.029597,1.5856,-0.52157,1.233,0.0054167,-0.10442,0.051003,-0.03081
-0.0048426,-0.010785,-0.0079598,0.01022,-0.94316,-2.1139,-0.41459,-1.6249,-0.050575,-1.0854,-0.84863,-1.6302,-1.0863,-5.6583,-0.88481,-2.8496,0.025364,1.9571,-0.5006,1.3768,0.014555,-0.086298,0.046406,0.0098672
-0.0028137,-0.008127,-0.0095631,0.010569,-0.88807,-2.3824,-0.45865,-1.8492,-0.037183,-0.85018,-0.76744,-1.6597,-0.81304,-5.4225,-0.81496,-3.085,0.073809,2.2199,-0.339,1.394,0.010231,-0.087383,0.0059362,0.015785
0.0026036,-0.010767,-0.0092186,0.0071892,-0.73243,-2.5952,-0.52101,-2.0691,-0.019289,-0.64987,-0.68535,-1.6329,-0.5619,-4.5882,-0.68661,-3.1971,0.10841,2.3552,-0.044385,1.2676,-0.0012198,-0.10649,-0.056792,-0.0052186
0.0082669,-0.019862,-0.0069203,0.00060459,-0.51511,-2.7052,-0.59231,-2.2445,-0.004236,-0.55289,-0.60244,-1.5583,-0.3746,-3.2493,-0.48623,-3.1184,0.12782,2.3635,0.29479,1.0176,-0.014324,-0.11414,-0.12172,-0.01787
0.010056,-0.033148,-0.0035027,-0.0077645,-0.2835,-2.7327,-0.66223,-2.3798,0.0024151,-0.56294,-0.52476,-1.4318,-0.26897,-1.6466,-0.23104,-2.8171,0.136,2.2472,0.55283,0.6937,-0.02782,-0.081711,-0.17305,0.0092283
0.0059428,-0.046431,3.987e-005,-0.01675,-0.083159,-2.7313,-0.72233,-2.4967,-0.0031001,-0.63732,-0.46356,-1.2482,-0.24451,-0.12098,0.018528,-2.3204,0.13868,2.0065,0.64193,0.34955,-0.04288,-0.006794,-0.20337,0.078793
-0.0022923,-0.055907,0.0032786,-0.025694,0.05295,-2.735,-0.76518,-2.5976,-0.022907,-0.73067,-0.42787,-1.0213,-0.2836,1.007,0.18006,-1.7133,0.13925,1.6538,0.57108,0.021618,-0.058994,0.083055,-0.21103,0.16439
-0.010117,-0.059678,0.0065267,-0.033713,0.11271,-2.727,-0.78228,-2.6497,-0.057007,-0.826,-0.4172,-0.79273,-0.34771,1.5731,0.19956,-1.1128,0.13678,1.2354,0.44421,-0.27681,-0.072139,0.14852,-0.1957,0.23194
-0.013268,-0.057917,0.010331,-0.039163,0.10617,-2.6509,-0.76482,-2.6002,-0.10243,-0.93211,-0.42133,-0.61974,-0.38014,1.6379,0.095356,-0.62638,0.12714,0.83449,0.39197,-0.54874,-0.077163,0.16456,-0.15753,0.26463
-0.010429,-0.052229,0.014718,-0.040323,0.058071,-2.4508,-0.70861,-2.4099,-0.15296,-1.0585,-0.42755,-0.54578,-0.32452,1.437,-0.044443,-0.30915,0.10641,0.54488,0.48104,-0.80363,-0.072013,0.13718,-0.10023,0.27275
-0.0037087,-0.044944,0.018877,-0.036948,-0.0043951,-2.1092,-0.61954,-2.0806,-0.20014,-1.195,-0.42909,-0.57408,-0.15344,1.2356,-0.1183,-0.1395,0.074485,0.42665,0.66718,-1.0491,-0.05968,0.10218,-0.033869,0.28378
0.0031428,-0.038472,0.02164,-0.031076,-0.061315,-1.6588,-0.51413,-1.6589,-0.2355,-1.3135,-0.42749,-0.66145,0.11136,1.1768,-0.081982,-0.02802,0.036766,0.47403,0.82911,-1.2818,-0.046041,0.1085,0.027345,0.32321
0.0072133,-0.034445,0.022438,-0.025882,-0.10253,-1.1647,-0.41273,-1.2155,-0.25317,-1.3853,-0.42737,-0.73741,0.40436,1.2165,0.023031,0.13736,0.0025343,0.61958,0.85881,-1.4795,-0.035707,0.19561,0.071874,0.40084
0.0078864,-0.032738,0.021961,-0.023249,-0.12385,-0.69388,-0.32991,-0.81321,-0.25186,-1.3967,-0.42854,-0.73738,0.64653,1.1815,0.10842,0.42891,-0.019614,0.77192,0.73836,-1.6017,-0.029684,0.37496,0.097196,0.50967
0.006628,-0.031144,0.021868,-0.022179,-0.1219,-0.29224,-0.26949,-0.48414,-0.23512,-1.3492,-0.42274,-0.63159,0.783,0.90313,0.11352,0.83317,-0.026904,0.86055,0.54313,-1.6092,-0.026632,0.62223,0.11018,0.63288
0.0057013,-0.026498,0.023638,-0.019755,-0.092195,0.020749,-0.22817,-0.2252,-0.20983,-1.251,-0.39807,-0.43508,0.80528,0.33691,0.052608,1.251,-0.024651,0.85852,0.3712,-1.4945,-0.025969,0.8831,0.12098,0.75015
0.0068383,-0.016995,0.027421,-0.01409,-0.03156,0.24472,-0.20386,-0.013306,-0.18332,-1.1121,-0.34787,-0.19657,0.74702,-0.40701,-0.0039551,1.5473,-0.023405,0.77376,0.25963,-1.3008,-0.02942,1.0912,0.13541,0.83933
0.010476,-0.0040827,0.03182,-0.0066596,0.057188,0.38884,-0.20032,0.17273,-0.16071,-0.94807,-0.2772,0.025301,0.65938,-1.1303,0.0044712,1.6239,-0.032128,0.62393,0.15842,-1.1104,-0.039479,1.1923,0.15196,0.87728
0.015601,0.0078528,0.034827,-0.0016729,0.16188,0.46668,-0.22325,0.33757,-0.14386,-0.78556,-0.20203,0.18551,0.58319,-1.6568,0.075643,1.476,-0.051899,0.41824,-0.017249,-1.0049,-0.056413,1.1653,0.16516,0.84597
0.020082,0.014295,0.035208,-0.002629,0.26225,0.49467,-0.27173,0.47,-0.13217,-0.65753,-0.14129,0.26604,0.53326,-1.9148,0.14981,1.2023,-0.074864,0.15775,-0.30355,-1.0241,-0.076835,1.0301,0.17124,0.74456
0.021526,0.014008,0.033256,-0.0088683,0.33679,0.48993,-0.33383,0.55647,-0.12439,-0.58607,-0.10679,0.27602,0.50031,-1.9465,0.16553,0.96862,-0.089551,-0.15252,-0.64733,-1.1546,-0.095201,0.8388,0.1708,0.59952
0.018591,0.010326,0.030391,-0.015266,0.37285,0.46719,-0.39207,0.59753,-0.11983,-0.56598,-0.097414,0.24168,0.46497,-1.8566,0.11382,0.94139,-0.088672,-0.49575,-0.9454,-1.3539,-0.1067,0.65395,0.16673,0.46245
0.012184,0.0090491,0.028086,-0.015708,0.37354,0.43873,-0.4344,0.61611,-0.11832,-0.56455,-0.10078,0.19219,0.41353,-1.7412,0.043199,1.2182,-0.073496,-0.84839,-1.1322,-1.5876,-0.10905,0.52465,0.16028,0.39128
0.0055287,0.014372,0.027068,-0.0077284,0.35599,0.42013,-0.46073,0.65266,-0.11939,-0.54144,-0.10123,0.14782,0.34675,-1.6421,0.015047,1.7818,-0.051651,-1.1927,-1.2418,-1.8456,-0.10228,0.47029,0.15002,0.4231
0.0025165,0.025942,0.027346,0.0054789,0.34048,0.43832,-0.47803,0.75001,-0.12204,-0.47519,-0.088818,0.1144,0.27896,-1.5433,0.052283,2.4964,-0.030707,-1.5249,-1.3923,-2.1271,-0.087834,0.47781,0.13445,0.55494
0.0050539,0.039226,0.028751,0.017371,0.33807,0.53351,-0.48794,0.93735,-0.12523,-0.37623,-0.06401,0.085118,0.23037,-1.3969,0.12612,3.156,-0.013236,-1.8531,-1.7021,-2.4131,-0.068548,0.5121,0.11547,0.74606
0.011322,0.048718,0.031238,0.022821,0.34639,0.74945,-0.47839,1.2229,-0.12867,-0.27658,-0.035481,0.047622,0.21795,-1.1565,0.18769,3.5684,0.0025844,-2.1896,-2.2042,-2.6587,-0.049101,0.53484,0.098688,0.9421
0.016638,0.051424,0.034617,0.021493,0.35765,1.1157,-0.42869,1.5985,-0.13293,-0.20443,-0.013092,-0.0068342,0.24914,-0.80122,0.21108,3.6386,0.017956,-2.5486,-2.821,-2.8193,-0.035162,0.52379,0.090113,1.1062
0.016721,0.048196,0.038136,0.017289,0.37173,1.6329,-0.32574,2.0524,-0.13866,-0.16338,-0.00095119,-0.07597,0.31929,-0.34814,0.20874,3.4036,0.029224,-2.9501,-3.4148,-2.8925,-0.030426,0.48324,0.092056,1.2364
0.011022,0.04242,0.040571,0.014737,0.40228,2.2702,-0.17951,2.5771,-0.14593,-0.13128,0.0050364,-0.14349,0.41169,0.14938,0.21028,3.0007,0.028838,-3.4224,-3.8714,-2.9366,-0.033557,0.43923,0.10208,1.3589
0.0033461,0.037498,0.040923,0.015576,0.46872,2.9764,-0.025001,3.1685,-0.15426,-0.077855,0.014237,-0.18208,0.49945,0.61833,0.22998,2.5891,0.011116,-3.9903,-4.1566,-3.0438,-0.038299,0.42073,0.11562,1.5022
-0.00099529,0.03496,0.039111,0.018237,0.57982,3.6967,0.091757,3.8127,-0.16322,0.013442,0.035704,-0.16215,0.55058,0.99675,0.25553,2.2771,-0.022195,-4.6489,-4.3109,-3.2791,-0.037797,0.43797,0.12976,1.6743
0.00071431,0.034099,0.035993,0.020043,0.72203,4.3819,0.13431,4.4734,-0.17252,0.13513,0.073832,-0.063691,0.53795,1.2647,0.26567,2.095,-0.061617,-5.3373,-4.3957,-3.627,-0.030113,0.47297,0.14487,1.859
0.0066459,0.032869,0.032698,0.019661,0.86259,4.988,0.089555,5.0864,-0.18142,0.26221,0.12723,0.11357,0.45177,1.4525,0.25581,2.0142,-0.095513,-5.9369,-4.4329,-3.9868,-0.02012,0.49105,0.16317,2.0319
0.012265,0.029261,0.029949,0.017572,0.96484,5.4675,-0.032369,5.5683,-0.18776,0.36864,0.18992,0.34714,0.3076,1.6128,0.24446,1.9804,-0.11709,-6.3063,-4.3802,-4.2227,-0.015594,0.46691,0.18581,2.1802
0.014254,0.022432,0.027958,0.014641,1.0041,5.766,-0.20841,5.8361,-0.18823,0.44261,0.25303,0.59846,0.14221,1.7695,0.25462,1.9287,-0.12727,-6.3392,-4.1557,-4.2357,-0.020382,0.40735,0.21115,2.3074
0.01301,0.013109,0.026795,0.010789,0.97382,5.8319,-0.41348,5.831,-0.17997,0.49386,0.30602,0.82703,-0.0033005,1.8838,0.28954,1.7814,-0.13153,-6.0155,-3.6956,-4.0114,-0.030393,0.35279,0.23535,2.4198
0.011633,0.0031351,0.026624,0.0053712,0.88168,5.6383,-0.62506,5.5409,-0.16288,0.55288,0.33859,1.0053,-0.10353,1.8722,0.32718,1.4588,-0.13426,-5.4116,-3.0092,-3.6135,-0.035954,0.35425,0.25439,2.508
0.012662,-0.0055333,0.027417,-0.0011807,0.74197,5.2062,-0.82213,5.0121,-0.14055,0.66415,0.34375,1.1266,-0.15777,1.6745,0.33927,0.92231,-0.13549,-4.6641,-2.1957,-3.1354,-0.028727,0.43995,0.26623,2.5424
0.015755,-0.011685,0.028486,-0.0065123,0.57167,4.6094,-0.98407,4.342,-0.11905,0.87272,0.32073,1.2026,-0.18134,1.3238,0.31667,0.23253,-0.13267,-3.9081,-1.4096,-2.6466,-0.0075126,0.59392,0.27172,2.4904
0.018347,-0.015029,0.028515,-0.0076581,0.3894,3.9529,-1.0934,3.6511,-0.10402,1.2028,0.27497,1.251,-0.18694,0.95724,0.27783,-0.42963,-0.12473,-3.2288,-0.79139,-2.1716,0.021675,0.76215,0.27404,2.3408
0.018266,-0.015808,0.02627,-0.0036514,0.21326,3.3355,-1.1405,3.0423,-0.097892,1.6334,0.21431,1.2818,-0.17311,0.74631,0.25283,-0.82038,-0.11414,-2.6512,-0.40433,-1.709,0.050966,0.88337,0.27705,2.1185
0.015563,-0.014516,0.021455,0.0030072,0.056234,2.8172,-1.1267,2.5686,-0.099055,2.0869,0.1441,1.2891,-0.13048,0.78586,0.25792,-0.75774,-0.10498,-2.1643,-0.21619,-1.265,0.076678,0.92528,0.28311,1.876
0.011931,-0.012113,0.014908,0.0076973,-0.076413,2.4135,-1.0608,2.2275,-0.10319,2.4454,0.065965,1.2551,-0.059975,1.0219,0.28246,-0.24415,-0.098988,-1.7538,-0.13612,-0.87156,0.10111,0.90259,0.29144,1.6701
0.0087303,-0.010329,0.0080206,0.0069957,-0.18348,2.117,-0.95309,1.9849,-0.10589,2.599,-0.017581,1.1652,0.015626,1.2748,0.29801,0.49809,-0.09378,-1.4187,-0.078103,-0.57315,0.129,0.86488,0.29825,1.5397
0.0059261,-0.01124,0.001976,0.0011971,-0.2604,1.9259,-0.81156,1.8102,-0.10508,2.5015,-0.096471,1.0264,0.060987,1.3463,0.27997,1.118,-0.084799,-1.1659,-0.0055167,-0.39687,0.16212,0.86191,0.29893,1.4955
0.0029517,-0.015978,-0.0024773,-0.0061596,-0.29709,1.8522,-0.64299,1.6959,-0.10194,2.1992,-0.15163,0.87563,0.053495,1.1383,0.22405,1.3134,-0.069226,-0.99415,0.070248,-0.33209,0.19651,0.90934,0.29137,1.5224
0.00024485,-0.023541,-0.0047237,-0.011316,-0.28676,1.9043,-0.45841,1.6472,-0.099947,1.8063,-0.16298,0.76934,0.0033789,0.70143,0.14647,0.99356,-0.048204,-0.88636,0.12588,-0.33599,0.22443,0.97782,0.27787,1.5874
-0.00055779,-0.03095,-0.0041058,-0.013129,-0.24,2.0574,-0.27716,1.6555,-0.10251,1.4398,-0.12301,0.75614,-0.050754,0.18735,0.071654,0.32871,-0.025755,-0.8121,0.15981,-0.35909,0.23902,1.0124,0.26405,1.6475
0.0017758,-0.034962,-0.00034987,-0.01323,-0.18881,2.2453,-0.12494,1.6811,-0.11027,1.1571,-0.04594,0.84758,-0.070414,-0.25449,0.018531,-0.34785,-0.0059076,-0.73724,0.19456,-0.37058,0.23798,0.96834,0.25516,1.6599
0.0063298,-0.034084,0.0057834,-0.013633,-0.17116,2.385,-0.025349,1.6658,-0.1198,0.93968,0.0364,1.0086,-0.048146,-0.55895,-0.0062373,-0.72643,0.0091942,-0.63259,0.25158,-0.36674,0.22404,0.83776,0.25257,1.5954
0.010178,-0.029325,0.012501,-0.014319,-0.20331,2.4234,0.010678,1.5694,-0.12468,0.73406,0.091123,1.178,-0.015638,-0.75607,-0.0077472,-0.68515,0.019008,-0.4802,0.32749,-0.36071,0.20275,0.65035,0.25324,1.4536
0.010605,-0.02321,0.017952,-0.013243,-0.26214,2.367,-0.0086231,1.3999,-0.1189,0.51503,0.10296,1.3086,-0.021403,-0.91788,0.00095399,-0.33525,0.023405,-0.27755,0.39657,-0.36453,0.17961,0.44921,0.25253,1.2694
0.0074602,-0.018044,0.021385,-0.0086773,-0.29577,2.2709,-0.057835,1.2095,-0.1004,0.32097,0.082192,1.3978,-0.094674,-1.0918,0.003759,0.071255,0.022482,-0.037163,0.43631,-0.37518,0.15807,0.26174,0.24785,1.1034
0.0033952,-0.014836,0.023311,-0.0014347,-0.25959,2.1894,-0.10449,1.0557,-0.072504,0.2323,0.056244,1.4835,-0.2231,-1.2696,-0.011986,0.30307,0.017661,0.22171,0.45017,-0.37056,0.1388,0.086817,0.23986,1.0192
0.0016288,-0.013424,0.024408,0.0053073,-0.15288,2.1281,-0.12251,0.95588,-0.042058,0.31031,0.050925,1.6042,-0.36082,-1.4048,-0.047889,0.27417,0.012436,0.48617,0.46501,-0.31531,0.12002,-0.094329,0.23029,1.0563
0.0031568,-0.013277,0.024298,0.0084402,-0.027831,2.0346,-0.10191,0.87142,-0.015634,0.54397,0.074065,1.7541,-0.46007,-1.4502,-0.09028,0.059601,0.011133,0.75538,0.50591,-0.1746,0.098916,-0.29433,0.21879,1.2149
0.0058629,-0.014103,0.02164,0.0072753,0.038552,1.8385,-0.049303,0.73832,0.0034942,0.84535,0.11211,1.8697,-0.50201,-1.3844,-0.11478,-0.18935,0.016115,1.0291,0.57258,0.067324,0.073926,-0.50204,0.20215,1.4554
0.0063285,-0.015861,0.015708,0.0037201,-0.008155,1.5095,0.021387,0.52048,0.015564,1.0966,0.14075,1.8647,-0.5047,-1.2121,-0.099743,-0.35701,0.025804,1.2856,0.63992,0.39141,0.04665,-0.68365,0.1771,1.7112
0.0028005,-0.018369,0.0079566,0.00043158,-0.16495,1.0897,0.10248,0.24504,0.022194,1.2145,0.14129,1.6908,-0.50408,-0.95295,-0.040636,-0.42268,0.035599,1.4709,0.68166,0.7421,0.021539,-0.79972,0.14435,1.9054
-0.0031936,-0.020879,0.0017881,-0.0010862,-0.37246,0.67348,0.20129,-0.0092999,0.024298,1.1884,0.11166,1.3784,-0.52392,-0.6382,0.045545,-0.43926,0.04129,1.5194,0.6949,1.0466,0.0029095,-0.824,0.10996,1.967
-0.0079313,-0.022013,0.00030972,-0.00083893,-0.55046,0.35047,0.33723,-0.16283,0.022089,1.0706,0.065545,1.0245,-0.55786,-0.3173,0.13036,-0.46665,0.042192,1.3989,0.70225,1.2489,-0.0085395,-0.75025,0.082487,1.8463
-0.0083741,-0.020316,0.0039127,0.00056986,-0.64378,0.15329,0.52748,-0.18629,0.016901,0.93062,0.021771,0.73648,-0.57591,-0.058529,0.19176,-0.52125,0.041335,1.1471,0.72923,1.3387,-0.01618,-0.58546,0.067777,1.5302
-0.0044678,-0.015344,0.009901,0.002647,-0.64909,0.044965,0.77052,-0.116,0.012575,0.80988,-0.0078336,0.57043,-0.54937,0.071468,0.22637,-0.57668,0.042663,0.86844,0.77706,1.3554,-0.023473,-0.33967,0.065583,1.0534
0.00099915,-0.0084948,0.014657,0.0047452,-0.60716,-0.049381,1.039,-0.024504,0.014355,0.70438,-0.024082,0.50839,-0.47471,0.042574,0.24709,-0.60242,0.047789,0.6843,0.81586,1.3612,-0.028415,-0.024841,0.070362,0.49665
0.0048048,-0.0025201,0.016492,0.0056168,-0.5695,-0.19331,1.2889,0.027735,0.025712,0.58305,-0.036857,0.48429,-0.37857,-0.11597,0.26906,-0.5985,0.05512,0.67042,0.80582,1.4013,-0.0217,0.33599,0.075387,-0.03322
0.0059048,0.00051782,0.016642,0.0040111,-0.56454,-0.40646,1.48,0.023798,0.04568,0.42211,-0.05623,0.43348,-0.30034,-0.32756,0.29603,-0.59633,0.06176,0.82225,0.72988,1.4751,0.0084795,0.70169,0.076927,-0.43801
0.0060256,0.0013952,0.01759,0.00022971,-0.5866,-0.66473,1.596,-0.013456,0.069172,0.22823,-0.085114,0.32772,-0.26517,-0.51079,0.31853,-0.63015,0.066057,1.0682,0.61102,1.5381,0.067708,1.0228,0.075781,-0.66482
0.0077639,0.0037414,0.020357,-0.0030082,-0.61174,-0.92427,1.6504,-0.050012,0.090159,0.03503,-0.11803,0.17614,-0.26687,-0.62208,0.3242,-0.7073,0.068326,1.3146,0.49897,1.5313,0.14933,1.2676,0.075776,-0.72614
0.011906,0.011147,0.023354,-0.0018986,-0.62367,-1.1479,1.6754,-0.068422,0.10508,-0.1209,-0.14543,0.0023462,-0.27266,-0.6679,0.31017,-0.80162,0.069463,1.4898,0.43659,1.4189,0.23602,1.4436,0.080771,-0.69134
0.016402,0.023442,0.023844,0.0054285,-0.6267,-1.3181,1.7003,-0.076151,0.11382,-0.22303,-0.15927,-0.17671,-0.24639,-0.68278,0.28625,-0.87215,0.069297,1.563,0.43194,1.2109,0.30791,1.5915,0.092022,-0.65147
0.017991,0.035669,0.020574,0.01669,-0.63628,-1.4364,1.7332,-0.095595,0.118,-0.27868,-0.15548,-0.3539,-0.17371,-0.69784,0.26595,-0.89095,0.066621,1.5401,0.45766,0.95866,0.3511,1.7472,0.10705,-0.674
0.015077,0.041358,0.015085,0.026313,-0.659,-1.5176,1.757,-0.14982,0.11881,-0.30291,-0.1328,-0.52128,-0.071859,-0.72774,0.25411,-0.86231,0.060769,1.449,0.47611,0.72815,0.36095,1.9019,0.12033,-0.77116
0.0093091,0.037778,0.010522,0.029206,-0.68307,-1.5847,1.7411,-0.25521,0.11684,-0.29972,-0.090755,-0.66201,0.022587,-0.78129,0.24227,-0.82464,0.052885,1.3267,0.46853,0.56487,0.33944,1.9961,0.12569,-0.89908
0.0043893,0.028626,0.0091155,0.024648,-0.68923,-1.6638,1.6609,-0.42044,0.11398,-0.25937,-0.029518,-0.75491,0.07936,-0.87547,0.21638,-0.83627,0.045436,1.2104,0.44476,0.47195,0.29053,1.9623,0.11943,-0.98746
0.0031339,0.021501,0.010609,0.017159,-0.67118,-1.7748,1.5129,-0.6443,0.11504,-0.17517,0.047781,-0.78662,0.095798,-1.0314,0.16974,-0.95081,0.040507,1.1287,0.42892,0.4126,0.218,1.7836,0.10255,-0.98167
0.005312,0.02204,0.012851,0.013456,-0.64423,-1.9188,1.3166,-0.91002,0.12695,-0.063505,0.13319,-0.75902,0.099133,-1.2531,0.10978,-1.1908,0.038731,1.0937,0.43756,0.33633,0.12611,1.5176,0.080376,-0.87292
0.0080753,0.029599,0.013685,0.01764,-0.63204,-2.0727,1.1023,-1.1832,0.15521,0.034442,0.21518,-0.68542,0.12829,-1.511,0.052927,-1.5312,0.039801,1.0963,0.47154,0.21302,0.020652,1.2598,0.059359,-0.70213
0.008472,0.037976,0.012324,0.028115,-0.64307,-2.199,0.8958,-1.4218,0.19992,0.074936,0.28289,-0.58147,0.20779,-1.7513,0.012551,-1.9029,0.043508,1.1065,0.52682,0.052788,-0.092146,1.0704,0.04307,-0.54031
0.0057994,0.040368,0.0092705,0.038484,-0.65936,-2.2697,0.70898,-1.5971,0.25448,0.041369,0.33027,-0.46128,0.33145,-1.9244,-0.0091784,-2.2192,0.049558,1.0764,0.60919,-0.10338,-0.20818,0.92603,0.030066,-0.46012
0.0018899,0.034348,0.0054449,0.041869,-0.64983,-2.2881,0.54213,-1.7106,0.30798,-0.044193,0.35679,-0.34114,0.46631,-2.0097,-0.019062,-2.4126,0.055951,0.94986,0.73364,-0.21821,-0.32658,0.73432,0.015087,-0.51144
-0.00063111,0.023127,0.0016869,0.035703,-0.5975,-2.2912,0.39322,-1.7918,0.35007,-0.13841,0.36447,-0.24264,0.57297,-2.0154,-0.023459,-2.4619,0.057952,0.67928,0.90538,-0.29372,-0.44781,0.40019,-0.0077728,-0.70556
-0.00040734,0.012723,-0.0010862,0.023702,-0.51701,-2.3275,0.26482,-1.8755,0.37529,-0.20816,0.35433,-0.18585,0.62811,-1.959,-0.021207,-2.3973,0.049907,0.25461,1.1006,-0.37857,-0.57053,-0.1147,-0.042804,-1.0091
0.0019498,0.0077117,-0.001864,0.013553,-0.44655,-2.4244,0.16255,-1.9748,0.38422,-0.24827,0.32534,-0.17519,0.63511,-1.8515,-0.0053436,-2.2808,0.029648,-0.26995,1.269,-0.53424,-0.6903,-0.78487,-0.093039,-1.352
0.00476,0.0086558,-0.00031204,0.011758,-0.42043,-2.5686,0.087098,-2.0728,0.38126,-0.2711,0.27654,-0.19248,0.61796,-1.7029,0.028588,-2.1778,0.0021491,-0.77288,1.3614,-0.77746,-0.80119,-1.5602,-0.16194,-1.6546
0.0066525,0.012408,0.0022708,0.019142,-0.4443,-2.7143,0.027435,-2.1388,0.3706,-0.28115,0.20946,-0.20981,0.6048,-1.5366,0.075932,-2.1353,-0.02139,-1.1019,1.3617,-1.0393,-0.89772,-2.3999,-0.25306,-1.8661
0.0072138,0.014382,0.0031622,0.030223,-0.49148,-2.8129,-0.038402,-2.1564,0.35369,-0.26418,0.12827,-0.2167,0.61188,-1.3922,0.12422,-2.1714,-0.029681,-1.1394,1.295,-1.1774,-0.97335,-3.2577,-0.36519,-1.9904
0.0066752,0.011088,9.2665e-005,0.036968,-0.52186,-2.8413,-0.13499,-2.1396,0.32991,-0.20676,0.037269,-0.23953,0.63597,-1.3025,0.16101,-2.2745,-0.018936,-0.86211,1.2045,-1.0459,-1.0161,-4.0303,-0.48473,-2.0711
0.0053253,0.0017052,-0.0065256,0.034203,-0.50824,-2.8107,-0.27917,-2.1228,0.29968,-0.13009,-0.061522,-0.33245,0.6573,-1.2648,0.18125,-2.408,0.0036373,-0.35528,1.1152,-0.58558,-1.0061,-4.5304,-0.58089,-2.1371
0.0033455,-0.011772,-0.013169,0.022731,-0.45207,-2.7514,-0.4736,-2.135,0.26682,-0.10191,-0.16812,-0.54171,0.65028,-1.2328,0.18824,-2.5173,0.023368,0.22606,1.0147,0.12372,-0.92188,-4.5413,-0.61124,-2.1462
0.0010742,-0.025658,-0.015441,0.0080769,-0.38042,-2.6898,-0.70604,-2.1775,0.23737,-0.20395,-0.28173,-0.86913,0.59723,-1.1459,0.18866,-2.5458,0.026514,0.72684,0.86776,0.88891,-0.75498,-3.9385,-0.53974,-1.9848
-0.00083424,-0.036406,-0.011439,-0.0037099,-0.32863,-2.6351,-0.95294,-2.2228,0.21509,-0.47184,-0.39812,-1.2636,0.49906,-0.97313,0.18705,-2.4551,0.0078871,1.0527,0.65266,1.4995,-0.52428,-2.8007,-0.36103,-1.5404
-0.0017397,-0.042208,-0.0034211,-0.0096895,-0.32002,-2.5837,-1.1848,-2.2352,0.19741,-0.85454,-0.50978,-1.6479,0.37746,-0.73782,0.18447,-2.2436,-0.02715,1.1957,0.38994,1.8381,-0.2776,-1.414,-0.11561,-0.80576
-0.0015944,-0.043483,0.0038085,-0.010551,-0.35373,-2.5354,-1.3725,-2.197,0.17587,-1.2317,-0.60939,-1.9602,0.26599,-0.50149,0.18118,-1.9483,-0.066961,1.2218,0.14074,1.9364,-0.074701,-0.14828,0.11886,0.070691
-0.0011492,-0.042023,0.0065862,-0.0085006,-0.40551,-2.5049,-1.4942,-2.124,0.14153,-1.4828,-0.69397,-2.1791,0.19419,-0.32152,0.17925,-1.6286,-0.10071,1.2343,-0.026074,1.941,0.040431,0.72405,0.26234,0.84293
-0.0014345,-0.039537,0.0050674,-0.0050903,-0.44008,-2.5199,-1.5422,-2.0596,0.091492,-1.5594,-0.7667,-2.3182,0.17361,-0.21666,0.18193,-1.3381,-0.12346,1.3255,-0.075024,2.0115,0.060596,1.1471,0.27585,1.3045
-0.0028577,-0.03671,0.0026394,-0.00093056,-0.42778,-2.6035,-1.5259,-2.0508,0.030608,-1.5071,-0.83465,-2.4002,0.19482,-0.16585,0.19019,-1.1043,-0.13659,1.5331,-0.024521,2.2179,0.015344,1.2599,0.18481,1.407
-0.0047245,-0.033399,0.0026575,0.0031717,-0.35637,-2.7527,-1.468,-2.1178,-0.033268,-1.4233,-0.90378,-2.4353,0.23615,-0.13634,0.20054,-0.92558,-0.14411,1.8185,0.067302,2.5053,-0.049923,1.2591,0.062874,1.2688
-0.0057329,-0.029531,0.0054232,0.0056424,-0.23212,-2.9253,-1.3954,-2.2335,-0.096803,-1.3873,-0.97401,-2.419,0.27697,-0.11493,0.20661,-0.78506,-0.14786,2.086,0.14118,2.743,-0.10044,1.2533,-0.016104,1.0677
-0.0051528,-0.025742,0.0080227,0.0052215,-0.071578,-3.0482,-1.3276,-2.3281,-0.16457,-1.4164,-1.0379,-2.3468,0.30556,-0.11838,0.20373,-0.66689,-0.14477,2.2402,0.1722,2.8192,-0.12581,1.2133,-0.024775,0.90482
-0.0036806,-0.023207,0.007003,0.0025527,0.1072,-3.0479,-1.2701,-2.3205,-0.24457,-1.4759,-1.0839,-2.2292,0.31832,-0.17952,0.19255,-0.56293,-0.12788,2.2503,0.17723,2.7116,-0.13376,1.0419,0.0067194,0.74801
-0.0030762,-0.022967,0.0013465,0.00013978,0.28614,-2.89,-1.215,-2.1636,-0.33884,-1.525,-1.1035,-2.0948,0.31479,-0.32373,0.17878,-0.46996,-0.090371,2.174,0.19086,2.4863,-0.13289,0.69071,0.023085,0.49136
-0.0047048,-0.025517,-0.0068629,5.1644e-005,0.4414,-2.6032,-1.1481,-1.8753,-0.43677,-1.5539,-1.0963,-1.9817,0.29566,-0.55212,0.16916,-0.386,-0.030464,2.117,0.23035,2.2344,-0.12064,0.22358,-0.0075322,0.070876
-0.0081837,-0.03092,-0.014373,0.001343,0.54045,-2.2697,-1.0556,-1.5348,-0.51721,-1.5846,-1.0715,-1.9224,0.26552,-0.83614,0.16703,-0.31224,0.045939,2.153,0.27843,1.9983,-0.086311,-0.2219,-0.068656,-0.46636
-0.011427,-0.039035,-0.019214,3.3526e-005,0.5518,-1.9824,-0.92908,-1.2411,-0.55871,-1.6409,-1.0425,-1.9322,0.23583,-1.1193,0.17056,-0.25679,0.12647,2.2655,0.29756,1.7442,-0.024464,-0.5328,-0.11348,-0.99328
-0.012225,-0.04921,-0.021404,-0.0076026,0.46649,-1.7957,-0.76554,-1.061,-0.55121,-1.7209,-1.0204,-2.0046,0.22307,-1.3234,0.17472,-0.23039,0.19701,2.359,0.26246,1.3957,0.05482,-0.6936,-0.10803,-1.3966
-0.010053,-0.059577,-0.021649,-0.021006,0.31542,-1.6999,-0.56721,-0.99934,-0.50107,-1.7952,-1.0095,-2.1143,0.24288,-1.3651,0.17505,-0.23174,0.24733,2.3327,0.18269,0.89982,0.12874,-0.77759,-0.061037,-1.6461
-0.0064956,-0.066902,-0.019819,-0.034426,0.16462,-1.6366,-0.34182,-1.0081,-0.4265,-1.8291,-1.0095,-2.2288,0.30548,-1.1859,0.17071,-0.23435,0.27435,2.1589,0.095824,0.2765,0.1755,-0.8746,-0.015415,-1.7837
-0.0038798,-0.067881,-0.014982,-0.040678,0.084264,-1.5403,-0.10403,-1.0229,-0.34692,-1.8083,-1.02,-2.3251,0.41616,-0.78888,0.16505,-0.19316,0.28131,1.904,0.037823,-0.38284,0.1876,-1.0221,-0.010895,-1.8554
-0.0034018,-0.061461,-0.006986,-0.036906,0.10899,-1.3761,0.12497,-0.99875,-0.27348,-1.7465,-1.0436,-2.4008,0.57729,-0.25827,0.1639,-0.07619,0.27385,1.6754,0.0165,-0.96182,0.17421,-1.1925,-0.051879,-1.8593
-0.0044856,-0.050356,0.0021782,-0.027422,0.21699,-1.1504,0.3214,-0.92161,-0.20603,-1.6737,-1.0825,-2.4708,0.78515,0.25942,0.17265,0.097544,0.25588,1.5381,0.010294,-1.3796,0.15239,-1.3344,-0.1075,-1.7582
-0.0058627,-0.039925,0.0089087,-0.020699,0.34397,-0.89506,0.46626,-0.79868,-0.13727,-1.618,-1.1329,-2.5471,1.0204,0.6129,0.19366,0.24634,0.22819,1.4653,-0.0085981,-1.6279,0.13536,-1.4187,-0.14073,-1.5393
-0.0070997,-0.034547,0.010296,-0.022504,0.42334,-0.64582,0.55278,-0.64318,-0.060462,-1.5903,-1.1811,-2.6166,1.2413,0.7147,0.22475,0.25984,0.19017,1.3588,-0.048458,-1.7664,0.12715,-1.4503,-0.13862,-1.2548
-0.0088702,-0.03409,0.0063885,-0.030779,0.42489,-0.42908,0.58977,-0.46885,0.024201,-1.5784,-1.2076,-2.6374,1.3918,0.5813,0.25942,0.064674,0.1428,1.1208,-0.091669,-1.8814,0.12546,-1.4428,-0.11768,-0.99817
-0.011668,-0.033602,0.00050522,-0.036861,0.36696,-0.26099,0.59838,-0.29314,0.10755,-1.5472,-1.1983,-2.5634,1.4279,0.3203,0.28867,-0.32115,0.090142,0.72125,-0.11063,-2.0351,0.12755,-1.3916,-0.10361,-0.83304
-0.014473,-0.027028,-0.0027634,-0.032473,0.29754,-0.14815,0.60342,-0.13798,0.17434,-1.4504,-1.1538,-2.3837,1.3468,0.072009,0.30389,-0.78579,0.038352,0.21418,-0.089042,-2.2345,0.13276,-1.2748,-0.10673,-0.73944
-0.01511,-0.012199,-0.0004564,-0.016861,0.26162,-0.084044,0.62344,-0.021115,0.20944,-1.2547,-1.0923,-2.1484,1.1975,-0.061229,0.29982,-1.1801,-0.006725,-0.30489,-0.029187,-2.4361,0.14042,-1.0778,-0.11565,-0.6283
-0.012308,0.0071016,0.0070075,0.0019285,0.27861,-0.045856,0.66457,0.056293,0.20443,-0.97122,-1.0411,-1.9564,1.0578,-0.060712,0.27604,-1.3989,-0.041274,-0.76144,0.058206,-2.5792,0.14725,-0.81338,-0.11202,-0.41324
-0.0074379,0.02394,0.016358,0.01295,0.34133,-8.9844e-005,0.72088,0.11353,0.16172,-0.67259,-1.0222,-1.9093,0.99065,0.0074961,0.23645,-1.4369,-0.063624,-1.1374,0.16734,-2.6243,0.14828,-0.51565,-0.089654,-0.079377
-0.0038626,0.033594,0.023756,0.010662,0.43006,0.082835,0.77977,0.17991,0.093924,-0.47551,-1.04,-2.0592,1.0087,0.030667,0.18683,-1.3855,-0.073577,-1.4582,0.29707,-2.5692,0.14059,-0.21366,-0.059816,0.3068
-0.0040478,0.036845,0.027156,-0.0011552,0.52631,0.21518,0.82822,0.27712,0.018656,-0.48774,-1.0785,-2.3822,1.0714,-0.095976,0.13168,-1.3776,-0.072309,-1.7499,0.43517,-2.4395,0.12585,0.086112,-0.039524,0.64997
-0.0070107,0.038427,0.027173,-0.012909,0.61686,0.3901,0.85614,0.40734,-0.048703,-0.74849,-1.1097,-2.7915,1.1164,-0.42383,0.072075,-1.5152,-0.063018,-2.0084,0.5433,-2.2643,0.10814,0.38919,-0.035881,0.89202
-0.0087588,0.04232,0.026058,-0.016897,0.69134,0.59058,0.85669,0.55406,-0.10024,-1.2014,-1.1063,-3.1774,1.1011,-0.93147,0.005808,-1.8208,-0.051014,-2.2041,0.56263,-2.0616,0.088876,0.68322,-0.041206,1.0366
-0.005744,0.048292,0.025741,-0.012614,0.74276,0.79755,0.82615,0.6913,-0.13617,-1.7209,-1.055,-3.4499,1.0248,-1.5339,-0.070189,-2.233,-0.042023,-2.3122,0.44411,-1.8411,0.063826,0.91893,-0.041844,1.1185
0.0016017,0.052778,0.026482,-0.0055689,0.77427,0.9882,0.76595,0.79193,-0.16153,-2.1756,-0.95983,-3.5632,0.92051,-2.1121,-0.15624,-2.6434,-0.039275,-2.3357,0.18497,-1.6154,0.025588,1.0258,-0.030695,1.1524
0.0085843,0.052908,0.027057,-0.0013678,0.80451,1.128,0.68568,0.83058,-0.18186,-2.4889,-0.83872,-3.5173,0.82692,-2.549,-0.2475,-2.9499,-0.041654,-2.2968,-0.15747,-1.4052,-0.030022,0.95741,-0.011797,1.1112
0.0098154,0.049677,0.026161,-0.0007097,0.86065,1.1703,0.60304,0.78442,-0.20102,-2.6614,-0.71409,-3.3445,0.76428,-2.7609,-0.33479,-3.0993,-0.044821,-2.2095,-0.49048,-1.2303,-0.099003,0.7347,0.0054436,0.95427
0.0037645,0.047258,0.023815,0.00044225,0.95838,1.0718,0.53778,0.63748,-0.22158,-2.7475,-0.60423,-3.0881,0.72684,-2.7174,-0.40878,-3.0961,-0.044716,-2.0684,-0.7375,-1.0975,-0.16981,0.4533,0.014891,0.67879
-0.0055897,0.049273,0.021655,0.0062974,1.0828,0.81754,0.50172,0.38898,-0.24588,-2.8081,-0.51868,-2.7823,0.69088,-2.4439,-0.46509,-2.9744,-0.040615,-1.8707,-0.88262,-0.9994,-0.22923,0.2437,0.016672,0.35071
-0.011518,0.055623,0.02189,0.016905,1.1883,0.43544,0.4916,0.060049,-0.27543,-2.8695,-0.45748,-2.4375,0.62793,-2.008,-0.50628,-2.7495,-0.035148,-1.6531,-0.97564,-0.92468,-0.26916,0.2058,0.013252,0.085462
-0.0095342,0.06274,0.025677,0.02794,1.2212,-0.0098176,0.49115,-0.30722,-0.30865,-2.9083,-0.41224,-2.0381,0.51595,-1.4922,-0.53867,-2.3856,-0.031501,-1.4974,-1.0913,-0.87008,-0.28995,0.3567,0.0045839,-0.0089911
-0.00066213,0.066842,0.032086,0.034345,1.1523,-0.44171,0.48235,-0.65915,-0.33938,-2.8655,-0.36749,-1.5563,0.34767,-0.97143,-0.56567,-1.8104,-0.030564,-1.4852,-1.2698,-0.8407,-0.29881,0.62314,-0.011829,0.11271
0.0094858,0.067042,0.038392,0.034138,0.99235,-0.79771,0.45864,-0.94359,-0.3583,-2.6789,-0.30347,-0.97604,0.13584,-0.5101,-0.58339,-0.98328,-0.030755,-1.6293,-1.4801,-0.83875,-0.30521,0.88203,-0.036404,0.41509
0.014867,0.065506,0.041624,0.029132,0.78183,-1.0418,0.43077,-1.1215,-0.35731,-2.3188,-0.20224,-0.31462,-0.088227,-0.17997,-0.5829,0.020935,-0.030429,-1.8405,-1.6338,-0.85339,-0.31634,1.0233,-0.064266,0.80666
0.01308,0.064662,0.040426,0.022598,0.56294,-1.1622,0.42066,-1.1747,-0.33405,-1.8086,-0.056367,0.37605,-0.28685,-0.072564,-0.55835,0.97449,-0.030178,-1.9678,-1.6407,-0.86256,-0.33436,0.99688,-0.087705,1.1846
0.0064201,0.064158,0.035957,0.016599,0.35703,-1.1648,0.44731,-1.1094,-0.29312,-1.2199,0.12457,1.0309,-0.43537,-0.27048,-0.51426,1.5579,-0.032439,-1.8853,-1.4682,-0.84495,-0.35613,0.82049,-0.10241,1.4684
-0.00042759,0.060527,0.031091,0.011395,0.16293,-1.07,0.51392,-0.95584,-0.24333,-0.64215,0.31584,1.6048,-0.53596,-0.77416,-0.46494,1.512,-0.038706,-1.5633,-1.1638,-0.78982,-0.37494,0.55184,-0.1112,1.6086
-0.0039219,0.050064,0.028376,0.0068056,-0.027731,-0.91349,0.60469,-0.76058,-0.19312,-0.14238,0.48919,2.0935,-0.61323,-1.434,-0.42449,0.80291,-0.047217,-1.0694,-0.82671,-0.69681,-0.38348,0.25427,-0.12116,1.5781
-0.0037318,0.032553,0.028322,0.0035759,-0.21487,-0.74173,0.69298,-0.57318,-0.14758,0.26159,0.62832,2.5285,-0.69181,-1.9631,-0.39438,-0.30971,-0.053753,-0.51022,-0.55057,-0.57021,-0.3769,-0.017723,-0.13665,1.367
-0.0021592,0.012558,0.029436,0.003244,-0.38719,-0.59828,0.7555,-0.43006,-0.10879,0.59842,0.73749,2.9475,-0.77219,-2.0626,-0.35898,-1.3678,-0.055094,0.032668,-0.37737,-0.4184,-0.35459,-0.2096,-0.15494,0.99141
-0.0018395,-0.0030257,0.029932,0.0068863,-0.53191,-0.50553,0.78366,-0.34338,-0.078422,0.91519,0.8366,3.3622,-0.8253,-1.5966,-0.29439,-1.9379,-0.051865,0.5199,-0.29036,-0.26107,-0.31944,-0.25689,-0.16866,0.50857
-0.0036907,-0.0093274,0.029505,0.014159,-0.64656,-0.45413,0.78528,-0.30032,-0.059386,1.2453,0.94589,3.7449,-0.8133,-0.69322,-0.18638,-1.8328,-0.047845,0.92699,-0.24467,-0.13301,-0.2753,-0.10017,-0.17294,0.01821
-0.0065226,-0.00625,0.029445,0.023468,-0.74366,-0.40938,0.77593,-0.27274,-0.054715,1.5945,1.0714,4.0442,-0.72237,0.31991,-0.044806,-1.193,-0.046156,1.2166,-0.20783,-0.071465,-0.2246,0.27396,-0.17024,-0.36317
-0.0082591,0.0024427,0.031034,0.032864,-0.84742,-0.33254,0.76556,-0.23179,-0.064216,1.9501,1.202,4.2176,-0.58196,1.1164,0.096837,-0.37314,-0.045945,1.3511,-0.17992,-0.088274,-0.16824,0.7963,-0.16833,-0.54867
-0.007587,0.012541,0.033911,0.040833,-0.98584,-0.20469,0.74983,-0.16083,-0.081977,2.3007,1.3186,4.2596,-0.45335,1.5666,0.19865,0.28802,-0.042973,1.3395,-0.18243,-0.14676,-0.10798,1.3215,-0.17314,-0.52224
-0.0047835,0.022058,0.036167,0.046653,-1.1811,-0.038313,0.71247,-0.062003,-0.097508,2.6469,1.408,4.2067,-0.39385,1.7854,0.23792,0.65935,-0.033871,1.2666,-0.22952,-0.16698,-0.048947,1.6885,-0.18297,-0.34694
-0.0013159,0.030912,0.03608,0.050458,-1.4394,0.13028,0.63792,0.04552,-0.10071,2.994,1.4686,4.1186,-0.42211,2.0002,0.22299,0.84757,-0.020132,1.263,-0.30646,-0.06507,0.00074745,1.8017,-0.18938,-0.13122
0.0012284,0.038497,0.033694,0.053051,-1.7427,0.26232,0.52562,0.13466,-0.087637,3.336,1.5068,4.0462,-0.50968,2.3528,0.18748,1.0636,-0.0077548,1.4223,-0.37175,0.19429,0.033965,1.6776,-0.18361,0.028567
0.0019816,0.042143,0.030603,0.055245,-2.0513,0.33727,0.3955,0.18361,-0.06291,3.6472,1.528,4.0082,-0.60392,2.7892,0.16834,1.4375,-0.0022929,1.7258,-0.37965,0.56728,0.049489,1.4222,-0.16289,0.094209
0.00093282,0.038543,0.028267,0.056888,-2.3177,0.35937,0.27966,0.18659,-0.036566,3.8915,1.5336,3.9871,-0.66406,3.117,0.18334,1.9198,-0.0034695,2.0393,-0.30546,0.94582,0.053741,1.1552,-0.13123,0.091751
-0.0014125,0.027064,0.026727,0.056434,-2.5079,0.34674,0.20498,0.1555,-0.017233,4.0412,1.5248,3.9473,-0.68356,3.1665,0.2235,2.3304,-0.0042574,2.1923,-0.15631,1.2126,0.057152,0.93573,-0.094832,0.076303
-0.0043144,0.011638,0.025072,0.051917,-2.6126,0.31326,0.17793,0.11068,-0.0062846,4.0912,1.5087,3.8603,-0.68478,2.916,0.26448,2.5002,0.0043538,2.0881,0.036721,1.3039,0.067278,0.74286,-0.056757,0.082551
-0.0067942,-0.0010329,0.023034,0.043027,-2.64,0.25865,0.18143,0.066962,0.0028138,4.0559,1.4972,3.7217,-0.69403,2.4884,0.28656,2.39,0.026628,1.7664,0.23616,1.2422,0.083787,0.51716,-0.015711,0.096904
-0.0076544,-0.0058727,0.021846,0.032564,-2.5969,0.1756,0.18539,0.026168,0.019487,3.9524,1.4981,3.5478,-0.71906,2.0389,0.28743,2.1021,0.058804,1.3763,0.41266,1.1192,0.099369,0.22464,0.030506,0.069817
-0.0059641,-0.0028227,0.02333,0.025544,-2.4792,0.067037,0.16392,-0.017863,0.048967,3.7852,1.5059,3.3575,-0.74536,1.6418,0.27925,1.7899,0.091664,1.0818,0.55038,1.0422,0.10614,-0.10891,0.080598,-0.043637
-0.0019432,0.0035509,0.028141,0.025992,-2.2865,-0.043779,0.10881,-0.066686,0.088162,3.5458,1.5031,3.1557,-0.75109,1.2677,0.27522,1.5494,0.11643,0.97163,0.64598,1.0761,0.1027,-0.41555,0.12863,-0.24669
0.0024857,0.0076993,0.034942,0.033602,-2.0495,-0.12308,0.03215,-0.10984,0.12721,3.2286,1.4726,2.933,-0.72534,0.85449,0.27836,1.3748,0.1291,1.0276,0.70591,1.217,0.0962,-0.63305,0.16709,-0.49367
0.0043019,0.0067575,0.0413,0.043026,-1.841,-0.15138,-0.04188,-0.131,0.15535,2.8493,1.4116,2.6809,-0.67484,0.39494,0.28159,1.2007,0.13047,1.1626,0.74277,1.4077,0.097606,-0.74071,0.19152,-0.71446
0.0011711,0.0014239,0.045283,0.046841,-1.7463,-0.14253,-0.090448,-0.12279,0.16703,2.4494,1.3342,2.4117,-0.61612,-0.037985,0.27703,0.9819,0.12306,1.2848,0.76825,1.5791,0.1136,-0.75787,0.20295,-0.84985
-0.0066785,-0.0059032,0.046229,0.040392,-1.8037,-0.13796,-0.10324,-0.09606,0.16417,2.0822,1.2599,2.1617,-0.56217,-0.3447,0.26475,0.73892,0.10864,1.3399,0.78328,1.6884,0.14129,-0.71531,0.20682,-0.87364
-0.016009,-0.013319,0.044248,0.025131,-1.9591,-0.17742,-0.086023,-0.073482,0.15372,1.7875,1.1975,1.9748,-0.5156,-0.47732,0.25302,0.53648,0.088512,1.3128,0.77265,1.7304,0.16979,-0.63021,0.20958,-0.79309
-0.022246,-0.019855,0.039434,0.0079216,-2.0787,-0.26854,-0.055868,-0.072275,0.14245,1.5737,1.14,1.8769,-0.47209,-0.4755,0.25073,0.42196,0.065294,1.2067,0.71248,1.7224,0.1875,-0.50624,0.21564,-0.63659
-0.022339,-0.024442,0.031858,-0.003328,-2.0227,-0.38131,-0.031549,-0.091568,0.1327,1.4177,1.0735,1.859,-0.42874,-0.43513,0.25987,0.38258,0.043395,1.0301,0.58909,1.6804,0.18962,-0.3519,0.22597,-0.44255
-0.016804,-0.025388,0.022282,-0.0046734,-1.7347,-0.47282,-0.024884,-0.11577,0.12184,1.2821,0.99235,1.8809,-0.38877,-0.4418,0.27478,0.35801,0.026987,0.80107,0.41622,1.606,0.1804,-0.19322,0.23856,-0.25375
-0.0093242,-0.021527,0.012498,0.0017883,-1.28,-0.52168,-0.037255,-0.13013,0.10559,1.1385,0.90623,1.8888,-0.3587,-0.52163,0.28813,0.29445,0.017104,0.5535,0.23398,1.4929,0.16914,-0.064439,0.24987,-0.11146
-0.0041475,-0.013946,0.0045832,0.010208,-0.8025,-0.54222,-0.061681,-0.13341,0.082816,0.98205,0.83156,1.8345,-0.34183,-0.63975,0.29716,0.19129,0.0108,0.32807,0.086536,1.3422,0.16336,0.015523,0.25653,-0.043844
-0.0032253,-0.0060202,-0.00039753,0.015791,-0.4296,-0.5666,-0.087277,-0.13603,0.058,0.82965,0.77647,1.684,-0.33441,-0.73579,0.3044,0.10118,0.003486,0.14863,-0.0062571,1.1735,0.16471,0.057734,0.25702,-0.053495
-0.0052654,-0.001027,-0.0030064,0.018311,-0.19561,-0.61172,-0.10255,-0.14712,0.039292,0.7052,0.73272,1.4192,-0.32836,-0.76401,0.31259,0.085791,-0.0073875,0.0058664,-0.060164,1.0216,0.16985,0.093668,0.25217,-0.11538
-0.0072784,0.00072135,-0.004768,0.021551,-0.039398,-0.66116,-0.096855,-0.16395,0.032691,0.62092,0.68208,1.0424,-0.31807,-0.71271,0.31922,0.16651,-0.020361,-0.13273,-0.1101,0.9226,0.17454,0.14901,0.24414,-0.19137
-0.0071561,0.0023169,-0.0069102,0.029215,0.12806,-0.67785,-0.062084,-0.17411,0.036297,0.56658,0.61088,0.58357,-0.30573,-0.59988,0.31611,0.30958,-0.031188,-0.29102,-0.17854,0.89781,0.17691,0.22376,0.23385,-0.25305
-0.0050979,0.0074566,-0.0096715,0.040887,0.34542,-0.63423,0.0036655,-0.16687,0.039189,0.51301,0.51972,0.10605,-0.30081,-0.45747,0.29449,0.45405,-0.035951,-0.45732,-0.25503,0.94434,0.17734,0.29521,0.21889,-0.29581
-0.0029038,0.016786,-0.012606,0.051675,0.57558,-0.53112,0.09254,-0.14142,0.026832,0.42846,0.42055,-0.30614,-0.3136,-0.31645,0.25167,0.55595,-0.033465,-0.58707,-0.30457,1.0365,0.17633,0.33884,0.19432,-0.33367
-0.0021054,0.026853,-0.015274,0.056043,0.74828,-0.38956,0.1879,-0.10391,-0.0097509,0.29935,0.32555,-0.57978,-0.34706,-0.19637,0.19399,0.61304,-0.025439,-0.6353,-0.29818,1.1349,0.17303,0.34698,0.15666,-0.38086
-0.0027654,0.032839,-0.017508,0.052549,0.82753,-0.2272,0.27189,-0.057771,-0.067153,0.14351,0.23897,-0.68855,-0.39184,-0.09942,0.13462,0.65461,-0.014961,-0.59271,-0.24029,1.1995,0.16638,0.32942,0.1089,-0.43733
-0.0038339,0.032721,-0.019148,0.045306,0.84275,-0.0459,0.33539,0.0011168,-0.13043,0.006676,0.15851,-0.66979,-0.42784,-0.010867,0.087852,0.70892,-0.0049255,-0.49637,-0.17009,1.2014,0.15723,0.29876,0.061839,-0.49098
-0.0042811,0.029115,-0.019859,0.04076,0.85916,0.15586,0.38256,0.078709,-0.18183,-0.058669,0.082836,-0.60768,-0.43186,0.089736,0.063129,0.77511,0.0026795,-0.40654,-0.13587,1.1317,0.14921,0.25746,0.029455,-0.5329
-0.0036306,0.027146,-0.019445,0.042571,0.91828,0.36035,0.42525,0.17253,-0.21195,-0.022827,0.015977,-0.59249,-0.38827,0.20891,0.060971,0.81832,0.0068973,-0.36727,-0.16288,1.0035,0.14684,0.19979,0.020355,-0.56948
-0.0015353,0.030183,-0.018349,0.049029,1.004,0.52514,0.47151,0.26866,-0.22558,0.09958,-0.03619,-0.68152,-0.29744,0.3241,0.072094,0.7887,0.0079812,-0.37862,-0.23906,0.847,0.15269,0.12582,0.031516,-0.6183
0.0025726,0.037066,-0.017647,0.055045,1.0633,0.60688,0.51831,0.35062,-0.23804,0.25047,-0.073295,-0.88402,-0.17749,0.3895,0.080828,0.65152,0.0075212,-0.39674,-0.3267,0.69867,0.16621,0.052017,0.049714,-0.69071
0.0087197,0.043042,-0.018328,0.056613,1.0584,0.5958,0.55524,0.41234,-0.26436,0.35432,-0.10296,-1.1714,-0.057657,0.36637,0.072865,0.41219,0.0078356,-0.35797,-0.38781,0.58738,0.1851,0.0062139,0.060503,-0.77714
0.015029,0.043545,-0.020464,0.053656,1.0026,0.52826,0.57555,0.46193,-0.30833,0.35665,-0.13459,-1.4963,0.034273,0.25924,0.04431,0.12388,0.010437,-0.21005,-0.40314,0.52428,0.20761,0.0093884,0.058401,-0.85009
0.017625,0.037728,-0.023113,0.049092,0.94724,0.46185,0.58364,0.51124,-0.35833,0.25296,-0.16968,-1.8046,0.083821,0.12732,0.0060665,-0.12811,0.014553,0.066009,-0.37389,0.50228,0.23322,0.058837,0.050346,-0.88417
0.012968,0.029054,-0.025124,0.04563,0.937,0.43124,0.59086,0.55969,-0.39207,0.091213,-0.19811,-2.0388,0.094666,0.053869,-0.021303,-0.26186,0.017181,0.45135,-0.31043,0.50753,0.26089,0.12611,0.049451,-0.87708
0.0012833,0.022562,-0.02615,0.043661,0.97371,0.42161,0.60292,0.58794,-0.38706,-0.052512,-0.20478,-2.1454,0.083877,0.089766,-0.020669,-0.23915,0.015151,0.90141,-0.22021,0.53697,0.28698,0.17095,0.063823,-0.85351
-0.012093,0.020966,-0.026943,0.04192,1.0204,0.38254,0.61094,0.56932,-0.33084,-0.10927,-0.18135,-2.0922,0.070897,0.21285,0.0094207,-0.087594,0.0079193,1.3678,-0.10283,0.61024,0.30534,0.16075,0.089295,-0.84733
-0.019537,0.022567,-0.028646,0.039581,1.0362,0.27129,0.59579,0.49173,-0.22618,-0.043055,-0.1329,-1.8883,0.067238,0.33835,0.053136,0.11257,-0.0011424,1.8188,0.047528,0.76416,0.3104,0.083268,0.11188,-0.8753
-0.016624,0.0226,-0.031664,0.037151,1.0088,0.090511,0.54317,0.37283,-0.089655,0.14247,-0.073972,-1.5881,0.072796,0.37693,0.088534,0.27353,-0.0062947,2.2469,0.23666,1.0292,0.30088,-0.052613,0.11792,-0.92189
-0.0059601,0.016927,-0.035051,0.03525,0.95714,-0.10776,0.45676,0.25559,0.054776,0.41195,-0.017425,-1.2701,0.07986,0.29739,0.10308,0.34974,-0.0029936,2.6562,0.46439,1.4022,0.28095,-0.22459,0.10374,-0.94675
0.0042099,0.0050925,-0.036908,0.032944,0.90935,-0.25224,0.35828,0.1863,0.18375,0.71057,0.034068,-1.0001,0.0811,0.14543,0.10104,0.35939,0.0090377,3.0399,0.71876,1.837,0.25744,-0.40686,0.077308,-0.90964
0.0059744,-0.0097259,-0.035566,0.027881,0.87994,-0.29201,0.274,0.19004,0.28065,0.97599,0.087622,-0.80189,0.075897,0.0048786,0.097102,0.36349,0.025548,3.3646,0.97271,2.2645,0.23514,-0.57817,0.050917,-0.79649
-0.0023032,-0.023573,-0.030744,0.018546,0.86638,-0.219,0.21893,0.25905,0.33798,1.1525,0.15253,-0.65341,0.071215,-0.064825,0.10231,0.41952,0.04059,3.5792,1.1883,2.6331,0.21408,-0.72664,0.031366,-0.63033
-0.0149,-0.03459,-0.023864,0.0064905,0.86176,-0.063932,0.19014,0.35944,0.35647,1.2099,0.23294,-0.50685,0.076781,-0.063683,0.11493,0.54493,0.0504,3.6457,1.33,2.9385,0.19093,-0.85018,0.015753,-0.46129
-0.023367,-0.043205,-0.017259,-0.0038935,0.86552,0.12466,0.17292,0.44912,0.34277,1.159,0.32627,-0.32011,0.097757,-0.03416,0.12378,0.71532,0.055488,3.5689,1.3815,3.2216,0.16355,-0.95121,-0.0039967,-0.34073
-0.023003,-0.049807,-0.012737,-0.0082907,0.88048,0.30277,0.15287,0.49559,0.30781,1.0526,0.42659,-0.081574,0.12962,-0.01368,0.12008,0.89231,0.059503,3.3994,1.3535,3.5304,0.13473,-1.0277,-0.032236,-0.29228
-0.015913,-0.052783,-0.010477,-0.0057427,0.90183,0.44494,0.12479,0.48604,0.26588,0.96505,0.52789,0.18202,0.15905,-0.0019879,0.10647,1.053,0.065933,3.2036,1.2747,3.8762,0.11142,-1.0675,-0.064423,-0.29511
-0.0084305,-0.049518,-0.0091021,0.00052865,0.91331,0.5482,0.09348,0.42867,0.23274,0.95919,0.62409,0.41757,0.17125,0.029959,0.095057,1.1951,0.075272,3.0223,1.1716,4.2165,0.099266,-1.0547,-0.090395,-0.29142
-0.0054745,-0.03969,-0.0068771,0.0055149,0.89707,0.62735,0.068281,0.34734,0.22134,1.0606,0.70758,0.57352,0.15962,0.10399,0.096664,1.3175,0.084746,2.8504,1.0521,4.4763,0.096368,-0.98506,-0.10335,-0.22046
-0.0067427,-0.02731,-0.0031153,0.0060851,0.84837,0.703,0.056456,0.27133,0.23614,1.2503,0.77033,0.63202,0.13134,0.20991,0.11106,1.3983,0.090536,2.6514,0.90577,4.5917,0.091164,-0.8807,-0.10647,-0.065258
-0.0077321,-0.018751,0.0013695,0.0029872,0.78043,0.7867,0.059223,0.22265,0.26957,1.4757,0.80818,0.62734,0.10427,0.31544,0.12664,1.3962,0.09055,2.3914,0.72073,4.5417,0.067464,-0.78567,-0.11096,0.11727
-0.0043054,-0.01793,0.0050932,-0.00026611,0.7147,0.87158,0.071511,0.20597,0.30442,1.6701,0.8246,0.63503,0.096579,0.39782,0.12927,1.2776,0.085626,2.0645,0.50239,4.3492,0.014451,-0.73924,-0.1266,0.21074
0.003334,-0.023048,0.0072116,-0.00053268,0.66624,0.93674,0.084719,0.20742,0.32244,1.7726,0.82943,0.73288,0.11597,0.46281,0.11259,1.0508,0.078546,1.6906,0.27888,4.0578,-0.064202,-0.74261,-0.15277,0.10238
0.010575,-0.028241,0.0080972,0.002344,0.63793,0.96456,0.09107,0.20424,0.31456,1.7503,0.83291,0.95592,0.15605,0.53168,0.081904,0.77542,0.072021,1.2954,0.088425,3.7075,-0.14829,-0.74524,-0.17783,-0.23839
0.012071,-0.028985,0.0087279,0.0053129,0.62716,0.95899,0.087623,0.17992,0.2862,1.6174,0.84003,1.2763,0.20184,0.611,0.049721,0.53812,0.067349,0.89472,-0.041921,3.3275,-0.20854,-0.66691,-0.18791,-0.71999
0.0059463,-0.026378,0.0096408,0.00419,0.63523,0.94928,0.077837,0.13447,0.2537,1.444,0.85015,1.6233,0.2396,0.67907,0.027718,0.40524,0.064584,0.49728,-0.11144,2.9435,-0.22057,-0.44562,-0.178,-1.1645
-0.0047937,-0.026208,0.010638,-0.0036144,0.66751,0.97403,0.069481,0.082854,0.23363,1.3356,0.86139,1.9296,0.26374,0.70543,0.021201,0.38394,0.063612,0.11693,-0.14566,2.5846,-0.17794,-0.081452,-0.15642,-1.4058
-0.014456,-0.033433,0.011594,-0.017465,0.72329,1.0559,0.069851,0.044219,0.23213,1.3853,0.87445,2.1693,0.27647,0.68465,0.028736,0.41561,0.064849,-0.22339,-0.18271,2.2774,-0.096923,0.35298,-0.13903,-1.3883
-0.018426,-0.046972,0.013395,-0.033707,0.78657,1.1857,0.081103,0.031021,0.24116,1.6203,0.89141,2.36,0.28254,0.64783,0.045194,0.40578,0.06877,-0.50308,-0.25562,2.0315,-0.0094,0.74262,-0.13821,-1.1979
-0.015621,-0.059553,0.017684,-0.047361,0.83038,1.3276,0.098494,0.045662,0.24436,1.9795,0.91119,2.533,0.2843,0.63557,0.064789,0.2726,0.074602,-0.71921,-0.38071,1.8297,0.052574,0.98219,-0.15506,-1.004
-0.008279,-0.062983,0.025194,-0.054416,0.83438,1.44,0.11232,0.084109,0.22816,2.3432,0.92789,2.699,0.28112,0.65511,0.08229,-0.01212,0.07941,-0.88996,-0.5568,1.631,0.072003,1.0201,-0.18047,-0.95178
3.7493e-005,-0.054492,0.034123,-0.053713,0.8013,1.4971,0.1121,0.13998,0.19084,2.6017,0.93569,2.8392,0.27233,0.66429,0.093002,-0.40817,0.078587,-1.0431,-0.77282,1.3852,0.052951,0.87244,-0.20283,-1.0803
0.0063434,-0.038888,0.040462,-0.047475,0.75617,1.4951,0.090609,0.20416,0.14341,2.7173,0.93689,2.9286,0.25979,0.60262,0.093032,-0.82125,0.067778,-1.2027,-1.0159,1.0485,0.014027,0.60527,-0.21562,-1.3176
0.0089447,-0.0248,0.040668,-0.040028,0.72611,1.4431,0.046527,0.26202,0.10243,2.738,0.94446,2.968,0.24704,0.44504,0.080529,-1.1368,0.045079,-1.3858,-1.2728,0.59099,-0.025701,0.2994,-0.21908,-1.5459
0.0073311,-0.018138,0.034742,-0.035217,0.7162,1.3486,-0.014701,0.29433,0.079909,2.7576,0.97457,2.9965,0.23513,0.22907,0.057158,-1.2598,0.012061,-1.6083,-1.5247,-0.0016751,-0.0584,0.018373,-0.216,-1.682
0.0021626,-0.018003,0.026917,-0.034153,0.70272,1.2118,-0.08123,0.28476,0.077103,2.8502,1.0337,3.0713,0.21859,0.026988,0.028464,-1.1505,-0.027046,-1.8857,-1.743,-0.727,-0.088978,-0.20727,-0.20627,-1.7185
-0.0044951,-0.018132,0.022812,-0.03496,0.65227,1.0322,-0.13662,0.22927,0.085727,3.0272,1.1114,3.2289,0.18508,-0.11571,0.0022547,-0.84575,-0.067378,-2.2248,-1.8966,-1.562,-0.1265,-0.37691,-0.18556,-1.7058
-0.0094912,-0.01241,0.025045,-0.034791,0.55397,0.8197,-0.16373,0.13909,0.094564,3.2404,1.1856,3.4584,0.12042,-0.22088,-0.014727,-0.4603,-0.10526,-2.6128,-1.9702,-2.4595,-0.17309,-0.50491,-0.14923,-1.7027
-0.010103,0.00011551,0.030988,-0.032435,0.43901,0.60106,-0.15081,0.034087,0.096205,3.4241,1.2373,3.7066,0.017092,-0.35784,-0.020374,-0.15727,-0.13878,-3.0206,-1.9793,-3.3506,-0.21912,-0.60418,-0.098299,-1.7346
-0.0060262,0.014626,0.034842,-0.029188,0.36968,0.41254,-0.097909,-0.068588,0.089448,3.5375,1.2626,3.9107,-0.11805,-0.57526,-0.01888,-0.091457,-0.16729,-3.4184,-1.9669,-4.1567,-0.24777,-0.67657,-0.042448,-1.7823
-7.8382e-005,0.024519,0.03253,-0.027216,0.40212,0.28439,-0.019969,-0.16118,0.076871,3.5803,1.2717,4.0333,-0.2612,-0.84067,-0.018819,-0.34183,-0.19048,-3.786,-1.9764,-4.8081,-0.24472,-0.71349,0.002996,-1.7962
0.0035011,0.026572,0.025251,-0.027017,0.54789,0.22635,0.057073,-0.24301,0.06064,3.5732,1.2758,4.0749,-0.3769,-1.0397,-0.027942,-0.86444,-0.20809,-4.102,-2.0182,-5.2631,-0.20595,-0.70489,0.024705,-1.7223
0.0021667,0.023176,0.018514,-0.026551,0.7614,0.22334,0.10722,-0.31332,0.040251,3.5265,1.2739,4.056,-0.43022,-1.0401,-0.047643,-1.495,-0.21987,-4.3224,-2.0571,-5.5198,-0.1392,-0.65081,0.01904,-1.5262
-0.0029249,0.020185,0.017394,-0.023092,0.96205,0.24358,0.1173,-0.36785,0.013575,3.4224,1.2506,3.986,-0.40116,-0.77456,-0.071291,-2.0089,-0.22567,-4.377,-2.0323,-5.6135,-0.060274,-0.56862,-0.0052566,-1.2118
-0.0078403,0.022431,0.022189,-0.016118,1.0757,0.25334,0.093569,-0.40288,-0.020285,3.2275,1.1874,3.8459,-0.29456,-0.28356,-0.088658,-2.2172,-0.22526,-4.2055,-1.8969,-5.5994,0.012359,-0.48989,-0.031466,-0.82753
-0.0090228,0.030575,0.028327,-0.0084059,1.068,0.22947,0.056503,-0.4223,-0.058917,2.9251,1.0801,3.6002,-0.13971,0.30704,-0.094061,-2.0508,-0.21839,-3.8118,-1.6483,-5.5263,0.062598,-0.44641,-0.044019,-0.452
-0.0059635,0.041444,0.030538,-0.0040131,0.94965,0.164,0.026477,-0.43944,-0.096859,2.5436,0.94631,3.2314,0.021502,0.85147,-0.091987,-1.5907,-0.20537,-3.2896,-1.3274,-5.4174,0.080982,-0.45146,-0.036768,-0.15746
-0.001157,0.051003,0.02741,-0.0047664,0.75697,0.060796,0.0102,-0.47007,-0.12785,2.1605,0.81968,2.7714,0.15259,1.245,-0.094842,-1.0253,-0.18803,-2.781,-0.99215,-5.2693,0.067967,-0.48888,-0.015171,0.031177
0.0023649,0.057235,0.022217,-0.0083806,0.52641,-0.070596,-0.0017475,-0.5221,-0.14758,1.8742,0.73296,2.3036,0.23715,1.4469,-0.11334,-0.5568,-0.16987,-2.3865,-0.68789,-5.0706,0.034145,-0.51995,0.0087758,0.15166
0.0035008,0.060759,0.019464,-0.010003,0.2829,-0.21948,-0.024449,-0.59118,-0.15546,1.7591,0.70258,1.9289,0.28167,1.466,-0.14656,-0.30957,-0.15483,-2.0929,-0.4337,-4.8226,-0.0045399,-0.50775,0.025026,0.27618
0.0033953,0.063294,0.020584,-0.0059928,0.046533,-0.37586,-0.063978,-0.66684,-0.15454,1.8257,0.72373,1.7144,0.30529,1.3327,-0.18002,-0.29155,-0.14495,-1.7809,-0.2277,-4.5437,-0.035214,-0.44416,0.031286,0.45486
0.0036916,0.06581,0.022827,0.0031822,-0.15488,-0.53164,-0.1108,-0.74379,-0.14962,2.0111,0.77674,1.6578,0.32408,1.081,-0.1942,-0.42691,-0.13852,-1.3162,-0.058232,-4.2517,-0.054874,-0.35968,0.032339,0.67293
0.0047122,0.068026,0.022176,0.013233,-0.28416,-0.68283,-0.14662,-0.828,-0.14451,2.2047,0.83787,1.6894,0.3413,0.7465,-0.17758,-0.63182,-0.1304,-0.65867,0.08952,-3.9412,-0.070228,-0.306,0.034173,0.85737
0.0053365,0.069267,0.017279,0.019173,-0.3105,-0.83071,-0.15846,-0.93095,-0.13996,2.2985,0.88702,1.7121,0.34988,0.37102,-0.13414,-0.8761,-0.11469,0.093705,0.23088,-3.5794,-0.090268,-0.32122,0.037963,0.93051
0.0044452,0.069388,0.010601,0.018734,-0.23268,-0.97909,-0.14828,-1.0559,-0.13397,2.2353,0.9097,1.6539,0.34366,0.0034003,-0.079997,-1.1853,-0.088112,0.76072,0.37589,-3.1293,-0.11744,-0.40286,0.038405,0.86884
0.0022731,0.068675,0.0058718,0.013573,-0.091682,-1.1273,-0.13079,-1.1875,-0.12443,2.029,0.89612,1.5007,0.3268,-0.30743,-0.032188,-1.5844,-0.052055,1.1927,0.51948,-2.5836,-0.14481,-0.50955,0.027057,0.71986
0.00029785,0.066978,0.0045293,0.0077016,0.040137,-1.2642,-0.12268,-1.2944,-0.11237,1.7471,0.84189,1.2941,0.3129,-0.5231,0.0011474,-2.0304,-0.011699,1.3563,0.63689,-1.9811,-0.16156,-0.59149,-0.0023845,0.56441
-0.00010224,0.063319,0.0046089,0.0046166,0.090588,-1.3688,-0.13223,-1.3441,-0.10292,1.4702,0.75068,1.0999,0.31511,-0.62551,0.022437,-2.3939,0.026749,1.3355,0.69433,-1.3929,-0.16208,-0.62652,-0.050465,0.45708
0.0011942,0.056702,0.0030016,0.0052583,0.023309,-1.4207,-0.15581,-1.3195,-0.1026,1.2533,0.63584,0.97241,0.33633,-0.62253,0.038559,-2.5115,0.058717,1.2582,0.67278,-0.88837,-0.15036,-0.6332,-0.11146,0.39396
0.0031537,0.047482,-0.0013143,0.0080131,-0.1428,-1.4131,-0.18075,-1.2282,-0.11465,1.1102,0.51751,0.93461,0.36776,-0.5486,0.053435,-2.2794,0.082106,1.2129,0.58854,-0.50577,-0.1359,-0.65028,-0.17517,0.33107
0.0046719,0.037824,-0.0062381,0.010384,-0.34196,-1.3599,-0.19056,-1.0982,-0.13605,1.0226,0.41551,0.98064,0.39603,-0.45947,0.06547,-1.7221,0.096385,1.2149,0.49267,-0.24487,-0.12476,-0.69983,-0.22997,0.23247
0.0054409,0.030499,-0.0085959,0.010906,-0.49376,-1.2913,-0.17101,-0.96707,-0.1588,0.96031,0.34204,1.0886,0.41138,-0.42106,0.070631,-0.98731,0.10152,1.2343,0.44582,-0.079516,-0.11383,-0.7665,-0.26666,0.10305
0.0057812,0.026844,-0.0071925,0.0098947,-0.54235,-1.2425,-0.11789,-0.87155,-0.17471,0.89774,0.2988,1.231,0.40993,-0.49425,0.066893,-0.26786,0.098025,1.2463,0.48409,0.024291,-0.09397,-0.81284,-0.28252,-0.021293
0.0057977,0.025626,-0.0039847,0.0086384,-0.48145,-1.2413,-0.045718,-0.84147,-0.17963,0.82174,0.27941,1.378,0.39043,-0.71831,0.055482,0.2983,0.087988,1.2566,0.59882,0.096813,-0.059643,-0.81976,-0.28354,-0.11301
0.0049536,0.023864,-0.0024179,0.0078381,-0.35237,-1.3029,0.0097142,-0.89455,-0.17438,0.73346,0.27473,1.4984,0.35149,-1.0959,0.038298,0.68765,0.075452,1.2854,0.74313,0.16019,-0.016746,-0.81613,-0.28174,-0.18176
0.002686,0.018999,-0.0045753,0.0067509,-0.21682,-1.4284,0.003085,-1.0297,-0.16228,0.64752,0.27713,1.5669,0.294,-1.5836,0.014877,0.97728,0.065151,1.3346,0.85884,0.22603,0.018483,-0.8666,-0.28753,-0.26398
-0.00051632,0.010693,-0.0096515,0.0038785,-0.12099,-1.6029,-0.09486,-1.2206,-0.1463,0.58561,0.28214,1.5742,0.22589,-2.0931,-0.017271,1.2751,0.060075,1.3744,0.90473,0.29284,0.029538,-1.0203,-0.3012,-0.38221
-0.0028476,0.00091646,-0.014844,-0.0013439,-0.071683,-1.7946,-0.27231,-1.4173,-0.12865,0.56269,0.28783,1.5343,0.16204,-2.5103,-0.058479,1.6443,0.059788,1.3623,0.8693,0.34697,0.011124,-1.2594,-0.3103,-0.51266
-0.0023919,-0.0075378,-0.017639,-0.0074354,-0.037397,-1.958,-0.47254,-1.5614,-0.11231,0.57175,0.29362,1.4783,0.11589,-2.7318,-0.10223,2.0681,0.060942,1.2757,0.76471,0.3707,-0.026863,-1.4917,-0.29669,-0.59319
0.0010178,-0.012805,-0.017547,-0.011556,0.028256,-2.0485,-0.62086,-1.6103,-0.10175,0.58022,0.29913,1.4376,0.088113,-2.7049,-0.13444,2.4643,0.059713,1.1289,0.61192,0.35452,-0.065826,-1.6007,-0.24931,-0.56782
0.0050382,-0.014697,-0.016141,-0.011614,0.15673,-2.0439,-0.66888,-1.5574,-0.10103,0.54614,0.30305,1.4279,0.062816,-2.4486,-0.13847,2.73,0.054332,0.96142,0.42999,0.30487,-0.090185,-1.5184,-0.17341,-0.43084
0.0062281,-0.01422,-0.015701,-0.0080005,0.34628,-1.9577,-0.62597,-1.4343,-0.1103,0.44545,0.30169,1.4424,0.017363,-2.0373,-0.10352,2.7839,0.045976,0.80982,0.23571,0.24131,-0.095365,-1.2658,-0.088491,-0.23293
0.0028205,-0.012607,-0.017612,-0.0033382,0.56437,-1.8338,-0.55281,-1.2918,-0.12408,0.28992,0.28822,1.4588,-0.059568,-1.5511,-0.031081,2.5923,0.037646,0.69011,0.049238,0.18566,-0.086818,-0.9329,-0.015999,-0.044337
-0.0034124,-0.010688,-0.02151,-0.00031256,0.76685,-1.7186,-0.51889,-1.1704,-0.13382,0.11924,0.25378,1.4521,-0.15492,-1.0269,0.064637,2.1839,0.032088,0.60165,-0.10311,0.15257,-0.072505,-0.61461,0.034186,0.093794
-0.0080174,-0.0088131,-0.025525,0.00057783,0.92175,-1.6314,-0.55375,-1.0805,-0.1332,-0.028083,0.19088,1.402,-0.23404,-0.44529,0.16248,1.656,0.030148,0.54319,-0.19465,0.14843,-0.05616,-0.35676,0.068032,0.19032
-0.007065,-0.0069849,-0.027372,0.0014066,1.0251,-1.5508,-0.62845,-1.0042,-0.12237,-0.14234,0.097744,1.2941,-0.25906,0.22874,0.24262,1.1622,0.030353,0.52033,-0.21007,0.17687,-0.036848,-0.15014,0.099714,0.28329
-0.00022458,-0.0049563,-0.025764,0.0049646,1.1013,-1.431,-0.68102,-0.91515,-0.10735,-0.24632,-0.019001,1.118,-0.21126,0.98154,0.29272,0.86472,0.029706,0.53559,-0.15459,0.24249,-0.013923,0.032081,0.13882,0.3993
0.0088351,-0.0024127,-0.021388,0.012172,1.1886,-1.2349,-0.66598,-0.80415,-0.095122,-0.37332,-0.14544,0.8698,-0.10362,1.7122,0.30969,0.85833,0.025246,0.57239,-0.053214,0.34664,0.0084537,0.19479,0.1828,0.52905
0.015102,0.00051923,-0.016783,0.020832,1.3156,-0.96096,-0.58904,-0.68934,-0.088056,-0.53932,-0.26535,0.55846,0.023844,2.2569,0.29832,1.1078,0.015684,0.59327,0.060335,0.47771,0.022271,0.31652,0.22009,0.63787
0.015753,0.002678,-0.014952,0.026712,1.4827,-0.64553,-0.5013,-0.60479,-0.081755,-0.73314,-0.36634,0.21079,0.1222,2.4661,0.26872,1.4522,0.0023077,0.5594,0.15778,0.6055,0.021599,0.37931,0.24019,0.69827
0.01173,0.0019166,-0.0174,0.026221,1.6578,-0.33978,-0.45968,-0.57339,-0.067691,-0.9313,-0.44344,-0.13311,0.15507,2.2838,0.23332,1.69,-0.011484,0.45659,0.22429,0.68739,0.0080853,0.39852,0.24204,0.71425
0.0063445,-0.0037106,-0.022889,0.018887,1.7922,-0.078698,-0.48671,-0.58273,-0.03827,-1.1219,-0.49789,-0.43369,0.11257,1.7765,0.20274,1.6942,-0.021913,0.30397,0.25584,0.68561,-0.0091571,0.41972,0.2342,0.71751
0.0024888,-0.014149,-0.02798,0.0080184,1.8459,0.13546,-0.56052,-0.58259,0.009192,-1.315,-0.53279,-0.66801,0.012525,1.0985,0.18126,1.4781,-0.026823,0.13633,0.2499,0.58601,-0.019507,0.48353,0.22793,0.74131
0.00097422,-0.026398,-0.029239,-0.0010106,1.8066,0.32527,-0.63894,-0.50958,0.071545,-1.5303,-0.54961,-0.83825,-0.10952,0.4255,0.16497,1.1658,-0.026645,-0.023663,0.19817,0.40695,-0.01779,0.59101,0.2292,0.79544
0.0010473,-0.035627,-0.025684,-0.0039719,1.6879,0.51434,-0.6938,-0.32501,0.14136,-1.7743,-0.54874,-0.96798,-0.21547,-0.095767,0.14555,0.89912,-0.023765,-0.17688,0.088554,0.19241,-0.0067082,0.70198,0.23608,0.86158
0.0019191,-0.038035,-0.019678,-0.00055251,1.5112,0.70715,-0.72579,-0.040275,0.20926,-2.0276,-0.53343,-1.0888,-0.27753,-0.36623,0.11838,0.76103,-0.020913,-0.33199,-0.08387,-0.0077954,0.0067108,0.76822,0.24221,0.90949
0.0034262,-0.033415,-0.015433,0.0053487,1.2868,0.88698,-0.75069,0.28931,0.26604,-2.255,-0.51249,-1.2252,-0.28453,-0.33898,0.08862,0.76685,-0.019796,-0.47926,-0.30448,-0.15993,0.017144,0.77241,0.24271,0.91909
0.0053348,-0.025234,-0.016015,0.0084604,1.0125,1.03,-0.77359,0.59832,0.30457,-2.4279,-0.49791,-1.3844,-0.24154,-0.036799,0.069177,0.90269,-0.020687,-0.5823,-0.5346,-0.25837,0.024409,0.74066,0.23772,0.89247
0.0065869,-0.017851,-0.020962,0.0064579,0.68931,1.1208,-0.7771,0.84689,0.32175,-2.5419,-0.4983,-1.5539,-0.16564,0.42393,0.070802,1.147,-0.022761,-0.5991,-0.7199,-0.32044,0.032046,0.72101,0.23153,0.85067
0.0058836,-0.013011,-0.026385,0.0024808,0.33871,1.1554,-0.73489,1.0319,0.31944,-2.6142,-0.51329,-1.7078,-0.080538,0.84334,0.092218,1.4428,-0.024573,-0.51425,-0.8091,-0.36708,0.043066,0.74917,0.22892,0.82073
0.00328,-0.0086117,-0.027644,0.0033421,0.0021485,1.1341,-0.63776,1.1692,0.3035,-2.6652,-0.53455,-1.8164,-0.010642,1.0141,0.11917,1.6592,-0.02445,-0.35204,-0.77481,-0.40279,0.05692,0.82885,0.23188,0.82166
0.00090836,-0.0010087,-0.022803,0.014131,-0.28095,1.0559,-0.508,1.2679,0.28098,-2.6999,-0.55311,-1.8587,0.02584,0.83797,0.13395,1.6161,-0.020982,-0.15819,-0.62696,-0.41029,0.070069,0.93706,0.2385,0.85505
0.0015223,0.011028,-0.014296,0.0332,-0.49912,0.92486,-0.38821,1.3233,0.25714,-2.7033,-0.56712,-1.8314,0.023347,0.40456,0.12773,1.1891,-0.01372,0.031585,-0.41233,-0.36611,0.079101,1.0429,0.24411,0.90279
0.0058664,0.024247,-0.0074378,0.051914,-0.67594,0.76306,-0.31246,1.3332,0.23447,-2.6541,-0.58317,-1.7519,-0.0085691,-0.041648,0.10548,0.42622,-0.0036434,0.20581,-0.1988,-0.26633,0.08337,1.1223,0.24345,0.93304
0.01148,0.032826,-0.0067291,0.060089,-0.85066,0.61137,-0.28236,1.3178,0.21398,-2.5444,-0.6095,-1.6539,-0.049717,-0.24075,0.079838,-0.42882,0.0072268,0.36306,-0.049375,-0.14113,0.084916,1.1605,0.23283,0.91414
0.014482,0.032908,-0.012604,0.053395,-1.0473,0.51082,-0.26625,1.3161,0.19726,-2.3933,-0.64711,-1.5761,-0.079302,-0.074819,0.060167,-1.0516,0.017074,0.48868,0.0036579,-0.042226,0.086078,1.1506,0.21168,0.83151
0.012979,0.025962,-0.021044,0.036966,-1.2571,0.47592,-0.22168,1.3591,0.18703,-2.2428,-0.68671,-1.5518,-0.085688,0.36581,0.046329,-1.2207,0.025479,0.55201,-0.028157,-0.0084441,0.087092,1.0948,0.18311,0.69819
0.0088815,0.018109,-0.026367,0.022195,-1.447,0.48546,-0.12439,1.444,0.18527,-2.139,-0.7149,-1.6019,-0.069816,0.84858,0.031661,-0.94119,0.033435,0.5316,-0.096856,-0.034159,0.085713,1.0092,0.15283,0.55083
0.0062403,0.015872,-0.025137,0.018996,-1.5857,0.50334,0.016107,1.5356,0.19018,-2.1093,-0.72477,-1.7349,-0.041132,1.1408,0.010967,-0.4228,0.042032,0.44421,-0.14326,-0.066979,0.079028,0.92264,0.12684,0.43106
0.0075362,0.021711,-0.018358,0.029307,-1.6642,0.51364,0.16331,1.597,0.19461,-2.149,-0.72202,-1.9476,-0.01054,1.1258,-0.01426,0.060515,0.051003,0.34496,-0.12611,-0.040016,0.065837,0.86511,0.10855,0.36274
0.01145,0.032675,-0.010509,0.046509,-1.6947,0.53695,0.27645,1.6212,0.18777,-2.2242,-0.72124,-2.2234,0.013959,0.8293,-0.037237,0.32106,0.058704,0.29213,-0.038099,0.083414,0.047752,0.84964,0.097342,0.33964
0.014273,0.042847,-0.0063714,0.060653,-1.6922,0.60952,0.33279,1.6315,0.16019,-2.2901,-0.735,-2.529,0.027498,0.37257,-0.050975,0.32277,0.063819,0.30533,0.099724,0.28613,0.028313,0.8627,0.089469,0.33119
0.013577,0.047444,-0.0081207,0.065206,-1.6555,0.74122,0.33602,1.6491,0.10946,-2.3129,-0.76415,-2.8143,0.027981,-0.089315,-0.051399,0.14714,0.067266,0.35541,0.25881,0.5124,0.010977,0.87124,0.080827,0.30188
0.010524,0.045608,-0.014636,0.060445,-1.5638,0.89203,0.30759,1.6582,0.043428,-2.2826,-0.79661,-3.0242,0.018717,-0.40477,-0.036393,-0.081421,0.072146,0.39607,0.42279,0.70959,-0.0024917,0.84278,0.069722,0.23135
0.00855,0.040283,-0.023021,0.051814,-1.389,0.99279,0.26983,1.6046,-0.021839,-2.2125,-0.81478,-3.1163,0.012382,-0.45088,-0.0038633,-0.24682,0.081161,0.40802,0.59227,0.86314,-0.012207,0.76422,0.057645,0.12357
0.0097784,0.035693,-0.030707,0.045371,-1.1157,0.99718,0.23306,1.4334,-0.068973,-2.1261,-0.80532,-3.0762,0.029683,-0.17584,0.046901,-0.25465,0.093427,0.41389,0.77373,0.99855,-0.019042,0.64749,0.047704,0.0028233
0.012741,0.034325,-0.036436,0.044013,-0.75362,0.92102,0.1944,1.1387,-0.087544,-2.0432,-0.76436,-2.9167,0.0881,0.34747,0.11047,-0.038686,0.1037,0.45006,0.96379,1.1515,-0.023236,0.52083,0.042109,-0.097706
0.013678,0.035351,-0.039833,0.04668,-0.34071,0.83373,0.14627,0.78051,-0.078679,-1.9711,-0.69614,-2.6629,0.18515,0.90839,0.17189,0.41234,0.10532,0.52295,1.1424,1.3329,-0.023821,0.4138,0.040673,-0.14748
0.010103,0.035349,-0.040565,0.050149,0.064478,0.8073,0.086452,0.45599,-0.053052,-1.9027,-0.6085,-2.3326,0.28905,1.233,0.20978,1.0208,0.094978,0.59269,1.2799,1.517,-0.019212,0.34582,0.041193,-0.12724
0.0031382,0.030739,-0.038261,0.051383,0.39658,0.86466,0.022363,0.24327,-0.023725,-1.8208,-0.50982,-1.9317,0.34859,1.128,0.20564,1.6197,0.07562,0.602,1.3513,1.6599,-0.0084041,0.32173,0.040967,-0.035373
-0.0035784,0.020238,-0.033209,0.048811,0.60223,0.96911,-0.032085,0.16165,0.0010112,-1.7049,-0.40887,-1.4649,0.32112,0.60283,0.15363,2.0094,0.055075,0.5254,1.3482,1.7318,0.0082053,0.33268,0.038049,0.10824
-0.0071557,0.005638,-0.026842,0.042351,0.65946,1.0602,-0.063407,0.1734,0.019867,-1.5387,-0.31501,-0.9542,0.2026,-0.12151,0.063926,2.0458,0.041494,0.39578,1.2797,1.7381,0.028956,0.35982,0.031599,0.26475
-0.0075988,-0.0094951,-0.021166,0.03306,0.58904,1.1018,-0.064702,0.22002,0.035147,-1.3166,-0.23638,-0.44733,0.038146,-0.7364,-0.042315,1.7057,0.03904,0.28556,1.1644,1.7173,0.051751,0.38043,0.021799,0.38832
-0.0068904,-0.021977,-0.017416,0.022985,0.4478,1.1012,-0.038562,0.26055,0.04768,-1.0476,-0.17646,-0.0082795,-0.097224,-1.0161,-0.14241,1.0891,0.04673,0.25955,1.0202,1.7218,0.074667,0.37632,0.010005,0.44456
-0.0063047,-0.030216,-0.015219,0.014935,0.30221,1.0864,0.0037391,0.28413,0.055082,-0.75277,-0.13227,0.30475,-0.13792,-0.91768,-0.21991,0.36578,0.060542,0.33675,0.85654,1.7947,0.09568,0.34162,-0.0011103,0.42488
-0.0050083,-0.033797,-0.013151,0.01147,0.19514,1.0668,0.046644,0.29411,0.054709,-0.45907,-0.09623,0.46041,-0.062854,-0.55306,-0.26765,-0.29622,0.076509,0.48513,0.67397,1.9518,0.11173,0.28481,-0.0084178,0.34674
-0.0014827,-0.032484,-0.010228,0.01322,0.12711,1.0152,0.077412,0.28472,0.047786,-0.19347,-0.060641,0.46365,0.09563,-0.077917,-0.28694,-0.78154,0.092434,0.6425,0.4674,2.1707,0.11835,0.22241,-0.010531,0.23875
0.0038485,-0.026185,-0.0068787,0.017855,0.067031,0.88895,0.092955,0.23387,0.039833,0.019987,-0.021512,0.35113,0.27302,0.40085,-0.28547,-1.0509,0.10761,0.74127,0.23292,2.3895,0.11087,0.16778,-0.0099768,0.1214
0.0078621,-0.016081,-0.0043786,0.021112,-0.013766,0.67034,0.10172,0.11827,0.03608,0.16158,0.020546,0.17648,0.40801,0.83411,-0.27436,-1.1458,0.12164,0.7244,-0.024539,2.5218,0.08722,0.12281,-0.013087,-0.0026946
0.0070941,-0.0053507,-0.0033081,0.019747,-0.10992,0.39176,0.11779,-0.063422,0.035789,0.21989,0.061677,-0.0087849,0.4685,1.1761,-0.26374,-1.1781,0.13368,0.55819,-0.28461,2.4912,0.050423,0.078584,-0.02672,-0.14296
0.0011667,0.0021118,-0.0026924,0.01428,-0.17928,0.12422,0.14998,-0.28005,0.031125,0.19891,0.096386,-0.17279,0.45476,1.3426,-0.25744,-1.2933,0.14264,0.25022,-0.50995,2.2734,0.0086736,0.024403,-0.053686,-0.30618
-0.0061429,0.004451,-0.00092386,0.008947,-0.17397,-0.062296,0.19406,-0.47964,0.012587,0.12166,0.11843,-0.31253,0.38451,1.235,-0.25015,-1.6039,0.14779,-0.13616,-0.65388,1.9183,-0.02792,-0.041759,-0.090453,-0.48583
-0.0095787,0.0034958,0.0022769,0.0083413,-0.082117,-0.1365,0.23508,-0.61498,-0.022873,0.022158,0.12183,-0.44969,0.27642,0.81378,-0.23073,-2.1165,0.14911,-0.49278,-0.67797,1.5285,-0.052326,-0.10891,-0.12929,-0.66299
-0.0066698,0.0031477,0.0049008,0.013189,0.054485,-0.11597,0.25972,-0.66513,-0.067668,-0.073791,0.10301,-0.6138,0.14491,0.15244,-0.19127,-2.7012,0.14702,-0.713,-0.57286,1.2,-0.064095,-0.15778,-0.16341,-0.81605
0.00017887,0.0054215,0.0040438,0.018895,0.16413,-0.046708,0.26942,-0.63954,-0.10709,-0.16612,0.063342,-0.82176,0.0049173,-0.58182,-0.13596,-3.136,0.14153,-0.75146,-0.37064,0.96105,-0.068847,-0.17144,-0.19082,-0.93007
0.0056231,0.0077651,-0.0012406,0.018473,0.19458,0.02945,0.2832,-0.56549,-0.12822,-0.27965,0.010153,-1.0664,-0.12548,-1.2133,-0.082728,-3.2104,0.13142,-0.65298,-0.13811,0.75804,-0.073929,-0.14532,-0.2137,-0.99979
0.0055981,0.0046835,-0.0082094,0.0077904,0.15018,0.096205,0.32625,-0.47026,-0.12779,-0.44044,-0.045119,-1.3205,-0.23342,-1.6493,-0.055212,-2.828,0.1143,-0.52276,0.048865,0.50379,-0.083284,-0.091649,-0.23379,-1.0275
0.00018549,-0.0071427,-0.011745,-0.011036,0.086923,0.16131,0.41141,-0.37095,-0.11361,-0.64532,-0.09067,-1.5516,-0.32523,-1.9168,-0.070516,-2.0483,0.088058,-0.45579,0.13755,0.15868,-0.095221,-0.036651,-0.2484,-1.0216
-0.0070468,-0.024632,-0.008001,-0.030847,0.068476,0.23762,0.5271,-0.27626,-0.099127,-0.8511,-0.11789,-1.7373,-0.42998,-2.1264,-0.1314,-1.0496,0.053349,-0.47913,0.11844,-0.21795,-0.10471,-0.012596,-0.25111,-0.99792
-0.012176,-0.03913,0.0025733,-0.044245,0.11708,0.32248,0.6414,-0.19488,-0.095458,-0.99857,-0.12324,-1.8723,-0.58164,-2.3911,-0.22744,-0.046638,0.015047,-0.55186,0.02172,-0.48982,-0.1084,-0.04815,-0.2374,-0.98121
-0.013566,-0.042267,0.015471,-0.048153,0.19668,0.39032,0.72036,-0.14063,-0.1064,-1.0588,-0.10859,-1.9691,-0.78798,-2.7519,-0.34158,0.78793,-0.0191,-0.61738,-0.106,-0.52891,-0.10858,-0.16021,-0.21044,-1.0022
-0.01205,-0.032347,0.025533,-0.044842,0.23989,0.40375,0.74816,-0.12843,-0.12885,-1.0666,-0.080808,-2.0558,-1.0105,-3.1416,-0.45426,1.3655,-0.042609,-0.65723,-0.22782,-0.3028,-0.11268,-0.34895,-0.18169,-1.0882
-0.0092488,-0.015929,0.03071,-0.039175,0.1966,0.33661,0.73506,-0.16341,-0.15718,-1.1099,-0.050735,-2.1701,-1.176,-3.4024,-0.5415,1.6899,-0.054349,-0.69656,-0.32842,0.1005,-0.12848,-0.59643,-0.1648,-1.2531
-0.0060877,-0.0030701,0.033128,-0.034822,0.067305,0.19455,0.70765,-0.23177,-0.1877,-1.274,-0.030724,-2.3461,-1.2182,-3.3452,-0.57236,1.8413,-0.058933,-0.75961,-0.40692,0.52845,-0.15778,-0.868,-0.16722,-1.4902
-0.0027891,0.00023954,0.036779,-0.032403,-0.10135,0.018881,0.68831,-0.3023,-0.22004,-1.5768,-0.030691,-2.5917,-1.1202,-2.8299,-0.51527,1.9388,-0.062517,-0.82318,-0.46119,0.85804,-0.19314,-1.1165,-0.18577,-1.7708
0.00029648,-0.003466,0.044008,-0.030464,-0.25153,-0.13122,0.67876,-0.34016,-0.25525,-1.9433,-0.054101,-2.8712,-0.9283,-1.8368,-0.35606,2.0827,-0.067273,-0.81959,-0.47935,1.0586,-0.21996,-1.2902,-0.20938,-2.0448
0.0024282,-0.005244,0.053751,-0.027717,-0.35123,-0.20916,0.6594,-0.3253,-0.29253,-2.2418,-0.096205,-3.1082,-0.72179,-0.49725,-0.11762,2.2946,-0.069535,-0.69306,-0.44617,1.1823,-0.2233,-1.3454,-0.22659,-2.2444
0.0031907,0.0031757,0.062713,-0.024388,-0.40732,-0.20561,0.60496,-0.26354,-0.32732,-2.3621,-0.14591,-3.2195,-0.56196,0.93965,0.13726,2.4976,-0.063583,-0.45992,-0.35833,1.2969,-0.1956,-1.2622,-0.23182,-2.2947
0.0031649,0.022762,0.068127,-0.021816,-0.44956,-0.15149,0.50467,-0.18232,-0.35202,-2.2818,-0.19058,-3.1617,-0.45515,2.1931,0.33004,2.564,-0.047775,-0.21346,-0.23426,1.42,-0.1408,-1.0574,-0.2264,-2.1375
0.0034509,0.046031,0.069697,-0.021161,-0.50188,-0.097153,0.37181,-0.11397,-0.35912,-2.0762,-0.22129,-2.9587,-0.35666,3.0542,0.40785,2.4115,-0.027261,-0.061,-0.10884,1.502,-0.072518,-0.78578,-0.21513,-1.7658
0.0043509,0.062196,0.069383,-0.022559,-0.56366,-0.082072,0.23597,-0.078527,-0.34468,-1.8671,-0.23623,-2.6861,-0.21094,3.4571,0.37523,2.0783,-0.010467,-0.040692,-0.01547,1.4698,-0.0074971,-0.5246,-0.20232,-1.2476
0.0047495,0.064725,0.069646,-0.025263,-0.61247,-0.1154,0.12446,-0.078207,-0.31049,-1.748,-0.24059,-2.4221,0.0027111,3.4848,0.29132,1.7119,-0.0024103,-0.085941,0.032164,1.2915,0.041899,-0.34587,-0.19027,-0.71707
0.0031991,0.055717,0.071779,-0.028236,-0.62239,-0.17879,0.047596,-0.10587,-0.26383,-1.7372,-0.24351,-2.2005,0.25189,3.3103,0.23121,1.4704,-0.00095641,-0.068001,0.046005,1.0131,0.072004,-0.28871,-0.18033,-0.32142
-0.00018249,0.04404,0.075417,-0.030482,-0.58184,-0.24617,-0.00209,-0.1582,-0.21489,-1.7848,-0.25351,-2,0.47163,3.1081,0.23721,1.4104,0.00058882,0.11519,0.054102,0.74146,0.087224,-0.34666,-0.17386,-0.14926
-0.0030971,0.038922,0.079144,-0.031025,-0.49854,-0.3039,-0.039315,-0.24103,-0.17303,-1.8202,-0.27472,-1.7779,0.60665,2.9778,0.29529,1.4484,0.0070508,0.47052,0.083289,0.58613,0.095858,-0.47597,-0.17183,-0.18359
-0.002808,0.043911,0.081445,-0.029001,-0.39119,-0.35684,-0.075885,-0.36194,-0.14354,-1.8015,-0.30548,-1.5165,0.64417,2.9146,0.35276,1.4269,0.017046,0.909,0.14615,0.60079,0.10543,-0.61802,-0.1737,-0.31564
0.0011345,0.055472,0.081417,-0.024182,-0.27794,-0.41926,-0.12017,-0.51753,-0.12647,-1.733,-0.33965,-1.2425,0.61652,2.8355,0.36167,1.2267,0.024467,1.3066,0.23973,0.76097,0.11999,-0.72183,-0.17746,-0.41403
0.0059211,0.066685,0.079103,-0.017521,-0.17136,-0.50084,-0.18364,-0.68806,-0.11802,-1.6461,-0.36931,-1.0054,0.57586,2.6431,0.31298,0.83662,0.024066,1.5779,0.35406,0.98909,0.13987,-0.75611,-0.18123,-0.40258
0.0076326,0.072675,0.075465,-0.011015,-0.081349,-0.59962,-0.28295,-0.84547,-0.11382,-1.5656,-0.38725,-0.83448,0.56273,2.2885,0.23616,0.33681,0.015962,1.711,0.48188,1.2055,0.16276,-0.71062,-0.18473,-0.29314
0.0048523,0.073531,0.071918,-0.0066285,-0.018896,-0.7054,-0.42967,-0.96872,-0.11197,-1.4912,-0.38859,-0.71405,0.58933,1.799,0.16873,-0.17171,0.0053928,1.7505,0.62179,1.3694,0.18511,-0.59381,-0.18876,-0.15478
0.00035601,0.072974,0.069531,-0.004925,0.0067901,-0.80749,-0.61328,-1.0536,-0.11423,-1.4053,-0.37158,-0.5991,0.6434,1.252,0.12459,-0.62243,-0.0013677,1.7514,0.77374,1.4834,0.20339,-0.432,-0.1929,-0.050026
-0.0010161,0.074533,0.068332,-0.0044999,-0.0031271,-0.89831,-0.79352,-1.1086,-0.12465,-1.2974,-0.33808,-0.45667,0.70228,0.71815,0.087826,-0.98656,-0.00089266,1.7434,0.93289,1.5659,0.21524,-0.26695,-0.19367,0.0087213
0.003347,0.078628,0.06731,-0.0028458,-0.031359,-0.97056,-0.91415,-1.1419,-0.14692,-1.1816,-0.29318,-0.29645,0.74404,0.21578,0.034491,-1.2461,0.0067966,1.7282,1.0884,1.6174,0.22044,-0.14556,-0.1855,0.051873
0.011257,0.082707,0.065201,0.0017839,-0.049816,-1.0123,-0.93295,-1.151,-0.18203,-1.0892,-0.24346,-0.16279,0.75161,-0.28407,-0.039872,-1.3826,0.020421,1.6992,1.2281,1.6126,0.22079,-0.10062,-0.16429,0.10979
0.017387,0.083823,0.061433,0.0088024,-0.035065,-1.0073,-0.84747,-1.1242,-0.22721,-1.0439,-0.1941,-0.094177,0.71586,-0.80311,-0.11224,-1.3965,0.039472,1.6586,1.3443,1.5244,0.21873,-0.13279,-0.13078,0.17774
0.017776,0.081203,0.056405,0.015265,0.016572,-0.94295,-0.69667,-1.0531,-0.27595,-1.0383,-0.14668,-0.084022,0.64236,-1.2965,-0.14954,-1.3304,0.063892,1.613,1.4351,1.3563,0.21553,-0.20747,-0.090967,0.21957
0.013071,0.07673,0.050929,0.017655,0.085905,-0.82055,-0.53651,-0.94288,-0.31856,-1.0322,-0.099511,-0.075566,0.55695,-1.6455,-0.13471,-1.2561,0.09205,1.5532,1.4999,1.152,0.21043,-0.27254,-0.053107,0.20252
0.0075343,0.073155,0.045479,0.014414,0.14283,-0.66066,-0.40771,-0.8113,-0.34378,-0.97487,-0.050469,0.0047783,0.49938,-1.7215,-0.07872,-1.2288,0.1195,1.442,1.5367,0.96713,0.20136,-0.28729,-0.023357,0.12783
0.0048935,0.071659,0.040051,0.0074178,0.16567,-0.49653,-0.31944,-0.67614,-0.34235,-0.83542,-0.00026388,0.20211,0.50147,-1.4829,-0.010134,-1.2484,0.14021,1.2302,1.544,0.82416,0.18657,-0.24398,-0.0031651,0.029161
0.0051046,0.070803,0.034696,0.0011264,0.15546,-0.35868,-0.25839,-0.54156,-0.31201,-0.61927,0.046856,0.51029,0.56188,-1.0293,0.046303,-1.2683,0.14958,0.89608,1.5252,0.68699,0.1653,-0.16898,0.010343,-0.057094
0.0051326,0.067711,0.029981,-0.00023354,0.13718,-0.25892,-0.21153,-0.39593,-0.26114,-0.36029,0.085688,0.88639,0.63812,-0.565,0.083284,-1.244,0.14673,0.48127,1.4898,0.47993,0.13727,-0.10493,0.02185,-0.12005
0.0027658,0.06063,0.026631,0.0044676,0.14828,-0.18433,-0.18085,-0.22353,-0.20762,-0.096844,0.11382,1.2872,0.66662,-0.28874,0.10779,-1.1766,0.13453,0.091048,1.4463,0.13933,0.10172,-0.087744,0.035147,-0.17613
-0.00059088,0.050807,0.024605,0.01252,0.22127,-0.1059,-0.17826,-0.020958,-0.17162,0.14885,0.13319,1.6963,0.59985,-0.28548,0.12794,-1.1086,0.11753,-0.1471,1.3922,-0.33937,0.057562,-0.13309,0.051562,-0.24652
-0.0011531,0.042028,0.0226,0.01938,0.36865,0.0022106,-0.20832,0.19519,-0.16578,0.37292,0.14785,2.1209,0.43411,-0.49688,0.14356,-1.0788,0.099594,-0.14491,1.3121,-0.89335,0.004634,-0.23716,0.069655,-0.33433
0.0031374,0.037882,0.018755,0.021861,0.57584,0.14385,-0.25699,0.39511,-0.18883,0.57498,0.15974,2.5632,0.2074,-0.78536,0.14802,-1.0835,0.082698,0.10236,1.1894,-1.4274,-0.0554,-0.38681,0.085806,-0.42275
0.0098563,0.038754,0.012148,0.019955,0.80444,0.29359,-0.29831,0.55074,-0.2271,0.74175,0.16608,2.9929,-0.02952,-1.0368,0.13699,-1.0845,0.066953,0.5128,1.0227,-1.8666,-0.12003,-0.56966,0.095505,-0.49265
0.013692,0.041065,0.0037578,0.015961,1.0046,0.40561,-0.31288,0.64683,-0.26288,0.84576,0.16099,3.3465,-0.24417,-1.2219,0.11431,-1.0534,0.051141,0.95269,0.83378,-2.1913,-0.1879,-0.77775,0.095252,-0.53956
0.011083,0.039704,-0.0040574,0.012001,1.1323,0.43383,-0.30159,0.68088,-0.28382,0.86286,0.14003,3.557,-0.43101,-1.3768,0.08964,-1.0069,0.033325,1.2867,0.6568,-2.4345,-0.25917,-1.0025,0.084553,-0.573
0.0035138,0.031961,-0.0091847,0.0084188,1.1647,0.35244,-0.2826,0.65546,-0.28727,0.79612,0.104,3.5909,-0.59388,-1.5337,0.07099,-0.99595,0.011787,1.4201,0.51532,-2.6486,-0.33239,-1.2241,0.066951,-0.60057
-0.003685,0.019814,-0.011113,0.0045061,1.108,0.16636,-0.27565,0.57284,-0.27744,0.68736,0.058585,3.466,-0.72265,-1.6684,0.059844,-1.0581,-0.013584,1.3236,0.40635,-2.8649,-0.39961,-1.4032,0.049134,-0.61434
-0.0058682,0.0085716,-0.010919,0.00054409,0.99258,-0.091665,-0.28814,0.43785,-0.25874,0.6061,0.01007,3.2358,-0.78897,-1.7113,0.052824,-1.1807,-0.040168,1.0364,0.30464,-3.0721,-0.44456,-1.485,0.03825,-0.59358
-0.0026984,0.0028654,-0.010066,-0.0013271,0.86073,-0.37311,-0.31421,0.2662,-0.23101,0.62143,-0.038874,2.9567,-0.76718,-1.6061,0.047565,-1.309,-0.062996,0.65056,0.18471,-3.2255,-0.44773,-1.4213,0.038737,-0.52085
0.0023112,0.0032775,-0.0091764,0.0012623,0.75011,-0.62723,-0.34498,0.088503,-0.19012,0.77323,-0.089188,2.6664,-0.66166,-1.3613,0.046926,-1.3909,-0.077067,0.27329,0.04264,-3.2784,-0.39704,-1.2022,0.050518,-0.39525
0.0054983,0.0063416,-0.0078415,0.0081757,0.68249,-0.81163,-0.37834,-0.056703,-0.13308,1.0581,-0.14076,2.3884,-0.51334,-1.0452,0.057878,-1.4125,-0.080323,-0.01789,-0.099715,-3.217,-0.29731,-0.87313,0.069673,-0.23109
0.0062332,0.0077262,-0.0054473,0.015846,0.66032,-0.90052,-0.41906,-0.13924,-0.063196,1.4344,-0.18742,2.1523,-0.37579,-0.73271,0.086251,-1.3916,-0.075129,-0.20486,-0.21029,-3.0733,-0.17122,-0.51864,0.091255,-0.044973
0.0066885,0.0056726,-0.0021037,0.019662,0.67099,-0.89261,-0.47091,-0.15324,0.0090264,1.8406,-0.21701,2.0003,-0.27848,-0.451,0.13157,-1.3417,-0.067045,-0.32049,-0.26788,-2.9087,-0.049912,-0.21391,0.11257,0.15484
0.0088618,0.0017185,0.0011937,0.017935,0.69482,-0.81618,-0.52988,-0.12218,0.070312,2.2155,-0.21812,1.9676,-0.2074,-0.1733,0.18552,-1.2464,-0.061724,-0.40616,-0.27156,-2.7762,0.041332,0.022522,0.13483,0.36713
0.012122,-0.0016398,0.0032187,0.013793,0.71284,-0.72388,-0.58582,-0.08834,0.11133,2.5127,-0.18863,2.05,-0.11936,0.13511,0.23474,-1.0769,-0.062228,-0.46941,-0.23359,-2.6877,0.093256,0.23547,0.16211,0.58829
0.013755,-0.0038827,0.0032824,0.012816,0.71228,-0.67253,-0.63028,-0.091742,0.13102,2.7059,-0.13913,2.1892,0.02223,0.46163,0.26595,-0.83723,-0.068521,-0.48108,-0.16609,-2.609,0.11278,0.48858,0.19808,0.80699
0.011799,-0.0071283,0.001419,0.018053,0.68923,-0.6944,-0.66265,-0.14967,0.13553,2.7864,-0.087367,2.2957,0.22003,0.73192,0.2709,-0.59114,-0.079045,-0.41855,-0.076219,-2.4856,0.11463,0.80188,0.24272,1.0095
0.0071988,-0.013906,-0.002014,0.026747,0.6484,-0.77791,-0.68892,-0.24848,0.13281,2.7564,-0.047794,2.2942,0.44439,0.85183,0.2488,-0.43805,-0.092682,-0.31633,0.02634,-2.2806,0.11111,1.1244,0.29098,1.1905
0.0031099,-0.024171,-0.0067126,0.031985,0.59969,-0.87373,-0.71553,-0.35206,0.12725,2.6229,-0.024003,2.1586,0.65833,0.77384,0.20566,-0.44805,-0.1094,-0.27075,0.11964,-1.9985,0.10669,1.3682,0.33427,1.3564
0.0021176,-0.034367,-0.012277,0.028296,0.552,-0.92574,-0.74491,-0.42172,0.11841,2.3953,-0.0096457,1.9109,0.84076,0.53753,0.15101,-0.60548,-0.12925,-0.38102,0.17133,-1.6805,0.098963,1.4763,0.36379,1.5183
0.0041302,-0.03952,-0.017745,0.01654,0.50706,-0.90622,-0.77591,-0.43504,0.1046,2.088,0.0036537,1.5919,0.98863,0.2551,0.09409,-0.80618,-0.15093,-0.66856,0.15519,-1.379,0.083305,1.4687,0.37383,1.6795
0.0068785,-0.036739,-0.021561,0.0037661,0.45723,-0.83004,-0.80614,-0.39323,0.087563,1.7263,0.018307,1.2336,1.102,0.054217,0.041631,-0.91234,-0.17132,-1.0451,0.070129,-1.1339,0.056994,1.4258,0.36351,1.8322
0.0082567,-0.027414,-0.022414,-0.0020823,0.38982,-0.73896,-0.83052,-0.31485,0.073958,1.3475,0.028888,0.8585,1.1734,0.017152,-0.0019013,-0.82708,-0.18664,-1.3671,-0.055334,-0.96486,0.021031,1.4275,0.33632,1.9653
0.008024,-0.016497,-0.020429,0.0018176,0.29593,-0.67068,-0.83622,-0.22313,0.07187,0.99336,0.026987,0.49881,1.195,0.15021,-0.032818,-0.54066,-0.19438,-1.5408,-0.17915,-0.87894,-0.01999,1.4991,0.29814,2.0764
0.0073119,-0.0094016,-0.017561,0.011507,0.1775,-0.63858,-0.80041,-0.13707,0.085145,0.69706,0.0080822,0.20995,1.1762,0.3917,-0.047693,-0.12564,-0.19442,-1.5966,-0.27109,-0.87889,-0.059042,1.6079,0.25485,2.1747
0.0068233,-0.0086078,-0.016515,0.020196,0.046899,-0.63596,-0.69775,-0.071095,0.11018,0.46942,-0.025115,0.054323,1.146,0.64373,-0.044924,0.30582,-0.18861,-1.6673,-0.32797,-0.95991,-0.088799,1.7041,0.21072,2.2707
0.0059369,-0.012121,-0.018816,0.024137,-0.080884,-0.65642,-0.5161,-0.039918,0.13761,0.29522,-0.064898,0.06296,1.1307,0.80796,-0.027004,0.65127,-0.1792,-1.8843,-0.36811,-1.0977,-0.10476,1.7627,0.1684,2.3641
0.0037606,-0.01475,-0.023605,0.02519,-0.19714,-0.70868,-0.26988,-0.06152,0.15721,0.1412,-0.10406,0.20597,1.1226,0.81419,-0.00074467,0.84945,-0.1675,-2.2719,-0.41139,-1.2409,-0.1081,1.789,0.13007,2.4385
0.00085619,-0.011533,-0.028302,0.028096,-0.30164,-0.81182,0.00047173,-0.15361,0.16221,-0.028558,-0.14044,0.39963,1.0727,0.63921,0.025948,0.88857,-0.15379,-2.7203,-0.46257,-1.3198,-0.1059,1.7914,0.098543,2.4701
-0.00055925,-0.0012618,-0.030769,0.035353,-0.39635,-0.97605,0.24489,-0.32514,0.15054,-0.23816,-0.1775,0.54912,0.92227,0.31509,0.048885,0.79862,-0.13816,-3.0573,-0.50997,-1.2688,-0.10746,1.7551,0.076911,2.441
0.001429,0.012192,-0.031201,0.044584,-0.47682,-1.1866,0.42556,-0.56844,0.12361,-0.49179,-0.22078,0.59657,0.65418,-0.076631,0.069996,0.63605,-0.12146,-3.1579,-0.53737,-1.0507,-0.11847,1.6466,0.066803,2.3474
0.0061177,0.021955,-0.032099,0.050625,-0.52996,-1.4044,0.52991,-0.85723,0.085127,-0.772,-0.27279,0.54122,0.3197,-0.427,0.094664,0.46527,-0.1052,-3.0104,-0.53642,-0.66762,-0.13694,1.4434,0.066762,2.1981
0.010032,0.022572,-0.036182,0.050086,-0.54121,-1.5833,0.56803,-1.1524,0.040785,-1.0423,-0.32957,0.42216,0.014997,-0.63362,0.12556,0.34059,-0.090668,-2.6979,-0.50938,-0.15802,-0.15434,1.1567,0.072515,2.0055
0.0095497,0.013882,-0.04384,0.04406,-0.50556,-1.6913,0.56008,-1.4139,-0.0018967,-1.2537,-0.38138,0.28355,-0.17804,-0.63531,0.15798,0.29416,-0.078437,-2.3236,-0.46322,0.4163,-0.16132,0.82489,0.079207,1.7777
0.0041717,0.0015142,-0.052265,0.036865,-0.4329,-1.7223,0.52518,-1.6135,-0.035187,-1.3582,-0.41734,0.15151,-0.24094,-0.43479,0.18119,0.33419,-0.06865,-1.9465,-0.40355,0.98269,-0.15416,0.48663,0.083655,1.5131
-0.0025802,-0.0066098,-0.057177,0.032509,-0.34298,-1.6958,0.47893,-1.743,-0.053914,-1.3265,-0.4311,0.035299,-0.22018,-0.10091,0.18533,0.45075,-0.061797,-1.571,-0.33433,1.47,-0.13693,0.16468,0.084603,1.1984
-0.0057102,-0.0054253,-0.055998,0.032279,-0.25411,-1.644,0.43639,-1.8125,-0.057539,-1.1654,-0.42383,-0.058419,-0.18355,0.25222,0.16853,0.6204,-0.058603,-1.1819,-0.26095,1.825,-0.11779,-0.12244,0.081201,0.8123
-0.0027593,0.0040468,-0.050058,0.035089,-0.17434,-1.5948,0.41255,-1.8387,-0.049969,-0.9194,-0.4027,-0.11833,-0.16998,0.5046,0.13816,0.80346,-0.058546,-0.78483,-0.19069,2.0317,-0.10222,-0.33553,0.072049,0.3386
0.0040797,0.015562,-0.043894,0.039272,-0.10112,-1.5568,0.41616,-1.83,-0.037522,-0.65412,-0.37606,-0.13596,-0.17264,0.57554,0.10449,0.93898,-0.058231,-0.41548,-0.12923,2.1218,-0.088142,-0.41031,0.056572,-0.21034
0.0095549,0.021814,-0.041928,0.043595,-0.028025,-1.5143,0.44185,-1.7796,-0.026808,-0.42553,-0.34898,-0.11704,-0.16323,0.45474,0.071978,0.9511,-0.051805,-0.12111,-0.078322,2.1611,-0.067126,-0.29029,0.037464,-0.76995
0.0093723,0.018922,-0.044975,0.04687,0.048071,-1.4378,0.46958,-1.6745,-0.023526,-0.25512,-0.32179,-0.081602,-0.13014,0.20153,0.035643,0.77542,-0.034366,0.063602,-0.039728,2.2101,-0.031037,0.023827,0.020759,-1.2198
0.0033816,0.0083564,-0.049445,0.047525,0.12438,-1.3056,0.47518,-1.5135,-0.031595,-0.12711,-0.2919,-0.050425,-0.094944,-0.089836,-0.013808,0.3967,-0.0064086,0.12595,-0.022392,2.2818,0.020278,0.45187,0.011846,-1.4161
-0.0045473,-0.0045598,-0.05013,0.044406,0.19461,-1.1247,0.44581,-1.3208,-0.051689,-0.01085,-0.25665,-0.031865,-0.094733,-0.33909,-0.080045,-0.12698,0.024574,0.072176,-0.043016,2.3314,0.07575,0.86508,0.01024,-1.2562
-0.0096778,-0.01422,-0.044519,0.038214,0.25305,-0.93338,0.38864,-1.1398,-0.079763,0.10657,-0.21503,-0.023566,-0.14883,-0.5116,-0.15486,-0.6755,0.047787,-0.074012,-0.11406,2.2918,0.11684,1.1531,0.0084238,-0.74296
-0.0099274,-0.018013,-0.035159,0.031708,0.29757,-0.77974,0.32554,-1.0088,-0.10754,0.20023,-0.16752,-0.027674,-0.24017,-0.6141,-0.22134,-1.1138,0.056309,-0.26596,-0.22575,2.1342,0.12612,1.2781,-0.0027317,-0.0077539
-0.0070017,-0.017493,-0.027945,0.027799,0.33125,-0.68976,0.27778,-0.93492,-0.12593,0.21476,-0.11504,-0.062277,-0.32661,-0.66431,-0.26422,-1.3492,0.052393,-0.43208,-0.33831,1.907,0.095585,1.2759,-0.025825,0.73002
-0.0045132,-0.017044,-0.027583,0.026947,0.36346,-0.64779,0.25246,-0.88923,-0.12964,0.0961,-0.058687,-0.15361,-0.37121,-0.66557,-0.27921,-1.366,0.04625,-0.49124,-0.39603,1.7167,0.029957,1.2079,-0.053428,1.2527
-0.004915,-0.021056,-0.033834,0.026331,0.4099,-0.60622,0.24059,-0.82772,-0.1193,-0.1713,-0.0001666,-0.31262,-0.36618,-0.61121,-0.2738,-1.2173,0.048751,-0.38518,-0.35806,1.6593,-0.055873,1.1062,-0.073266,1.4347
-0.00783,-0.031296,-0.041568,0.021875,0.48927,-0.51812,0.22672,-0.72407,-0.099402,-0.54447,0.057419,-0.51694,-0.3332,-0.51306,-0.25993,-0.98632,0.063631,-0.10939,-0.22559,1.7526,-0.14309,0.95608,-0.078195,1.2831
-0.010907,-0.045917,-0.044523,0.01159,0.61537,-0.36853,0.2011,-0.58774,-0.074152,-0.93142,0.10979,-0.71671,-0.30285,-0.42275,-0.24526,-0.74293,0.085391,0.27951,-0.044922,1.9202,-0.21527,0.72438,-0.072164,0.90997
-0.012083,-0.060523,-0.039698,-0.0025181,0.78739,-0.1817,0.16453,-0.45368,-0.045219,-1.2263,0.15301,-0.86161,-0.29153,-0.41693,-0.23014,-0.52129,0.10439,0.68823,0.11788,2.0397,-0.26249,0.40363,-0.066472,0.45912
-0.011098,-0.070486,-0.028989,-0.015564,0.98441,-0.0020368,0.12397,-0.35374,-0.013577,-1.3522,0.18577,-0.92707,-0.2929,-0.54977,-0.21146,-0.32583,0.1146,1.0306,0.21551,2.0199,-0.28262,0.030567,-0.069486,0.035788
-0.0091069,-0.073109,-0.01713,-0.023031,1.1692,0.13349,0.085037,-0.29423,0.017065,-1.2913,0.21082,-0.91845,-0.28735,-0.80791,-0.1883,-0.15298,0.11748,1.2666,0.2468,1.8497,-0.27998,-0.33449,-0.079223,-0.32236
-0.0071751,-0.06854,-0.0080047,-0.02369,1.3015,0.21007,0.04939,-0.25745,0.039754,-1.0857,0.23438,-0.85313,-0.25889,-1.1058,-0.16368,-0.0097667,0.11939,1.414,0.25625,1.5875,-0.26199,-0.64602,-0.085704,-0.62777
-0.0053845,-0.059271,-0.0023445,-0.02018,1.3531,0.2309,0.018692,-0.22296,0.048555,-0.81124,0.26346,-0.73995,-0.20615,-1.329,-0.14163,0.083859,0.12544,1.5252,0.306,1.3035,-0.23497,-0.89528,-0.080861,-0.90447
-0.0033743,-0.048852,0.0017245,-0.017007,1.319,0.20522,-0.00053663,-0.18792,0.044232,-0.53647,0.30228,-0.57551,-0.14103,-1.3951,-0.12347,0.10987,0.13549,1.6407,0.43665,1.0194,-0.20128,-1.1004,-0.066658,-1.1605
-0.0014432,-0.040546,0.0063428,-0.017472,1.216,0.143,0.0019333,-0.16879,0.03573,-0.29174,0.35031,-0.35816,-0.079747,-1.2909,-0.1074,0.073005,0.14532,1.7481,0.63925,0.68975,-0.16025,-1.2786,-0.053783,-1.386
-0.00069698,-0.036363,0.012054,-0.021541,1.0726,0.059084,0.032006,-0.18486,0.034968,-0.064762,0.40291,-0.10199,-0.034736,-1.0654,-0.091592,0.010995,0.15094,1.7781,0.85499,0.23958,-0.11251,-1.4274,-0.052304,-1.5673
-0.0018627,-0.036612,0.017796,-0.026055,0.91584,-0.023183,0.082989,-0.23982,0.048503,0.17613,0.45422,0.16551,-0.012706,-0.79303,-0.07702,-0.018069,0.15178,1.6509,1.0045,-0.36706,-0.064501,-1.5277,-0.063252,-1.6998
-0.0040611,-0.040101,0.022272,-0.027213,0.76081,-0.078354,0.13521,-0.31723,0.072777,0.44914,0.50003,0.42046,-0.016521,-0.53764,-0.066964,0.031091,0.15011,1.3476,1.0317,-1.0711,-0.028441,-1.563,-0.07898,-1.7863
-0.0051444,-0.045039,0.025144,-0.023816,0.60975,-0.092395,0.16548,-0.39157,0.096932,0.74036,0.53876,0.6562,-0.045509,-0.33732,-0.063743,0.15719,0.14834,0.95386,0.93698,-1.7174,-0.016245,-1.5339,-0.091483,-1.8281
-0.0036697,-0.050294,0.027048,-0.019058,0.45913,-0.069977,0.16014,-0.44316,0.11088,1.0116,0.57008,0.87817,-0.091663,-0.20525,-0.066095,0.30463,0.1473,0.63141,0.77758,-2.119,-0.030984,-1.4596,-0.1002,-1.8206
-0.00068578,-0.056167,0.02874,-0.019306,0.30975,-0.02584,0.12246,-0.46359,0.11219,1.226,0.59273,1.0844,-0.13539,-0.13321,-0.069851,0.39411,0.14703,0.5257,0.63358,-2.1566,-0.062564,-1.3681,-0.11155,-1.7596
0.00066986,-0.06395,0.030487,-0.030156,0.17224,0.034167,0.069909,-0.44954,0.10655,1.3699,0.60368,1.2515,-0.14752,-0.091839,-0.071237,0.3754,0.1483,0.67196,0.55956,-1.8523,-0.091931,-1.2847,-0.13074,-1.6529
-0.0021609,-0.07438,0.032379,-0.052142,0.062753,0.12483,0.024761,-0.39423,0.10228,1.4547,0.59965,1.3436,-0.10104,-0.036556,-0.069858,0.26484,0.15246,0.97446,0.55489,-1.3652,-0.10174,-1.2246,-0.15413,-1.5235
-0.0084487,-0.086112,0.035137,-0.079105,-0.0086673,0.27261,0.0048758,-0.28746,0.10359,1.5013,0.58,1.3386,0.011846,0.071994,-0.069081,0.13715,0.15923,1.2796,0.57304,-0.90129,-0.086251,-1.1868,-0.17,-1.3999
-0.014021,-0.095593,0.040415,-0.10084,-0.048594,0.49013,0.019499,-0.12622,0.10769,1.5242,0.54874,1.2498,0.16786,0.23956,-0.074049,0.074676,0.16516,1.4861,0.56194,-0.59306,-0.053536,-1.1521,-0.16759,-1.3001
-0.01416,-0.098737,0.049975,-0.10877,-0.080432,0.7537,0.069531,0.072663,0.10736,1.5293,0.51383,1.1237,0.31597,0.42356,-0.089068,0.11177,0.16509,1.6015,0.50353,-0.42934,-0.018727,-1.0892,-0.14641,-1.2226
-0.0073069,-0.093366,0.064247,-0.10117,-0.13312,1.0036,0.14918,0.26985,0.096079,1.5251,0.48364,1.0134,0.39807,0.54897,-0.11576,0.21663,0.15625,1.7,0.42241,-0.28498,0.0064586,-0.97204,-0.1176,-1.1528
0.0034999,-0.080656,0.081431,-0.084437,-0.22633,1.1694,0.24738,0.41606,0.072054,1.5323,0.46305,0.95054,0.37754,0.54838,-0.15212,0.32271,0.14124,1.825,0.35944,-0.026528,0.020464,-0.80022,-0.096019,-1.0772
0.012714,-0.064469,0.098039,-0.069281,-0.36317,1.2054,0.34968,0.47387,0.038974,1.579,0.45203,0.9357,0.25956,0.39849,-0.19234,0.38031,0.12677,1.93,0.33588,0.38669,0.030812,-0.60579,-0.090002,-0.99288
0.016179,-0.04903,0.11066,-0.064233,-0.53443,1.1118,0.44167,0.43629,0.0039303,1.686,0.44752,0.95159,0.089821,0.1267,-0.22793,0.38387,0.11836,1.9163,0.33971,0.8804,0.047161,-0.43633,-0.096947,-0.90352
0.013727,-0.036591,0.11773,-0.070483,-0.72886,0.93147,0.51266,0.33095,-0.025552,1.8531,0.44715,0.98236,-0.069266,-0.21277,-0.25048,0.35427,0.11533,1.7328,0.34383,1.3301,0.074284,-0.32304,-0.10734,-0.80816
0.0086252,-0.026653,0.12008,-0.08152,-0.93946,0.72697,0.55725,0.20803,-0.043804,2.0592,0.45097,1.0211,-0.17091,-0.56814,-0.25553,0.29841,0.11047,1.4413,0.33551,1.6522,0.10994,-0.25889,-0.1128,-0.69565
0.0047127,-0.017111,0.1199,-0.087796,-1.1617,0.55385,0.57394,0.11907,-0.048061,2.2729,0.45967,1.0621,-0.20473,-0.8975,-0.24491,0.1898,0.094993,1.1821,0.32712,1.8465,0.14824,-0.20613,-0.11118,-0.55262
0.0037657,-0.0062914,0.11906,-0.083339,-1.3886,0.4449,0.56271,0.098116,-0.038413,2.4612,0.47056,1.0923,-0.1931,-1.1523,-0.22563,-0.0058152,0.065159,1.0655,0.33774,1.9652,0.18486,-0.12831,-0.10545,-0.37836
0.005017,0.00563,0.11806,-0.06981,-1.61,0.40859,0.52441,0.15376,-0.01708,2.5882,0.47578,1.0955,-0.16715,-1.2629,-0.20524,-0.28096,0.025537,1.0874,0.36584,2.0489,0.21972,-0.019703,-0.098848,-0.192
0.0066541,0.01672,0.11638,-0.055177,-1.8193,0.43624,0.46218,0.27335,0.012523,2.6122,0.46601,1.0689,-0.1405,-1.1544,-0.18707,-0.56154,-0.01351,1.146,0.38304,2.0902,0.25503,0.093352,-0.091327,-0.023177
0.0075798,0.024638,0.11372,-0.047901,-2.0182,0.51044,0.38262,0.43398,0.046448,2.4938,0.43819,1.0343,-0.10013,-0.79394,-0.16908,-0.73784,-0.042032,1.142,0.35865,2.0543,0.29088,0.17903,-0.080278,0.10755
0.007956,0.028221,0.11079,-0.050804,-2.2146,0.6107,0.29423,0.61265,0.080443,2.2194,0.40145,1.0256,-0.020284,-0.23415,-0.1474,-0.73298,-0.055899,1.0694,0.29277,1.9277,0.3222,0.22803,-0.064085,0.20267
0.0084908,0.028284,0.10885,-0.059153,-2.4101,0.71654,0.2037,0.79086,0.11009,1.8244,0.37513,1.0582,0.11133,0.38865,-0.12159,-0.5537,-0.05802,1.0123,0.22421,1.7455,0.34004,0.25545,-0.044813,0.28414
0.0095056,0.027281,0.10845,-0.064393,-2.5902,0.80963,0.11392,0.9545,0.13153,1.3918,0.378,1.1008,0.27497,0.91242,-0.096737,-0.28013,-0.055277,1.0537,0.20134,1.5713,0.33659,0.27492,-0.027499,0.37454
0.010665,0.028137,0.10854,-0.060631,-2.7257,0.87598,0.025993,1.0926,0.1429,1.0175,0.41482,1.0788,0.42189,1.2283,-0.079739,-0.003541,-0.05394,1.1814,0.23932,1.4515,0.31045,0.27169,-0.016825,0.47677
0.011358,0.032906,0.10698,-0.048827,-2.787,0.90822,-0.056326,1.1981,0.1457,0.76114,0.46968,0.91309,0.49783,1.3249,-0.072612,0.23235,-0.056692,1.2815,0.30293,1.3852,0.26848,0.20479,-0.014122,0.56608
0.011162,0.041883,0.10229,-0.035484,-2.7587,0.90785,-0.12451,1.2701,0.14491,0.61806,0.51185,0.57106,0.47231,1.2663,-0.068631,0.43597,-0.06257,1.2267,0.33346,1.3349,0.22288,0.04207,-0.017009,0.5993
0.010069,0.053555,0.095079,-0.027135,-2.6428,0.88615,-0.16859,1.3153,0.14711,0.53463,0.51149,0.094241,0.35565,1.1276,-0.055542,0.62006,-0.068909,0.98531,0.29947,1.263,0.18567,-0.20074,-0.021494,0.53543
0.0085541,0.065437,0.087927,-0.025272,-2.4472,0.86199,-0.18367,1.3461,0.15739,0.4561,0.45557,-0.41604,0.19363,0.94251,-0.024166,0.75552,-0.073334,0.65814,0.22824,1.1629,0.16417,-0.45301,-0.024521,0.35808
0.0075768,0.075405,0.083579,-0.025756,-2.1744,0.85531,-0.17375,1.376,0.1768,0.37,0.35412,-0.84606,0.043784,0.70803,0.024212,0.78036,-0.07449,0.41393,0.18985,1.0609,0.15975,-0.62524,-0.025056,0.090167
0.0082759,0.08277,0.082724,-0.022803,-1.8231,0.87751,-0.14916,1.4145,0.20173,0.31126,0.2334,-1.1198,-0.052766,0.43494,0.077681,0.66225,-0.071573,0.37785,0.2447,0.9943,0.16951,-0.66273,-0.023461,-0.20565
0.011172,0.088336,0.083175,-0.013914,-1.4063,0.92375,-0.11976,1.4638,0.22554,0.32694,0.12165,-1.2241,-0.088225,0.18837,0.12092,0.45366,-0.063659,0.55786,0.39581,0.98695,0.18859,-0.57586,-0.020243,-0.44423
0.015319,0.093287,0.081223,-0.0016889,-0.96741,0.97296,-0.090207,1.5177,0.24132,0.43115,0.036893,-1.2004,-0.085774,0.068661,0.14396,0.27602,-0.049725,0.85541,0.58288,1.0365,0.21165,-0.42485,-0.015287,-0.54932
0.018366,0.097736,0.074298,0.0085489,-0.57736,0.99839,-0.061672,1.5636,0.24439,0.58693,-0.016562,-1.1155,-0.081383,0.13704,0.14578,0.23058,-0.029492,1.1374,0.72194,1.1147,0.23339,-0.27375,-0.0078926,-0.48675
0.017989,0.10016,0.062979,0.012912,-0.30504,0.98472,-0.037763,1.5905,0.23353,0.72804,-0.043667,-1.0297,-0.10178,0.34733,0.13128,0.30723,-0.0044291,1.3075,0.75908,1.1733,0.24968,-0.15142,0.0027325,-0.28159
0.013818,0.098394,0.050774,0.011451,-0.1808,0.94206,-0.027729,1.5987,0.21073,0.79976,-0.051959,-0.97739,-0.15153,0.54977,0.10576,0.37629,0.021959,1.3311,0.69877,1.1517,0.25923,-0.048369,0.016847,-0.0078962
0.0081658,0.091501,0.041719,0.0074436,-0.17898,0.90674,-0.04187,1.6082,0.17989,0.78524,-0.048017,-0.9646,-0.21535,0.57762,0.072641,0.28355,0.045014,1.217,0.58948,0.9917,0.26447,0.053938,0.033596,0.24483
0.0046002,0.080966,0.037507,0.0046314,-0.23396,0.92546,-0.081577,1.655,0.14551,0.69968,-0.037721,-0.9805,-0.27199,0.35695,0.035503,-0.02188,0.060703,0.98964,0.48264,0.66193,0.27013,0.15124,0.050803,0.40938
0.0053333,0.07014,0.036319,0.0048449,-0.27881,1.0294,-0.13284,1.7724,0.11191,0.56454,-0.027202,-1.0136,-0.30921,-0.043278,0.00084092,-0.43283,0.067333,0.68101,0.39838,0.18119,0.27995,0.21095,0.065566,0.46162
0.0096387,0.062278,0.034306,0.0075683,-0.27931,1.213,-0.17115,1.9663,0.083359,0.38887,-0.021668,-1.063,-0.32987,-0.45817,-0.023045,-0.75322,0.066074,0.34062,0.32205,-0.37557,0.29381,0.19612,0.075691,0.41633
0.014693,0.058672,0.028622,0.011212,-0.2417,1.4308,-0.17679,2.2,0.06462,0.17355,-0.022668,-1.1363,-0.34607,-0.73295,-0.030998,-0.83971,0.059813,0.039928,0.22869,-0.89991,0.30801,0.095515,0.081118,0.30739
0.01802,0.058222,0.019633,0.014698,-0.19429,1.6169,-0.14991,2.4049,0.060669,-0.07021,-0.026771,-1.2363,-0.36702,-0.80787,-0.025247,-0.70304,0.051011,-0.14509,0.11181,-1.2921,0.31828,-0.067014,0.084194,0.16887
0.019232,0.058531,0.010506,0.018093,-0.16152,1.7185,-0.11244,2.5137,0.074976,-0.31088,-0.027695,-1.346,-0.39011,-0.72642,-0.014407,-0.48914,0.040187,-0.16544,-0.0072412,-1.4986,0.3228,-0.25025,0.088425,0.027322
0.019531,0.057504,0.0044726,0.021986,-0.15018,1.7222,-0.092735,2.4972,0.10663,-0.50795,-0.020671,-1.4283,-0.40204,-0.57654,-0.0074721,-0.35956,0.0264,-0.020656,-0.094692,-1.5232,0.32251,-0.42157,0.096688,-0.096974
0.019739,0.054301,0.001997,0.026325,-0.15272,1.659,-0.10308,2.3777,0.14812,-0.6358,-0.005691,-1.4436,-0.38894,-0.42256,-0.0077148,-0.37084,0.0095734,0.24627,-0.12969,-1.4082,0.31885,-0.56686,0.11031,-0.18815
0.01907,0.04927,0.0002447,0.029845,-0.15788,1.5836,-0.12753,2.2117,0.18596,-0.6988,0.01272,-1.3756,-0.3481,-0.27982,-0.011389,-0.44748,-0.0072887,0.57439,-0.11843,-1.2031,0.31155,-0.67805,0.12946,-0.23694
0.016036,0.043305,-0.0046482,0.030777,-0.15717,1.5394,-0.13144,2.0514,0.20526,-0.72499,0.028639,-1.247,-0.29244,-0.13776,-0.01161,-0.46098,-0.018364,0.90832,-0.087059,-0.94365,0.29923,-0.73534,0.15382,-0.24419
0.010501,0.037245,-0.014363,0.028431,-0.14496,1.5351,-0.087091,1.9164,0.19656,-0.74486,0.038115,-1.1094,-0.24432,0.0045963,-0.0033712,-0.34071,-0.0184,1.203,-0.060922,-0.65331,0.2822,-0.70703,0.1824,-0.2199
0.0046003,0.031589,-0.026944,0.024285,-0.11866,1.5435,0.0043019,1.7923,0.16122,-0.7735,0.040487,-1.0155,-0.2228,0.12832,0.014427,-0.12467,-0.0070723,1.415,-0.047018,-0.35811,0.26447,-0.5726,0.21266,-0.17708
0.0012811,0.026442,-0.038323,0.021299,-0.083023,1.5257,0.11227,1.656,0.11168,-0.80794,0.037494,-0.99081,-0.23299,0.21481,0.040273,0.083114,0.0092878,1.4996,-0.032338,-0.096353,0.25226,-0.34989,0.24045,-0.12497
0.0016641,0.021592,-0.045508,0.021658,-0.054042,1.4593,0.19938,1.5018,0.065612,-0.83676,0.031585,-1.0248,-0.26461,0.26988,0.071669,0.20177,0.020737,1.4287,0.0023961,0.090368,0.24993,-0.10013,0.26179,-0.067378
0.0037951,0.01671,-0.048709,0.024777,-0.05351,1.3536,0.24798,1.3482,0.036919,-0.84999,0.024773,-1.0848,-0.30005,0.32295,0.1046,0.23068,0.019959,1.2186,0.064778,0.18107,0.25648,0.098701,0.27566,-0.0065397
0.0041548,0.011744,-0.050691,0.027567,-0.093218,1.24,0.26903,1.2208,0.029046,-0.8418,0.018144,-1.1401,-0.32575,0.39897,0.13189,0.23276,0.007233,0.94159,0.14141,0.19538,0.26569,0.19279,0.28486,0.052138
0.00070806,0.0072898,-0.054075,0.027119,-0.16021,1.1482,0.28641,1.1284,0.034485,-0.80885,0.011465,-1.1775,-0.33866,0.48953,0.14394,0.26957,-0.0098063,0.69954,0.20326,0.19069,0.26926,0.17783,0.29353,0.099453
-0.0052233,0.0045899,-0.059097,0.02355,-0.218,1.0848,0.31169,1.0542,0.04048,-0.75098,0.0028238,-1.2024,-0.34409,0.55268,0.1334,0.35039,-0.021712,0.57201,0.2222,0.2331,0.26046,0.091554,0.30235,0.12599
-0.0099469,0.0049066,-0.063742,0.020278,-0.22732,1.0308,0.33298,0.96959,0.036823,-0.67551,-0.010965,-1.227,-0.34781,0.54655,0.10119,0.43673,-0.023966,0.57305,0.18867,0.35929,0.23597,-0.017075,0.30551,0.12601
-0.010354,0.0084632,-0.065969,0.021178,-0.17205,0.95753,0.32822,0.85698,0.020779,-0.59886,-0.032591,-1.2592,-0.34956,0.47039,0.058382,0.48927,-0.019834,0.65035,0.11983,0.55509,0.19616,-0.11461,0.29266,0.098446
-0.0062815,0.013646,-0.065839,0.027018,-0.069717,0.85074,0.28999,0.72359,-0.0032886,-0.53955,-0.061902,-1.2968,-0.34331,0.3771,0.020981,0.50828,-0.017342,0.7273,0.05266,0.76603,0.14523,-0.18431,0.25533,0.046028
-0.00041168,0.017246,-0.065568,0.034441,0.0431,0.72253,0.2374,0.5936,-0.028105,-0.50514,-0.094922,-1.3286,-0.32341,0.34238,0.00028811,0.52929,-0.02291,0.75437,0.025358,0.93213,0.091217,-0.20487,0.19362,-0.023799
0.0039103,0.015983,-0.067507,0.03852,0.13858,0.6033,0.2023,0.4864,-0.047874,-0.48379,-0.12558,-1.3385,-0.29072,0.41135,-0.0042349,0.58095,-0.03656,0.73069,0.057593,1.0223,0.044179,-0.13173,0.11807,-0.095055
0.0049289,0.008563,-0.072005,0.036609,0.21584,0.51754,0.20113,0.39843,-0.06009,-0.44949,-0.14927,-1.3101,-0.25311,0.56387,-0.0038116,0.64765,-0.051934,0.68442,0.14158,1.0456,0.011508,0.093779,0.045235,-0.14036
0.0031139,-0.0031446,-0.077118,0.030054,0.2948,0.46147,0.21857,0.3035,-0.064676,-0.3787,-0.16531,-1.2326,-0.21993,0.7271,-0.011466,0.67441,-0.060481,0.63663,0.24916,1.0358,-0.0075391,0.50544,-0.01036,-0.12493
0.00017238,-0.014991,-0.080399,0.022436,0.39224,0.40112,0.21912,0.1718,-0.062355,-0.26602,-0.17604,-1.1062,-0.19535,0.82709,-0.032218,0.61268,-0.056364,0.58393,0.34952,1.0256,-0.023376,1.0694,-0.042642,-0.019236
-0.0023109,-0.02323,-0.081023,0.016252,0.50087,0.29548,0.17766,-0.0056328,-0.054073,-0.12665,-0.18293,-0.94312,-0.17659,0.84022,-0.060189,0.46789,-0.038941,0.51358,0.42553,1.0303,-0.050742,1.6728,-0.055233,0.18522
-0.0035325,-0.027189,-0.080314,0.011248,0.58886,0.12971,0.10201,-0.20503,-0.041594,0.015357,-0.18348,-0.76303,-0.15849,0.80552,-0.084896,0.30657,-0.012107,0.43123,0.47831,1.0501,-0.099081,2.16,-0.057707,0.46675
-0.0033996,-0.029674,-0.080276,0.005756,0.61869,-0.067291,0.026847,-0.37985,-0.027922,0.14209,-0.17204,-0.58385,-0.14003,0.78955,-0.10127,0.21403,0.017978,0.36989,0.51926,1.0815,-0.16586,2.3964,-0.06011,0.77817
-0.0023231,-0.034368,-0.081634,-0.0005611,0.5698,-0.23749,-0.016391,-0.48731,-0.016429,0.24711,-0.1447,-0.41578,-0.12676,0.83274,-0.11441,0.23427,0.045043,0.36827,0.55723,1.125,-0.23881,2.3177,-0.06917,1.0642
-0.0011524,-0.041974,-0.083238,-0.005417,0.44885,-0.33268,-0.027557,-0.51394,-0.0091148,0.3282,-0.10422,-0.26233,-0.12681,0.91847,-0.13442,0.33799,0.064116,0.43737,0.59066,1.1814,-0.30615,1.935,-0.087413,1.2828
-0.00096713,-0.048385,-0.083273,-0.0052876,0.2841,-0.34946,-0.03945,-0.48279,-0.0056771,0.37741,-0.060165,-0.12578,-0.14399,0.98718,-0.1652,0.44265,0.072462,0.54625,0.60906,1.2438,-0.36673,1.2987,-0.11424,1.418
-0.0024868,-0.046989,-0.08099,0.0018979,0.11207,-0.33253,-0.091225,-0.43675,-0.0047098,0.38086,-0.023576,-0.0098506,-0.17424,0.98271,-0.19724,0.46934,0.07015,0.64026,0.60054,1.2962,-0.43132,0.46191,-0.14744,1.4782
-0.0054524,-0.03392,-0.077274,0.015213,-0.034049,-0.3424,-0.19561,-0.4094,-0.0064288,0.33112,4.2655e-006,0.084191,-0.20853,0.89539,-0.21176,0.39515,0.059787,0.67573,0.55889,1.3202,-0.51338,-0.52227,-0.18424,1.4792
-0.0086294,-0.012188,-0.073686,0.031444,-0.13085,-0.41189,-0.32648,-0.40433,-0.014633,0.24079,0.01307,0.16322,-0.23966,0.77107,-0.19432,0.26537,0.045122,0.64259,0.48644,1.3074,-0.61627,-1.5636,-0.2218,1.4247
-0.01058,0.009061,-0.071115,0.046982,-0.1687,-0.52495,-0.43589,-0.39794,-0.035795,0.14152,0.022038,0.24125,-0.26668,0.68087,-0.14724,0.15949,0.029192,0.56019,0.39294,1.2651,-0.72712,-2.5003,-0.25651,1.2954
-0.01057,0.020211,-0.069389,0.059062,-0.15419,-0.6341,-0.48627,-0.36383,-0.075348,0.063548,0.030096,0.32897,-0.29314,0.67299,-0.09028,0.13646,0.01334,0.45681,0.29345,1.214,-0.8218,-3.1171,-0.282,1.0583
-0.0088409,0.017658,-0.068009,0.06572,-0.10815,-0.70191,-0.47284,-0.30012,-0.13369,0.0095599,0.03354,0.42191,-0.32107,0.73889,-0.048392,0.19626,-0.0021467,0.35452,0.20583,1.1795,-0.8764,-3.2306,-0.28709,0.69267
-0.0061334,0.0059977,-0.066957,0.065514,-0.05672,-0.73327,-0.42163,-0.23814,-0.20491,-0.054552,0.02514,0.49889,-0.34677,0.81543,-0.035665,0.28166,-0.016532,0.26983,0.14697,1.1837,-0.87591,-2.7954,-0.25717,0.21714
-0.0031023,-0.0058042,-0.066617,0.05821,-0.018275,-0.77257,-0.36774,-0.22444,-0.27908,-0.17908,0.0016081,0.53514,-0.36258,0.82181,-0.048018,0.31658,-0.027826,0.22184,0.12708,1.2402,-0.81493,-1.9548,-0.1815,-0.29896
-0.000199,-0.01105,-0.067062,0.046104,0.0050354,-0.86755,-0.33243,-0.28798,-0.34627,-0.39023,-0.031752,0.52061,-0.36336,0.70875,-0.069529,0.25443,-0.03362,0.23253,0.14466,1.3511,-0.69369,-0.98295,-0.064009,-0.75044
0.0020572,-0.0094318,-0.067761,0.034149,0.024675,-1.0278,-0.31471,-0.41687,-0.39883,-0.65823,-0.063833,0.46874,-0.35148,0.48927,-0.086042,0.10579,-0.032802,0.31489,0.18646,1.5054,-0.5171,-0.14422,0.070689,-1.0297
0.0029861,-0.0058093,-0.06823,0.027616,0.053785,-1.2101,-0.30018,-0.56259,-0.43063,-0.89911,-0.085944,0.40833,-0.3353,0.23173,-0.094489,-0.070731,-0.026463,0.46002,0.23439,1.6801,-0.2996,0.44069,0.18412,-1.0611
0.0021299,-0.0054955,-0.068913,0.028429,0.095395,-1.3432,-0.27642,-0.67033,-0.43504,-1.0128,-0.098441,0.36541,-0.32215,0.018647,-0.10137,-0.20614,-0.017062,0.6368,0.27547,1.8454,-0.070597,0.82872,0.24324,-0.8238
-0.00025145,-0.010422,-0.071051,0.03326,0.13979,-1.3735,-0.24221,-0.7142,-0.40512,-0.93449,-0.10993,0.34997,-0.31224,-0.10233,-0.11383,-0.26208,-0.0066688,0.80641,0.30791,1.9741,0.12896,1.167,0.24021,-0.35778
-0.0031831,-0.018911,-0.075321,0.035677,0.17204,-1.2988,-0.20522,-0.71141,-0.33756,-0.66776,-0.12961,0.3569,-0.29938,-0.14373,-0.13259,-0.24986,0.0038904,0.93994,0.33833,2.0515,0.26147,1.5533,0.19752,0.24106
-0.005604,-0.02809,-0.08052,0.031189,0.18235,-1.165,-0.1729,-0.70441,-0.23801,-0.27887,-0.15905,0.37753,-0.27825,-0.16374,-0.15234,-0.21807,0.014105,1.0261,0.37261,2.0797,0.31076,1.9526,0.15244,0.83922
-0.0070562,-0.036009,-0.083853,0.021118,0.17067,-1.0289,-0.14623,-0.72349,-0.12265,0.14008,-0.19007,0.41045,-0.2518,-0.22347,-0.16759,-0.22024,0.02216,1.0666,0.40777,2.0735,0.29002,2.2306,0.1317,1.3002
-0.0077585,-0.041869,-0.082975,0.011716,0.14296,-0.91724,-0.12151,-0.75804,-0.012955,0.51499,-0.21002,0.46327,-0.23154,-0.34681,-0.17689,-0.28477,0.024742,1.0672,0.43166,2.0497,0.23255,2.2695,0.13557,1.5308
-0.008014,-0.045271,-0.078113,0.0089368,0.10405,-0.81306,-0.098002,-0.75928,0.073878,0.81464,-0.20999,0.54645,-0.22954,-0.50977,-0.18156,-0.40511,0.019178,1.0342,0.43048,2.0183,0.17181,2.0673,0.14318,1.5186
-0.0076454,-0.046269,-0.072256,0.013196,0.05444,-0.67917,-0.083208,-0.67453,0.13222,1.0461,-0.18983,0.6658,-0.24783,-0.66252,-0.18139,-0.55172,0.0063561,0.97579,0.39808,1.9779,0.12557,1.7399,0.1335,1.3326
-0.0061893,-0.046336,-0.069013,0.018725,-0.0058897,-0.49731,-0.089674,-0.4884,0.16761,1.2299,-0.15704,0.81787,-0.27387,-0.76262,-0.17294,-0.69269,-0.0084511,0.90341,0.33973,1.9198,0.094335,1.4309,0.10342,1.0787
-0.0037914,-0.048613,-0.069846,0.018172,-0.070094,-0.2891,-0.1243,-0.24008,0.18929,1.3744,-0.12171,0.98762,-0.28629,-0.79389,-0.15293,-0.80661,-0.01836,0.82674,0.26875,1.8375,0.072338,1.21,0.068582,0.83756
-0.0018572,-0.056165,-0.07298,0.0085142,-0.12069,-0.10058,-0.1784,-0.0021884,0.2022,1.4661,-0.091646,1.1473,-0.26788,-0.76241,-0.12317,-0.88196,-0.019573,0.74739,0.19988,1.7353,0.059011,1.0424,0.047864,0.62807
-0.0024896,-0.06923,-0.074859,-0.0067219,-0.1342,0.036416,-0.22786,0.16489,0.2051,1.4808,-0.070568,1.2593,-0.21744,-0.6836,-0.091839,-0.9103,-0.014202,0.65846,0.14541,1.6315,0.060727,0.84722,0.046788,0.42318
-0.0067984,-0.084016,-0.072833,-0.02058,-0.093027,0.13307,-0.24573,0.2509,0.19565,1.4056,-0.059104,1.2888,-0.15239,-0.57809,-0.069264,-0.88552,-0.0085545,0.55318,0.11634,1.5524,0.082619,0.58423,0.053939,0.20095
-0.013416,-0.094618,-0.066859,-0.028078,0.0020769,0.23784,-0.21976,0.29971,0.17689,1.2557,-0.05652,1.2223,-0.099804,-0.47816,-0.061781,-0.81225,-0.0079091,0.43555,0.12525,1.5189,0.11963,0.29364,0.052032,-0.016924
-0.018772,-0.096791,-0.059048,-0.029194,0.12731,0.40157,-0.1618,0.37873,0.15857,1.0733,-0.061697,1.082,-0.080619,-0.42768,-0.068729,-0.71358,-0.012061,0.32146,0.18509,1.5309,0.15619,0.059164,0.032437,-0.1738
-0.019405,-0.090583,-0.051772,-0.027349,0.24353,0.64263,-0.10045,0.53744,0.15165,0.90665,-0.073388,0.91931,-0.096608,-0.46096,-0.08439,-0.62425,-0.015575,0.22599,0.30189,1.559,0.17561,-0.063686,0.00067274,-0.22527
-0.014733,-0.079761,-0.046093,-0.025531,0.31437,0.93927,-0.061126,0.78346,0.16103,0.7815,-0.090563,0.78629,-0.12817,-0.56949,-0.10229,-0.56803,-0.012856,0.14593,0.46542,1.5513,0.17151,-0.08857,-0.030039,-0.18116
-0.0079657,-0.068808,-0.04166,-0.024029,0.32581,1.2505,-0.048324,1.0873,0.18272,0.68237,-0.11314,0.70168,-0.1447,-0.68649,-0.11804,-0.53474,-0.003804,0.054205,0.64606,1.4548,0.15189,-0.077374,-0.049593,-0.10411
-0.0040477,-0.060148,-0.037773,-0.021585,0.2955,1.5426,-0.044694,1.4046,0.20764,0.55881,-0.14234,0.63728,-0.12113,-0.71218,-0.12955,-0.47868,0.0050709,-0.08422,0.80321,1.2435,0.13288,-0.084411,-0.056501,-0.066743
-0.0059678,-0.053712,-0.034388,-0.018137,0.26346,1.7978,-0.028803,1.6945,0.22819,0.35537,-0.17984,0.53845,-0.050032,-0.56898,-0.13597,-0.34488,0.0056303,-0.28303,0.90221,0.93557,0.12748,-0.11931,-0.055083,-0.10487
-0.012326,-0.048606,-0.03216,-0.015825,0.26593,2.0024,0.0024872,1.9264,0.24204,0.049762,-0.22564,0.36631,0.057799,-0.24639,-0.13748,-0.10587,-0.0045873,-0.51366,0.92946,0.59052,0.13778,-0.15767,-0.049239,-0.20432
-0.018288,-0.044865,-0.031655,-0.017048,0.306,2.136,0.026191,2.0772,0.25084,-0.32377,-0.27599,0.13091,0.1827,0.19919,-0.13557,0.21999,-0.018978,-0.71239,0.89518,0.28371,0.15582,-0.18106,-0.039488,-0.32612
-0.019326,-0.043635,-0.032603,-0.021761,0.34099,2.178,0.0079889,2.135,0.25676,-0.68158,-0.32285,-0.10946,0.30654,0.68581,-0.13267,0.58363,-0.025846,-0.81586,0.82193,0.07286,0.17052,-0.20403,-0.025319,-0.44215
-0.014756,-0.045947,-0.033886,-0.027305,0.3002,2.132,-0.071342,2.109,0.26088,-0.92647,-0.35588,-0.28209,0.41562,1.1493,-0.13077,0.9412,-0.017143,-0.80333,0.72744,-0.025257,0.17477,-0.26289,-0.009201,-0.54937
-0.008163,-0.051617,-0.034193,-0.031451,0.12793,2.0423,-0.19957,2.036,0.26461,-0.99356,-0.36648,-0.34128,0.49573,1.5517,-0.13017,1.2802,0.0048364,-0.71693,0.61426,-0.035702,0.16758,-0.3804,0.0025254,-0.65537
-0.0043852,-0.059411,-0.032705,-0.035614,-0.17322,1.9818,-0.34084,1.972,0.27129,-0.88245,-0.35263,-0.28892,0.5277,1.8582,-0.12983,1.6152,0.028317,-0.64452,0.47282,-0.0065215,0.15159,-0.54111,0.0030457,-0.75521
-0.0056757,-0.06801,-0.029221,-0.044339,-0.52947,2.0139,-0.4617,1.967,0.28471,-0.65944,-0.32189,-0.1652,0.49286,2.0192,-0.12887,1.9587,0.039979,-0.67534,0.29378,0.014831,0.12993,-0.70009,-0.010287,-0.8238
-0.010265,-0.076387,-0.023739,-0.060555,-0.82762,2.1536,-0.55352,2.0403,0.30488,-0.43061,-0.29083,-0.023465,0.38813,1.9923,-0.12753,2.2967,0.033846,-0.85598,0.079077,-0.0057253,0.10524,-0.81568,-0.033983,-0.83092
-0.014336,-0.083029,-0.016025,-0.080785,-0.97489,2.3591,-0.63268,2.1706,0.3249,-0.29951,-0.27923,0.089917,0.23944,1.7912,-0.12643,2.589,0.014457,-1.1718,-0.15576,-0.09093,0.080718,-0.87753,-0.060385,-0.76402
-0.0154,-0.085133,-0.0056827,-0.095586,-0.94814,2.5594,-0.71895,2.3093,0.333,-0.32826,-0.30075,0.14209,0.098592,1.5138,-0.12505,2.7951,-0.0074884,-1.5593,-0.38708,-0.25914,0.060593,-0.90792,-0.081643,-0.63934
-0.013994,-0.079429,0.0072373,-0.096227,-0.79859,2.6963,-0.81136,2.4043,0.31938,-0.51589,-0.35389,0.11461,0.019146,1.3068,-0.12127,2.9001,-0.022777,-1.9352,-0.58991,-0.52253,0.048349,-0.93814,-0.092873,-0.49302
-0.012427,-0.064771,0.021619,-0.082427,-0.60954,2.753,-0.88343,2.421,0.28314,-0.79971,-0.4191,0.0096416,0.023995,1.2781,-0.11275,2.9165,-0.02841,-2.2217,-0.74108,-0.87301,0.044228,-0.98033,-0.093093,-0.36021
-0.012126,-0.044375,0.035323,-0.063984,-0.43907,2.7512,-0.90214,2.3496,0.23348,-1.078,-0.46555,-0.13982,0.087112,1.4178,-0.09893,2.8599,-0.026517,-2.3588,-0.81988,-1.2683,0.044793,-1.0153,-0.084423,-0.25651
-0.012258,-0.025062,0.046118,-0.053837,-0.2902,2.7249,-0.85464,2.2006,0.18396,-1.2471,-0.4657,-0.26999,0.14522,1.5929,-0.081751,2.7189,-0.019884,-2.3084,-0.81114,-1.6364,0.045557,-1.0032,-0.070696,-0.17195
-0.01083,-0.013146,0.052976,-0.057816,-0.12835,2.6949,-0.75956,1.9955,0.14359,-1.2416,-0.4099,-0.30819,0.1347,1.628,-0.064719,2.4475,-0.0089749,-2.0608,-0.71266,-1.9047,0.044462,-0.9084,-0.056186,-0.078827
-0.006924,-0.0097955,0.056777,-0.06989,0.071927,2.658,-0.6536,1.7588,0.11135,-1.0624,-0.31166,-0.21057,0.030173,1.4165,-0.051359,1.99,0.0069163,-1.6431,-0.54342,-2.0395,0.042882,-0.72378,-0.044613,0.050989
-0.0017714,-0.0098705,0.059734,-0.077355,0.29095,2.5949,-0.5655,1.5119,0.077633,-0.77873,-0.19963,0.0078693,-0.14107,0.98674,-0.044294,1.3253,0.026133,-1.12,-0.34544,-2.068,0.043039,-0.48086,-0.038517,0.22657
0.0023186,-0.0057501,0.063786,-0.07176,0.46778,2.4856,-0.50012,1.2703,0.031338,-0.4998,-0.10093,0.27354,-0.3176,0.47907,-0.044765,0.50063,0.042871,-0.57712,-0.17485,-2.0641,0.044343,-0.23996,-0.03913,0.42538
0.0039784,0.0065384,0.069108,-0.056157,0.53976,2.3211,-0.44537,1.0429,-0.032601,-0.32548,-0.0274,0.48757,-0.44099,0.055819,-0.051751,-0.3703,0.04954,-0.088766,-0.083741,-2.1055,0.042373,-0.063992,-0.046551,0.59623
0.0037752,0.023884,0.073943,-0.042442,0.48526,2.1084,-0.39348,0.83571,-0.10994,-0.30107,0.026379,0.57177,-0.48524,-0.18788,-0.060853,-1.1449,0.041741,0.30888,-0.10008,-2.2296,0.031897,0.011321,-0.059738,0.68086
0.0034193,0.038428,0.076029,-0.041248,0.3372,1.8669,-0.35543,0.65609,-0.18939,-0.4002,0.07273,0.49967,-0.46128,-0.2551,-0.064749,-1.7064,0.021846,0.61791,-0.21469,-2.4181,0.01148,-0.0054656,-0.0761,0.64544
0.0041945,0.043969,0.074579,-0.05323,0.15997,1.622,-0.35392,0.51191,-0.2581,-0.54618,0.11766,0.29818,-0.39919,-0.21146,-0.056675,-2.0071,-0.0018666,0.8485,-0.38258,-2.6167,-0.014427,-0.06816,-0.091324,0.50386
0.0061363,0.041166,0.071206,-0.068984,0.010926,1.3943,-0.4006,0.40525,-0.30685,-0.65824,0.15585,0.026582,-0.32652,-0.12449,-0.035569,-2.0795,-0.020072,0.98065,-0.54018,-2.7701,-0.037912,-0.12034,-0.10042,0.31551
0.008432,0.03708,0.06897,-0.07704,-0.084236,1.19,-0.47847,0.3247,-0.33239,-0.69377,0.17761,-0.24937,-0.25884,-0.029882,-0.0087872,-2.0127,-0.027865,0.95212,-0.63276,-2.8468,-0.052666,-0.1267,-0.10009,0.15563
0.010247,0.039388,0.07022,-0.072605,-0.12833,0.99798,-0.5464,0.24505,-0.3366,-0.66102,0.18102,-0.47493,-0.20448,0.056003,0.01097,-1.905,-0.027169,0.69102,-0.63918,-2.8392,-0.057659,-0.088262,-0.090858,0.075624
0.01104,0.050169,0.074923,-0.059856,-0.13208,0.79616,-0.56354,0.13788,-0.32369,-0.59814,0.17755,-0.61467,-0.17187,0.10385,0.013345,-1.8172,-0.024714,0.17661,-0.57951,-2.7493,-0.056745,-0.032753,-0.076945,0.078961
0.010364,0.06459,0.080777,-0.046879,-0.098,0.56641,-0.51388,-0.012182,-0.2972,-0.53759,0.18516,-0.65703,-0.16831,0.063558,-0.0029316,-1.7504,-0.027251,-0.51573,-0.4994,-2.5801,-0.055007,0.010838,-0.063264,0.12776
0.0079008,0.075519,0.084896,-0.038593,-0.022222,0.30839,-0.41142,-0.19706,-0.25861,-0.48306,0.21396,-0.61635,-0.19049,-0.10017,-0.029687,-1.6619,-0.037233,-1.2247,-0.43977,-2.3411,-0.055055,0.033798,-0.051681,0.17312
0.0040959,0.079892,0.085663,-0.033826,0.090978,0.042769,-0.28308,-0.38838,-0.20792,-0.41309,0.25677,-0.52719,-0.21801,-0.35617,-0.055729,-1.5105,-0.051551,-1.7704,-0.41184,-2.0579,-0.056009,0.050394,-0.039794,0.18625
0.00070689,0.08115,0.083346,-0.028077,0.21905,-0.1988,-0.14558,-0.55203,-0.14593,-0.30362,0.29351,-0.42746,-0.22028,-0.59198,-0.074797,-1.2998,-0.063744,-2.0371,-0.39497,-1.7681,-0.05533,0.082343,-0.023668,0.16942
0.0002353,0.085633,0.079255,-0.018427,0.32739,-0.38998,0.0041537,-0.66412,-0.076264,-0.14846,0.30674,-0.33741,-0.1752,-0.66661,-0.088755,-1.0836,-0.067937,-2.0183,-0.35847,-1.4992,-0.051419,0.13892,-0.0023985,0.14325
0.0041475,0.096261,0.074436,-0.0059834,0.3881,-0.52103,0.17807,-0.7186,-0.0055102,0.037125,0.29603,-0.24995,-0.08602,-0.50627,-0.10407,-0.9244,-0.061993,-1.7961,-0.29025,-1.2481,-0.044784,0.20787,0.019641,0.12424
0.011232,0.10928,0.06906,0.0056029,0.39574,-0.59833,0.37706,-0.72414,0.05889,0.22778,0.27895,-0.14249,0.017774,-0.17359,-0.12535,-0.83402,-0.048265,-1.4802,-0.20996,-0.98391,-0.037222,0.26235,0.035286,0.11098
0.017798,0.11706,0.062868,0.013293,0.36709,-0.63438,0.58009,-0.69532,0.1115,0.40034,0.27761,-0.002703,0.09781,0.15113,-0.15149,-0.74386,-0.032051,-1.1545,-0.15686,-0.67979,-0.030207,0.27751,0.040051,0.08746
0.020053,0.11448,0.056053,0.016439,0.32598,-0.63738,0.75167,-0.64495,0.15046,0.5369,0.3015,0.15288,0.13023,0.27673,-0.17714,-0.53567,-0.019148,-0.866,-0.16288,-0.3501,-0.023993,0.24556,0.035945,0.037982
0.016991,0.10328,0.049637,0.016208,0.28644,-0.6085,0.8609,-0.58153,0.17668,0.62108,0.34065,0.28455,0.11786,0.12598,-0.19723,-0.11526,-0.013942,-0.64783,-0.23186,-0.057374,-0.017909,0.18104,0.030217,-0.038865
0.011333,0.090513,0.044935,0.014026,0.24719,-0.54881,0.89683,-0.51121,0.19176,0.63805,0.37435,0.35609,0.082703,-0.21325,-0.21064,0.52237,-0.01857,-0.53734,-0.3398,0.12289,-0.011166,0.11424,0.029977,-0.12612
0.0075198,0.082574,0.042495,0.010745,0.19928,-0.46964,0.86964,-0.44143,0.19663,0.58308,0.38777,0.36065,0.045609,-0.55186,-0.22043,1.2808,-0.03277,-0.56335,-0.45383,0.15553,-0.0033067,0.075969,0.037217,-0.19556
0.0082223,0.080157,0.04137,0.0068905,0.13719,-0.39733,0.79967,-0.38305,0.19216,0.47143,0.38248,0.32543,0.0097325,-0.73286,-0.23137,2.0069,-0.053927,-0.71374,-0.55378,0.073938,0.0057539,0.080642,0.048275,-0.22123
0.012275,0.07854,0.039396,0.0030833,0.062673,-0.36589,0.7053,-0.34834,0.18097,0.33753,0.37229,0.29354,-0.039418,-0.73395,-0.24695,2.5575,-0.077324,-0.92107,-0.63997,-0.041416,0.015519,0.11659,0.057784,-0.19272
0.015775,0.072657,0.034484,-8.7125e-006,-0.019968,-0.39931,0.59881,-0.34447,0.16846,0.21958,0.36874,0.30052,-0.11801,-0.66234,-0.26732,2.8487,-0.097056,-1.0912,-0.72295,-0.11792,0.02433,0.15149,0.063288,-0.12185
0.015379,0.062128,0.026081,-0.0019599,-0.10957,-0.49387,0.49052,-0.36569,0.16121,0.13939,0.36868,0.36317,-0.22541,-0.65053,-0.28851,2.8698,-0.1078,-1.1595,-0.80503,-0.13553,0.029158,0.15283,0.066438,-0.038177
0.010929,0.051585,0.015722,-0.0025204,-0.20702,-0.61348,0.39378,-0.39062,0.16337,0.092694,0.35443,0.48248,-0.33797,-0.73934,-0.30287,2.673,-0.10681,-1.1302,-0.86914,-0.12772,0.026747,0.11216,0.070057,0.026477
0.0052092,0.046133,0.0060656,-0.0012698,-0.3082,-0.70452,0.32337,-0.38939,0.17322,0.056911,0.30628,0.6482,-0.41976,-0.8419,-0.30129,2.3513,-0.095108,-1.0657,-0.88443,-0.14349,0.015893,0.054823,0.074128,0.05733
0.0013003,0.046333,-0.00099657,0.0022917,-0.39961,-0.72359,0.28757,-0.33872,0.18291,0.0093608,0.21717,0.83585,-0.44156,-0.81335,-0.27713,2.0089,-0.077056,-1.0325,-0.82508,-0.20645,-0.00091952,0.024657,0.074575,0.067463
0.00010041,0.047473,-0.0056619,0.0078757,-0.46314,-0.66114,0.28076,-0.23577,0.18209,-0.057998,0.098713,1.0022,-0.39389,-0.56646,-0.23001,1.7242,-0.058587,-1.0487,-0.68896,-0.30483,-0.018425,0.051926,0.066043,0.09136
0.00018473,0.043807,-0.0097838,0.013535,-0.48729,-0.54536,0.2846,-0.10077,0.16372,-0.13587,-0.024768,1.0941,-0.28622,-0.1412,-0.1669,1.5182,-0.044963,-1.0712,-0.50284,-0.41432,-0.032017,0.12914,0.046417,0.16397
-0.00020028,0.033743,-0.014944,0.016054,-0.4745,-0.42405,0.27891,0.033357,0.12831,-0.20471,-0.12866,1.0756,-0.13644,0.32016,-0.098957,1.349,-0.038988,-1.0319,-0.3104,-0.52572,-0.041333,0.21649,0.019453,0.29967
-0.0012196,0.021129,-0.020762,0.012908,-0.43791,-0.33787,0.25525,0.13651,0.083739,-0.2434,-0.19821,0.95527,0.038651,0.66441,-0.036009,1.1489,-0.040195,-0.89088,-0.15106,-0.64787,-0.051107,0.27544,-0.0064863,0.48609
-0.0015119,0.011511,-0.025136,0.0044339,-0.39099,-0.30332,0.22269,0.19157,0.040753,-0.23473,-0.23146,0.78819,0.22402,0.8117,0.017212,0.88276,-0.045145,-0.66644,-0.042919,-0.78288,-0.068529,0.30334,-0.022707,0.6954
2.6466e-005,0.0069734,-0.026395,-0.0057668,-0.34087,-0.31402,0.20097,0.19547,0.0074259,-0.1691,-0.2363,0.64253,0.40056,0.77721,0.060361,0.58526,-0.048898,-0.42291,0.020659,-0.89943,-0.099107,0.33809,-0.024706,0.90066
0.0027431,0.0044305,-0.025371,-0.012961,-0.2917,-0.35434,0.20571,0.15583,-0.0135,-0.050337,-0.22554,0.55072,0.54196,0.63065,0.093588,0.34236,-0.047439,-0.23095,0.060765,-0.93407,-0.1438,0.42542,-0.014294,1.0817
0.0046362,-0.0010398,-0.025227,-0.014488,-0.25285,-0.41149,0.23687,0.088647,-0.022926,0.097836,-0.21267,0.48266,0.62131,0.43811,0.11472,0.22417,-0.040123,-0.13071,0.096972,-0.82721,-0.19845,0.57474,0.0018114,1.2183
0.0042645,-0.010973,-0.028829,-0.011466,-0.2403,-0.4782,0.27909,0.016378,-0.021658,0.23151,-0.2084,0.3641,0.62546,0.23094,0.12059,0.2209,-0.03059,-0.12083,0.13577,-0.56933,-0.25437,0.74224,0.01616,1.2838
0.0022157,-0.021308,-0.03593,-0.0075021,-0.26567,-0.54923,0.31273,-0.039151,-0.008677,0.29884,-0.21772,0.12874,0.5663,0.013122,0.11112,0.236,-0.024972,-0.17329,0.16952,-0.22126,-0.29894,0.85848,0.025231,1.2557
0.00062993,-0.025391,-0.042926,-0.0054125,-0.32107,-0.62003,0.32613,-0.069461,0.016526,0.26236,-0.23842,-0.23409,0.47898,-0.21382,0.09173,0.14776,-0.027964,-0.25611,0.18502,0.11058,-0.31701,0.87931,0.031705,1.1414
0.0011933,-0.019698,-0.045766,-0.004737,-0.37567,-0.69065,0.3194,-0.088511,0.049648,0.11886,-0.26325,-0.67013,0.40504,-0.43545,0.070942,-0.10514,-0.039345,-0.34573,0.17504,0.32985,-0.29507,0.81756,0.042487,0.99398
0.0034816,-0.0073911,-0.043593,-0.0022887,-0.39166,-0.76932,0.29827,-0.12623,0.079882,-0.097391,-0.28498,-1.0927,0.37018,-0.62883,0.054784,-0.48011,-0.053778,-0.42589,0.14452,0.39977,-0.22827,0.7282,0.06319,0.8938
0.0051894,0.0033881,-0.039754,0.0045938,-0.35023,-0.868,0.26607,-0.20601,0.093673,-0.33253,-0.3011,-1.4291,0.37093,-0.7772,0.043255,-0.86241,-0.064544,-0.48375,0.10644,0.35296,-0.12631,0.66041,0.092682,0.89549
0.0040473,0.0052242,-0.039021,0.01488,-0.26671,-0.98986,0.2222,-0.32231,0.082059,-0.5414,-0.31384,-1.6465,0.37977,-0.87876,0.032416,-1.1451,-0.068585,-0.51449,0.070385,0.25729,-0.012558,0.62002,0.12201,0.97734
-0.00023995,-0.0033163,-0.043344,0.023753,-0.18058,-1.1183,0.16843,-0.43886,0.046181,-0.70732,-0.3251,-1.7458,0.36585,-0.94191,0.020508,-1.293,-0.068856,-0.53197,0.032365,0.16483,0.085874,0.57666,0.13932,1.0398
-0.0056491,-0.016835,-0.049944,0.026085,-0.12594,-1.2186,0.11463,-0.51294,-0.0033246,-0.84042,-0.33082,-1.7392,0.31803,-0.97179,0.012398,-1.3417,-0.071925,-0.56992,-0.024752,0.082105,0.15219,0.50982,0.13782,0.96765
-0.0093073,-0.027126,-0.053609,0.020822,-0.10456,-1.254,0.075996,-0.52805,-0.052471,-0.9581,-0.32051,-1.6378,0.25453,-0.95997,0.017698,-1.3423,-0.082693,-0.66142,-0.11885,-0.01863,0.18874,0.4505,0.12091,0.71745
-0.0095429,-0.028939,-0.051248,0.012399,-0.08303,-1.2066,0.062031,-0.50799,-0.090702,-1.0644,-0.28365,-1.4594,0.2125,-0.88684,0.043386,-1.3046,-0.10039,-0.80476,-0.25254,-0.16029,0.21352,0.47545,0.10037,0.36145
-0.0069346,-0.023293,-0.044712,0.0076043,-0.017341,-1.0901,0.067542,-0.50021,-0.11356,-1.1446,-0.21805,-1.2426,0.22395,-0.73693,0.086767,-1.1922,-0.11886,-0.9434,-0.40577,-0.32838,0.24597,0.65002,0.088697,0.046224
-0.0036703,-0.016204,-0.039395,0.010154,0.11291,-0.94439,0.07546,-0.54264,-0.12076,-1.1781,-0.1328,-1.0449,0.2942,-0.51702,0.13486,-0.97113,-0.13041,-0.98489,-0.54351,-0.47243,0.29202,0.96187,0.091228,-0.11054
-0.0018393,-0.014002,-0.039821,0.0176,0.28603,-0.81928,0.070931,-0.64171,-0.11328,-1.1573,-0.042724,-0.91562,0.39679,-0.26294,0.17131,-0.66521,-0.13,-0.85528,-0.63306,-0.53999,0.33909,1.3016,0.10341,-0.10801
-0.0020066,-0.018725,-0.046023,0.023474,0.44943,-0.75486,0.054685,-0.77838,-0.092875,-1.0953,0.041106,-0.86342,0.48811,-0.027299,0.18604,-0.36268,-0.117,-0.55283,-0.65856,-0.51498,0.36459,1.5139,0.11468,-0.064586
-0.0030847,-0.026791,-0.053676,0.023112,0.55329,-0.76926,0.043028,-0.93264,-0.063759,-1.0186,0.11657,-0.84686,0.53185,0.14573,0.1805,-0.16412,-0.094478,-0.15875,-0.62348,-0.43029,0.35133,1.4882,0.11529,-0.12933
-0.003464,-0.031697,-0.057656,0.018107,0.5834,-0.8554,0.053228,-1.1015,-0.033124,-0.95022,0.18688,-0.80127,0.51773,0.24194,0.16498,-0.11264,-0.067599,0.20807,-0.54225,-0.34624,0.29857,1.2272,0.10123,-0.36934
-0.0024204,-0.028734,-0.055899,0.015264,0.57045,-0.98498,0.086458,-1.294,-0.0081755,-0.90053,0.25178,-0.68538,0.46366,0.28022,0.15027,-0.16399,-0.042595,0.46091,-0.43041,-0.31348,0.22163,0.84149,0.074766,-0.71948
-0.00068102,-0.018382,-0.050516,0.020648,0.56922,-1.1173,0.12337,-1.5108,0.0082956,-0.87061,0.30231,-0.51244,0.40139,0.29733,0.14035,-0.21992,-0.02564,0.58804,-0.30096,-0.34758,0.14165,0.47615,0.041806,-1.0313
0.00023844,-0.0060731,-0.045605,0.033833,0.62151,-1.2126,0.13694,-1.7309,0.019255,-0.86396,0.32504,-0.34118,0.35598,0.32893,0.13138,-0.19575,-0.020737,0.63789,-0.16668,-0.4292,0.073877,0.2199,0.0088008,-1.1798
-0.00067507,0.0013776,-0.043935,0.047486,0.72797,-1.2474,0.11251,-1.9215,0.029498,-0.89206,0.31314,-0.2334,0.33196,0.40103,0.11712,-0.069277,-0.027076,0.66289,-0.041993,-0.52237,0.022605,0.061561,-0.019027,-1.1437
-0.003055,0.00016453,-0.045211,0.052913,0.84798,-1.2265,0.059259,-2.0631,0.039643,-0.96607,0.27514,-0.21189,0.31365,0.53182,0.095422,0.11979,-0.03811,0.67063,0.060492,-0.59394,-0.015241,-0.07934,-0.038237,-1.0019
-0.0053347,-0.008244,-0.046959,0.04697,0.9274,-1.1828,0.004324,-2.166,0.044014,-1.0805,0.23298,-0.25052,0.27749,0.72944,0.070082,0.30642,-0.044246,0.62172,0.13596,-0.62414,-0.042179,-0.27544,-0.04737,-0.85763
-0.0057816,-0.018283,-0.046868,0.034596,0.93423,-1.1622,-0.024965,-2.262,0.035206,-1.2044,0.20934,-0.30166,0.2072,0.97562,0.046409,0.4349,-0.038372,0.47237,0.1887,-0.61042,-0.054668,-0.52762,-0.047061,-0.75806
-0.0036163,-0.023878,-0.04452,0.024994,0.87659,-1.2007,-0.017271,-2.3761,0.011595,-1.2923,0.21276,-0.33568,0.10214,1.2071,0.024972,0.46684,-0.020646,0.22168,0.225,-0.56978,-0.044054,-0.75948,-0.039573,-0.6707
0.00048202,-0.022001,-0.041354,0.024758,0.79056,-1.3057,0.018831,-2.5039,-0.01936,-1.3106,0.23111,-0.35979,-0.024634,1.3222,-0.00026043,0.37136,0.0010443,-0.077492,0.2428,-0.53853,-0.0029894,-0.86868,-0.027478,-0.52609
0.0046907,-0.014136,-0.039336,0.033418,0.70841,-1.4541,0.063279,-2.6127,-0.045698,-1.2612,0.23836,-0.40379,-0.15517,1.2294,-0.037004,0.12443,0.015563,-0.35211,0.22847,-0.56202,0.067389,-0.79215,-0.012142,-0.28035
0.0069396,-0.0051238,-0.039656,0.044424,0.63238,-1.6085,0.096833,-2.6672,-0.059673,-1.1841,0.21007,-0.48865,-0.27511,0.91436,-0.087023,-0.26973,0.014858,-0.55702,0.16641,-0.67244,0.15462,-0.53802,0.0066432,0.056316
0.0059629,-0.00040632,-0.042389,0.05018,0.53461,-1.7384,0.1084,-2.6561,-0.062595,-1.1352,0.13729,-0.6072,-0.37686,0.47351,-0.14275,-0.75186,-0.0020847,-0.69811,0.055799,-0.86574,0.2387,-0.1693,0.029187,0.44006
0.0020496,-0.003272,-0.047003,0.047003,0.38234,-1.8341,0.094914,-2.5985,-0.061106,-1.1537,0.030112,-0.73274,-0.45781,0.07372,-0.19159,-1.2062,-0.029725,-0.81489,-0.079134,-1.0956,0.3005,0.2373,0.05339,0.8319
-0.0029438,-0.013391,-0.052933,0.03679,0.16726,-1.9034,0.057885,-2.525,-0.058258,-1.2436,-0.090123,-0.84549,-0.51659,-0.14677,-0.22442,-1.4988,-0.059525,-0.94097,-0.19576,-1.2926,0.32987,0.6214,0.073294,1.213
-0.0065315,-0.027198,-0.05964,0.025009,-0.08496,-1.9561,0.0017485,-2.4505,-0.048033,-1.3789,-0.20362,-0.95202,-0.55061,-0.1667,-0.24075,-1.5363,-0.083456,-1.0757,-0.25402,-1.3975,0.3283,0.9413,0.080467,1.5663
-0.0071471,-0.039872,-0.06629,0.016967,-0.33134,-1.9904,-0.064503,-2.3624,-0.019252,-1.527,-0.30087,-1.0798,-0.55584,-0.088301,-0.2462,-1.3078,-0.095514,-1.1863,-0.23763,-1.3859,0.30474,1.1614,0.068098,1.8533
-0.0053443,-0.047969,-0.071647,0.014764,-0.53917,-1.9916,-0.12573,-2.2337,0.03371,-1.669,-0.38242,-1.2521,-0.52854,-0.052453,-0.24474,-0.88264,-0.091797,-1.2334,-0.1613,-1.2686,0.26783,1.2483,0.035427,2.0177
-0.0036373,-0.051293,-0.074579,0.016364,-0.70121,-1.9453,-0.16307,-2.0501,0.10274,-1.8015,-0.4516,-1.4635,-0.46892,-0.12803,-0.23336,-0.37016,-0.070941,-1.1979,-0.0609,-1.073,0.22039,1.1847,-0.010545,2.0228
-0.0048082,-0.052858,-0.07489,0.017003,-0.82792,-1.8526,-0.16107,-1.829,0.16834,-1.9197,-0.50649,-1.6762,-0.38539,-0.26461,-0.20415,0.12852,-0.035592,-1.0926,0.023962,-0.82532,0.16074,0.98793,-0.057536,1.8884
-0.0097468,-0.056798,-0.073666,0.01213,-0.92692,-1.7367,-0.11587,-1.6159,0.21184,-1.9978,-0.53709,-1.8376,-0.29626,-0.34485,-0.1525,0.54813,0.0064765,-0.95663,0.062935,-0.54786,0.089299,0.71183,-0.093278,1.6924
-0.016462,-0.065472,-0.072547,0.0003435,-0.99044,-1.6337,-0.039328,-1.4601,0.22852,-1.9853,-0.52955,-1.9058,-0.22489,-0.28816,-0.084428,0.85923,0.043742,-0.84202,0.039263,-0.26942,0.014934,0.42452,-0.11038,1.5308
-0.021172,-0.077649,-0.072237,-0.015424,-1.0024,-1.5748,0.043943,-1.3889,0.23088,-1.827,-0.47437,-1.8659,-0.18854,-0.11564,-0.016753,1.0564,0.065305,-0.79856,-0.049584,-0.031541,-0.045338,0.17524,-0.10801,1.4656
-0.02082,-0.08902,-0.071442,-0.029432,-0.95834,-1.5697,0.10557,-1.3961,0.23919,-1.4979,-0.37402,-1.7329,-0.18757,0.076893,0.030302,1.1526,0.066092,-0.85964,-0.18968,0.12076,-0.074174,-0.027639,-0.09022,1.4971
-0.015205,-0.094729,-0.067335,-0.036584,-0.87921,-1.6013,0.12487,-1.449,0.26618,-1.0305,-0.24592,-1.5422,-0.20424,0.20825,0.043099,1.1821,0.049418,-1.0295,-0.34917,0.15987,-0.064178,-0.21374,-0.0629,1.5745
-0.0071746,-0.092277,-0.057582,-0.035508,-0.8062,-1.6317,0.097994,-1.5052,0.30748,-0.51305,-0.11909,-1.3377,-0.21462,0.28151,0.020943,1.1984,0.024869,-1.2776,-0.48542,0.091277,-0.023207,-0.4262,-0.031867,1.6282
-0.000765,-0.082983,-0.04251,-0.029102,-0.77893,-1.614,0.040943,-1.5266,0.34488,-0.054936,-0.025332,-1.1598,-0.20557,0.37376,-0.024212,1.2543,0.0026445,-1.5452,-0.5631,-0.048742,0.029204,-0.68998,-0.0026517,1.5966
0.0013461,-0.071238,-0.025641,-0.022266,-0.81335,-1.505,-0.015753,-1.4864,0.35946,0.26394,0.011614,-1.0353,-0.18285,0.55968,-0.073371,1.3687,-0.011886,-1.764,-0.57326,-0.2111,0.071965,-0.98844,0.019455,1.4406
-0.00072714,-0.062134,-0.011881,-0.018738,-0.89466,-1.2767,-0.040076,-1.3711,0.34439,0.42962,-0.015361,-0.97232,-0.16216,0.83973,-0.10802,1.5057,-0.019727,-1.8781,-0.53743,-0.35322,0.092798,-1.2576,0.030885,1.1525
-0.0046214,-0.058921,-0.0045243,-0.019394,-0.98937,-0.92539,-0.014416,-1.1807,0.30822,0.49258,-0.094678,-0.96133,-0.15009,1.1342,-0.11649,1.5881,-0.025083,-1.8579,-0.49058,-0.4479,0.093408,-1.4016,0.032662,0.76736
-0.0076226,-0.061645,-0.0032344,-0.022893,-1.0675,-0.47601,0.053891,-0.92691,0.26723,0.52931,-0.20139,-0.98481,-0.13212,1.3427,-0.097499,1.5429,-0.030246,-1.704,-0.45511,-0.48216,0.087895,-1.327,0.032098,0.36887
-0.008383,-0.067579,-0.0045634,-0.027506,-1.1193,0.022015,0.13487,-0.62686,0.23401,0.59288,-0.30696,-1.0276,-0.080526,1.4116,-0.059934,1.3517,-0.03296,-1.4438,-0.42782,-0.45549,0.096193,-0.98669,0.040414,0.0709
-0.0072512,-0.073089,-0.0045802,-0.032318,-1.1556,0.50784,0.19215,-0.29624,0.21108,0.68517,-0.38842,-1.0801,0.021991,1.3561,-0.018631,1.0669,-0.028633,-1.1259,-0.39122,-0.38318,0.13536,-0.41443,0.066169,-0.030657
-0.0052657,-0.075877,-0.0015893,-0.0372,-1.1893,0.92599,0.20498,0.051955,0.19337,0.76704,-0.43309,-1.1323,0.16249,1.2265,0.01247,0.78056,-0.015577,-0.8105,-0.33812,-0.29908,0.21139,0.27062,0.1084,0.087454
-0.0029582,-0.076346,0.003112,-0.042345,-1.2105,1.2394,0.18222,0.39873,0.17572,0.79456,-0.43848,-1.1638,0.2997,1.0633,0.026605,0.56803,0.0016131,-0.55285,-0.28497,-0.24735,0.31459,0.90053,0.15505,0.35316
-0.00011147,-0.077247,0.0068911,-0.048358,-1.1732,1.434,0.15803,0.7087,0.15837,0.75327,-0.40967,-1.143,0.38836,0.88053,0.026107,0.44539,0.014205,-0.38319,-0.2592,-0.2604,0.42149,1.325,0.18898,0.63138
0.0034658,-0.081704,0.008414,-0.056658,-1.0083,1.5182,0.1701,0.93318,0.14607,0.66729,-0.35683,-1.0392,0.40761,0.68445,0.018606,0.37035,0.015892,-0.29374,-0.27038,-0.33491,0.50427,1.4742,0.19817,0.79558
0.00717,-0.09076,0.0091168,-0.068987,-0.66517,1.5202,0.23359,1.034,0.14262,0.58143,-0.29298,-0.84187,0.37105,0.49403,0.010194,0.28127,0.0083183,-0.24359,-0.29203,-0.42448,0.54373,1.3822,0.18234,0.79242
0.0098504,-0.10202,0.012381,-0.085536,-0.15823,1.485,0.32771,1.0149,0.14622,0.53239,-0.23145,-0.57273,0.31159,0.33458,0.00071165,0.14304,0.00049986,-0.18123,-0.27278,-0.4586,0.53795,1.1556,0.15088,0.65693
0.010936,-0.1105,0.021106,-0.10308,0.4138,1.4644,0.4046,0.93366,0.14954,0.52905,-0.18234,-0.27853,0.25442,0.20957,-0.015253,-0.031936,0.0022972,-0.072003,-0.17022,-0.37924,0.49984,0.9073,0.11389,0.47196
0.011213,-0.11146,0.035564,-0.11546,0.89809,1.4983,0.41521,0.8755,0.14439,0.55127,-0.14956,-0.0086104,0.20057,0.084035,-0.042695,-0.19727,0.017457,0.085591,0.01954,-0.1732,0.4448,0.69793,0.074294,0.30581
0.012199,-0.1035,0.05307,-0.11727,1.1586,1.5921,0.3356,0.90053,0.127,0.56424,-0.1302,0.20863,0.13261,-0.09663,-0.080682,-0.30546,0.042171,0.26248,0.25967,0.11924,0.37784,0.52261,0.02797,0.17374
0.01452,-0.089754,0.069562,-0.10847,1.1468,1.7083,0.17728,1.001,0.10021,0.53911,-0.11709,0.3742,0.034723,-0.36524,-0.12161,-0.33574,0.069894,0.41594,0.4977,0.42429,0.29133,0.34498,-0.028483,0.046387
0.016878,-0.076254,0.081806,-0.095813,0.92474,1.7834,-0.022929,1.1036,0.071489,0.47036,-0.10285,0.50755,-0.091837,-0.70719,-0.15583,-0.30199,0.097335,0.51061,0.69628,0.67129,0.17622,0.14801,-0.090026,-0.11022
0.016866,-0.067997,0.088765,-0.088927,0.62506,1.7645,-0.22344,1.1196,0.04857,0.38247,-0.083197,0.62624,-0.23039,-1.076,-0.17815,-0.24169,0.12565,0.53445,0.84687,0.8259,0.037811,-0.040398,-0.14346,-0.29966
0.013128,-0.065437,0.091521,-0.093221,0.37327,1.6433,-0.39354,1.0071,0.03552,0.32038,-0.057846,0.73172,-0.36373,-1.4357,-0.19123,-0.19723,0.15596,0.50424,0.96071,0.90269,-0.098166,-0.16596,-0.17626,-0.49206
0.0068746,-0.063914,0.092204,-0.1052,0.22725,1.463,-0.51628,0.80112,0.031282,0.32392,-0.029749,0.81005,-0.48681,-1.789,-0.20386,-0.20084,0.18425,0.45761,1.0493,0.95115,-0.19655,-0.19254,-0.18652,-0.65037
0.0012164,-0.05688,0.092768,-0.11461,0.17069,1.2903,-0.58391,0.58957,0.03102,0.39752,-0.0041599,0.84381,-0.60574,-2.1608,-0.22501,-0.2685,0.20142,0.43254,1.1112,1.0225,-0.23406,-0.13424,-0.18501,-0.76005
-0.0012222,-0.040939,0.094174,-0.11236,0.1541,1.1728,-0.59636,0.45699,0.029245,0.49594,0.011743,0.82451,-0.72508,-2.5469,-0.25717,-0.40074,0.19952,0.44302,1.1312,1.1354,-0.21471,-0.048304,-0.18726,-0.83747
-0.00025958,-0.019017,0.096137,-0.097955,0.14167,1.1098,-0.56634,0.43605,0.022898,0.54272,0.0096544,0.75806,-0.83623,-2.8718,-0.29228,-0.58381,0.17865,0.46615,1.0886,1.2602,-0.16735,0.0041471,-0.20235,-0.91364
0.0020867,0.0010844,0.097454,-0.080157,0.12494,1.0539,-0.52273,0.49847,0.012557,0.47736,-0.017205,0.66319,-0.91766,-2.9944,-0.31251,-0.78557,0.1482,0.45322,0.96798,1.3336,-0.12713,-0.0034583,-0.22737,-1.0108
0.0036905,0.012157,0.096857,-0.069876,0.10099,0.94085,-0.50101,0.58373,0.00094895,0.30146,-0.069775,0.56744,-0.94632,-2.7701,-0.29689,-0.949,0.12077,0.36191,0.7683,1.2964,-0.11537,-0.055834,-0.25166,-1.1325
0.0041417,0.013124,0.094067,-0.071102,0.047689,0.72601,-0.52153,0.63881,-0.010237,0.086981,-0.1399,0.50191,-0.91068,-2.1384,-0.23281,-0.99653,0.10381,0.18947,0.51054,1.1343,-0.1324,-0.12165,-0.26631,-1.2733
0.0045771,0.010179,0.090361,-0.077567,-0.070367,0.40908,-0.57154,0.64196,-0.022781,-0.066948,-0.21152,0.4927,-0.81624,-1.1851,-0.12731,-0.85925,0.09561,-0.017307,0.2375,0.89402,-0.16597,-0.18651,-0.27078,-1.4338
0.0059166,0.01228,0.087986,-0.078083,-0.26527,0.037213,-0.60987,0.60228,-0.041287,-0.10187,-0.26715,0.54879,-0.682,-0.13886,-0.010525,-0.52753,0.088758,-0.18423,0.00085248,0.66427,-0.20542,-0.26328,-0.27196,-1.6255
0.0075515,0.024334,0.088568,-0.066068,-0.49319,-0.31124,-0.59673,0.5451,-0.069316,-0.041336,-0.29613,0.65293,-0.5326,0.71064,0.075012,-0.090929,0.07731,-0.25,-0.16306,0.53105,-0.24862,-0.37207,-0.27777,-1.8586
0.0079631,0.043498,0.09162,-0.045166,-0.66223,-0.55539,-0.52829,0.49711,-0.10484,0.02967,-0.29883,0.7655,-0.39062,1.1421,0.096877,0.27583,0.061599,-0.19845,-0.2548,0.53436,-0.29721,-0.5103,-0.29118,-2.1246
0.006571,0.061654,0.094462,-0.026245,-0.68346,-0.64391,-0.44765,0.47699,-0.1386,0.034373,-0.28362,0.84419,-0.27052,1.1153,0.054178,0.39649,0.047063,-0.064264,-0.3132,0.65142,-0.34731,-0.64166,-0.30895,-2.3892
0.0046812,0.07199,0.093913,-0.018471,-0.52889,-0.57818,-0.42015,0.48985,-0.15716,-0.031838,-0.25917,0.86889,-0.17424,0.79612,-0.018321,0.20511,0.038974,0.087392,-0.39089,0.81415,-0.38618,-0.71608,-0.32474,-2.6024
0.0043253,0.074201,0.088676,-0.022067,-0.25148,-0.41353,-0.4895,0.52443,-0.14926,-0.096537,-0.22876,0.85346,-0.09113,0.46423,-0.069882,-0.19415,0.038065,0.19183,-0.51882,0.94722,-0.39924,-0.70518,-0.33327,-2.7193
0.0061283,0.074063,0.080572,-0.028702,0.048126,-0.23369,-0.64739,0.5567,-0.11167,-0.070917,-0.192,0.8342,-0.0052252,0.34973,-0.065939,-0.57664,0.040531,0.21011,-0.68593,1.0024,-0.38105,-0.62409,-0.33256,-2.7163
0.008541,0.077996,0.07349,-0.028785,0.2827,-0.10951,-0.83934,0.56192,-0.051168,0.072233,-0.15199,0.84268,0.09191,0.501,-0.0098763,-0.73384,0.041571,0.14,-0.84958,0.97125,-0.34036,-0.52155,-0.32401,-2.5967
0.0094137,0.087494,0.070621,-0.019261,0.42365,-0.065963,-1.0007,0.52977,0.018163,0.26771,-0.12037,0.88401,0.19154,0.7761,0.062181,-0.60158,0.038814,0.011814,-0.96854,0.87414,-0.29451,-0.44636,-0.31139,-2.3861
0.0083163,0.098109,0.07194,-0.0054923,0.50322,-0.078532,-1.0945,0.47091,0.080505,0.40163,-0.11316,0.93681,0.27058,0.96326,0.10956,-0.28479,0.032725,-0.12809,-1.0319,0.73722,-0.25793,-0.41669,-0.29945,-2.1236
0.00704,0.10352,0.073908,0.0038673,0.58035,-0.099619,-1.1235,0.40826,0.12403,0.39692,-0.13814,0.97339,0.30718,0.9379,0.1159,0.0351,0.024429,-0.2407,-1.0614,0.57431,-0.23453,-0.41525,-0.29198,-1.8522
0.0075568,0.10084,0.071805,0.0042515,0.69899,-0.093838,-1.112,0.36017,0.14462,0.27433,-0.18349,0.98258,0.29768,0.73536,0.09622,0.22911,0.013734,-0.31343,-1.087,0.38356,-0.21936,-0.41176,-0.28948,-1.6043
0.0095315,0.09259,0.063131,-0.0014189,0.86467,-0.055647,-1.0761,0.3307,0.14636,0.14194,-0.21881,0.97769,0.26028,0.49021,0.078762,0.28165,-0.00037349,-0.36168,-1.1184,0.15763,-0.20653,-0.3925,-0.28754,-1.3882
0.010221,0.08406,0.049536,-0.0057606,1.0465,0.0006496,-1.008,0.31643,0.13856,0.12176,-0.21125,0.98618,0.2212,0.30565,0.078738,0.24665,-0.017264,-0.40739,-1.1363,-0.1023,-0.19542,-0.37306,-0.27788,-1.1841
0.0072336,0.078892,0.035729,-0.0033284,1.1957,0.064523,-0.8836,0.32194,0.13023,0.2681,-0.14726,1.0317,0.19463,0.17179,0.086802,0.1578,-0.032954,-0.44757,-1.1101,-0.37964,-0.1898,-0.38491,-0.25265,-0.95771
0.0014754,0.076771,0.026092,0.0052052,1.2681,0.14214,-0.68657,0.36562,0.12454,0.53483,-0.044459,1.1212,0.17379,0.00074974,0.080501,-0.013077,-0.041452,-0.43957,-1.025,-0.64739,-0.1919,-0.44741,-0.20976,-0.68906
-0.00296,0.074849,0.02161,0.014388,1.2421,0.24636,-0.42583,0.46571,0.11697,0.80925,0.056064,1.2421,0.14124,-0.26276,0.046824,-0.31029,-0.038777,-0.32313,-0.89569,-0.88099,-0.19817,-0.54713,-0.15574,-0.39495
-0.0023288,0.071025,0.019563,0.019254,1.1272,0.3744,-0.13571,0.61663,0.099107,0.98266,0.11294,1.3637,0.089168,-0.56396,-0.0044139,-0.71091,-0.026624,-0.071346,-0.75581,-1.0694,-0.20112,-0.63954,-0.10318,-0.12487
0.0030089,0.065864,0.016146,0.019707,0.95909,0.49623,0.14044,0.77862,0.066315,1.0072,0.10777,1.4429,0.031331,-0.76698,-0.047031,-1.0915,-0.012433,0.26593,-0.63408,-1.2163,-0.19565,-0.67204,-0.063838,0.07089
0.008408,0.061619,0.0097172,0.020244,0.78183,0.5673,0.37009,0.89506,0.023427,0.90662,0.053309,1.4342,-0.0044845,-0.7627,-0.057892,-1.2863,-0.0051999,0.56515,-0.53823,-1.3317,-0.18346,-0.6133,-0.0416,0.17742
0.0088746,0.059646,0.0018141,0.025497,0.62615,0.55708,0.5415,0.92721,-0.016467,0.7441,-0.01721,1.3084,0.002524,-0.55621,-0.032591,-1.1938,-0.0098156,0.68677,-0.45888,-1.4201,-0.1713,-0.47163,-0.030273,0.22527
0.0036233,0.058857,-0.0048638,0.03569,0.49736,0.46993,0.65992,0.87874,-0.040218,0.57938,-0.070414,1.075,0.049503,-0.25718,0.014113,-0.84782,-0.024099,0.5534,-0.3868,-1.4761,-0.16478,-0.29273,-0.018109,0.2651
-0.003062,0.056642,-0.0094665,0.046077,0.38273,0.34074,0.73595,0.78894,-0.04378,0.44379,-0.088426,0.78898,0.11131,0.012948,0.060997,-0.39732,-0.040823,0.19543,-0.32558,-1.4902,-0.16337,-0.13864,0.0039527,0.32836
-0.0056396,0.05128,-0.014018,0.050776,0.27268,0.20917,0.77577,0.69993,-0.035026,0.34322,-0.071605,0.52973,0.15814,0.21066,0.094492,-0.018416,-0.05317,-0.2676,-0.28798,-1.4608,-0.16134,-0.059219,0.036132,0.40831
-0.0023878,0.043502,-0.021366,0.047593,0.17732,0.094327,0.77979,0.62538,-0.02779,0.27575,-0.030794,0.35712,0.17473,0.38135,0.11399,0.17543,-0.059409,-0.69514,-0.28075,-1.4003,-0.15338,-0.070275,0.070116,0.47694
0.0029036,0.035757,-0.031979,0.039618,0.12301,-0.009214,0.74861,0.54688,-0.031946,0.2448,0.022092,0.27401,0.16678,0.59282,0.12724,0.16793,-0.063301,-0.99456,-0.2938,-1.3299,-0.13972,-0.14929,0.095437,0.51962
0.0042006,0.029896,-0.042758,0.032416,0.13043,-0.11226,0.69029,0.43947,-0.047399,0.25867,0.078316,0.22499,0.15227,0.85984,0.14236,0.015277,-0.070268,-1.1464,-0.30512,-1.2645,-0.12615,-0.25082,0.10702,0.55262
-0.0014828,0.02551,-0.049209,0.029471,0.19259,-0.20757,0.62252,0.30249,-0.06623,0.32118,0.13132,0.13733,0.14713,1.1261,0.16322,-0.20232,-0.082706,-1.1793,-0.29713,-1.1994,-0.11927,-0.33247,0.10835,0.6053
-0.01146,0.020546,-0.049197,0.029934,0.27179,-0.26518,0.56765,0.16741,-0.080163,0.42398,0.17504,-0.02525,0.15693,1.3095,0.18985,-0.41688,-0.098254,-1.1256,-0.26975,-1.1116,-0.12122,-0.37583,0.10835,0.6832
-0.019612,0.013693,-0.044949,0.03039,0.31826,-0.25349,0.5433,0.075323,-0.086585,0.54711,0.20501,-0.2379,0.17849,1.3602,0.22065,-0.58733,-0.11209,-1.0001,-0.2386,-0.97756,-0.12831,-0.38942,0.11497,0.7482
-0.021368,0.0063304,-0.041532,0.028702,0.29522,-0.16948,0.55428,0.043618,-0.088585,0.66566,0.2213,-0.43912,0.20621,1.2815,0.25324,-0.70382,-0.12097,-0.81511,-0.22097,-0.79821,-0.13395,-0.39346,0.13059,0.73708
-0.017061,0.0020214,-0.043096,0.026281,0.19203,-0.051324,0.59055,0.051251,-0.090384,0.75761,0.22958,-0.58294,0.23597,1.1101,0.28369,-0.7889,-0.12552,-0.60969,-0.22224,-0.6103,-0.13286,-0.39961,0.15226,0.60569
-0.01102,0.0036855,-0.05005,0.026798,0.019753,0.040833,0.63255,0.056034,-0.093222,0.80938,0.23803,-0.67366,0.26431,0.89101,0.30651,-0.8886,-0.12915,-0.45774,-0.23354,-0.47241,-0.12312,-0.4023,0.17532,0.36282
-0.0076305,0.010691,-0.059315,0.032642,-0.20046,0.064344,0.66138,0.029687,-0.095322,0.81895,0.25199,-0.75413,0.28672,0.67768,0.31661,-1.0441,-0.13504,-0.43556,-0.24002,-0.43017,-0.10526,-0.38797,0.1968,0.067091
-0.0080018,0.018396,-0.06709,0.042363,-0.44316,0.023925,0.668,-0.01892,-0.094961,0.79646,0.27039,-0.86006,0.29899,0.54386,0.31194,-1.2536,-0.14375,-0.57005,-0.23021,-0.48356,-0.080431,-0.35268,0.21569,-0.2082
-0.0099487,0.020766,-0.071627,0.051281,-0.67631,-0.031841,0.65651,-0.051858,-0.092764,0.76006,0.28708,-0.98345,0.30087,0.57226,0.29432,-1.452,-0.15337,-0.80861,-0.19858,-0.58137,-0.04958,-0.31082,0.23093,-0.41327
-0.010729,0.014206,-0.073859,0.054658,-0.86084,-0.045434,0.63926,-0.034468,-0.090724,0.72618,0.29574,-1.0789,0.29743,0.80552,0.26756,-1.5359,-0.16104,-1.0389,-0.14162,-0.64961,-0.014192,-0.28621,0.23995,-0.5365
-0.0096537,-0.00012623,-0.075835,0.050748,-0.96152,0.0098153,0.62709,0.035466,-0.089247,0.69771,0.29452,-1.1065,0.29461,1.1921,0.23471,-1.4239,-0.16413,-1.1488,-0.054934,-0.6354,0.023093,-0.2928,0.23963,-0.59204
-0.0082316,-0.017049,-0.078638,0.04149,-0.96606,0.11464,0.6212,0.12586,-0.085662,0.65899,0.28685,-1.071,0.29173,1.5811,0.19716,-1.1145,-0.15994,-1.0851,0.063503,-0.53596,0.05911,-0.32182,0.22912,-0.59764
-0.0081516,-0.030356,-0.081582,0.030708,-0.89719,0.22227,0.61222,0.19641,-0.076125,0.58432,0.27796,-1.0213,0.27776,1.7872,0.15644,-0.69542,-0.14527,-0.8736,0.20548,-0.39476,0.091629,-0.34572,0.2117,-0.56159
-0.0094455,-0.036059,-0.083068,0.021665,-0.80433,0.29261,0.58707,0.22963,-0.059298,0.4568,0.27027,-1.0109,0.2362,1.6873,0.11647,-0.29266,-0.11767,-0.5915,0.34753,-0.27313,0.12008,-0.33349,0.194,-0.48425
-0.010702,-0.0341,-0.082062,0.015839,-0.73691,0.3142,0.53822,0.2409,-0.03833,0.28435,0.26113,-1.0541,0.1559,1.2802,0.083185,0.0037448,-0.078419,-0.31808,0.45489,-0.2219,0.14465,-0.26324,0.18279,-0.36673
-0.010896,-0.028008,-0.078884,0.01335,-0.71678,0.29956,0.46847,0.25987,-0.019204,0.098734,0.2441,-1.1184,0.040018,0.66611,0.06062,0.18168,-0.034848,-0.09834,0.49439,-0.27087,0.16475,-0.12362,0.18167,-0.21694
-0.010686,-0.022881,-0.074825,0.013969,-0.72966,0.2637,0.38765,0.30071,-0.006912,-0.064811,0.2125,-1.1572,-0.093954,-0.028784,0.046314,0.28715,0.0012013,0.063779,0.44962,-0.43202,0.17835,0.08998,0.18931,-0.050277
-0.011678,-0.022595,-0.071189,0.017496,-0.74119,0.20865,0.30468,0.34714,-0.0027621,-0.19349,0.16252,-1.1545,-0.22241,-0.71678,0.030388,0.36463,0.019095,0.18973,0.32978,-0.69967,0.18315,0.37273,0.20007,0.11352
-0.014382,-0.027457,-0.068598,0.023365,-0.72498,0.12818,0.22207,0.36505,-0.0048967,-0.30774,0.094503,-1.142,-0.32517,-1.3521,0.00059354,0.41273,0.015931,0.30631,0.16692,-1.0397,0.17841,0.69889,0.20628,0.25547
-0.017093,-0.033757,-0.066997,0.030252,-0.68156,0.026198,0.13803,0.33171,-0.010976,-0.44567,0.012884,-1.175,-0.38932,-1.8856,-0.049036,0.39513,-0.0010933,0.43242,0.0024311,-1.3805,0.16552,1.0138,0.20146,0.36484
-0.017092,-0.03598,-0.066081,0.036417,-0.63535,-0.071391,0.054176,0.25754,-0.020172,-0.62972,-0.074301,-1.2884,-0.40702,-2.2318,-0.11201,0.29456,-0.018736,0.57315,-0.13023,-1.6262,0.14692,1.2445,0.18327,0.44673
-0.013194,-0.030736,-0.065668,0.040558,-0.61389,-0.1252,-0.018463,0.18291,-0.032667,-0.8396,-0.15615,-1.4665,-0.37297,-2.2979,-0.1711,0.15606,-0.025557,0.71832,-0.21758,-1.6978,0.12422,1.3283,0.15508,0.52331
-0.0072168,-0.019673,-0.065696,0.042335,-0.62643,-0.10557,-0.062169,0.15363,-0.047536,-1.013,-0.22065,-1.65,-0.28714,-2.0611,-0.20797,0.072347,-0.017991,0.8464,-0.26692,-1.5784,0.097512,1.2409,0.12474,0.62255
-0.0028235,-0.0088741,-0.065921,0.042088,-0.6574,-0.010641,-0.063622,0.19489,-0.061569,-1.0766,-0.25797,-1.7679,-0.16117,-1.6221,-0.21445,0.11725,-0.00065873,0.93533,-0.2968,-1.3283,0.066468,1.0032,0.10051,0.75716
-0.0026671,-0.0047234,-0.06563,0.040122,-0.67822,0.13622,-0.025297,0.30237,-0.070543,-0.98858,-0.26389,-1.7715,-0.020855,-1.1684,-0.19668,0.28514,0.018417,0.97475,-0.32423,-1.0536,0.032158,0.66469,0.086411,0.90765
-0.0063127,-0.0092979,-0.063704,0.036468,-0.66707,0.30579,0.032681,0.45364,-0.071904,-0.76271,-0.24148,-1.6471,0.10185,-0.85621,-0.1683,0.49534,0.033395,0.96835,-0.35692,-0.84709,-0.0023222,0.28423,0.080448,1.0247
-0.010699,-0.018952,-0.059147,0.031456,-0.62228,0.48016,0.083268,0.62639,-0.066396,-0.45904,-0.19925,-1.4074,0.18437,-0.6977,-0.1381,0.66476,0.043009,0.92046,-0.39409,-0.74227,-0.033012,-0.07208,0.07758,1.0548
-0.012611,-0.027235,-0.051843,0.026503,-0.56123,0.65161,0.10874,0.80696,-0.057111,-0.14625,-0.14662,-1.0743,0.22515,-0.55203,-0.10278,0.78792,0.04915,0.81758,-0.43241,-0.7106,-0.056951,-0.31844,0.075711,0.97511
-0.011003,-0.029668,-0.043002,0.024035,-0.50756,0.80606,0.1103,0.98392,-0.046962,0.13802,-0.08938,-0.66672,0.24086,-0.23907,-0.052276,0.95069,0.054043,0.62673,-0.47007,-0.69892,-0.073019,-0.34982,0.079508,0.816
-0.0074261,-0.026556,-0.034833,0.026137,-0.4767,0.91105,0.10359,1.1367,-0.036946,0.40287,-0.028173,-0.19968,0.24985,0.31051,0.016392,1.259,0.058599,0.32291,-0.50509,-0.6723,-0.081258,-0.078578,0.097741,0.655
-0.0045757,-0.021968,-0.029472,0.03273,-0.46873,0.92638,0.10402,1.2352,-0.026634,0.68699,0.039281,0.31103,0.2549,0.99163,0.089555,1.7401,0.062499,-0.069205,-0.52997,-0.62865,-0.081917,0.50366,0.13487,0.58419
-0.0044126,-0.02031,-0.027786,0.040865,-0.47127,0.83508,0.11406,1.2554,-0.016084,1.0224,0.1136,0.84387,0.24015,1.6,0.14185,2.3017,0.064872,-0.45578,-0.52927,-0.57886,-0.075744,1.2839,0.18333,0.66761
-0.0071862,-0.02347,-0.028901,0.046107,-0.46808,0.67098,0.12336,1.2032,-0.0071072,1.4052,0.19012,1.3699,0.18541,1.9791,0.15336,2.7862,0.064614,-0.70486,-0.4849,-0.51698,-0.065447,2.0503,0.22395,0.90994
-0.011645,-0.030352,-0.030868,0.045363,-0.44632,0.51676,0.12158,1.1234,-0.0026648,1.7928,0.25896,1.8547,0.086192,2.111,0.1248,3.0745,0.06062,-0.71909,-0.38761,-0.41198,-0.056325,2.5797,0.23678,1.2518
-0.015878,-0.038276,-0.032037,0.039102,-0.39736,0.46586,0.11263,1.0842,-0.0050881,2.1277,0.30908,2.2636,-0.037808,2.0795,0.077236,3.1534,0.052516,-0.50289,-0.24737,-0.23091,-0.054096,2.7415,0.21536,1.594
-0.018217,-0.044663,-0.032157,0.031065,-0.31218,0.56965,0.11696,1.1409,-0.014794,2.3699,0.33411,2.5681,-0.15303,1.9547,0.036278,3.0936,0.041557,-0.17201,-0.094707,0.026822,-0.060511,2.5491,0.17368,1.8397
-0.017984,-0.048032,-0.032385,0.025462,-0.17778,0.80404,0.15801,1.3,-0.030344,2.5139,0.33557,2.75,-0.23265,1.7216,0.014159,2.9661,0.030536,0.10908,0.030156,0.31557,-0.070166,2.1293,0.13877,1.9325
-0.015927,-0.048446,-0.034229,0.023763,0.019308,1.0782,0.24252,1.5099,-0.049195,2.5799,0.32121,2.8026,-0.271,1.3261,0.0046748,2.7766,0.022197,0.22232,0.095428,0.56476,-0.072024,1.639,0.13305,1.8715
-0.013965,-0.047653,-0.03832,0.023696,0.28188,1.2805,0.35115,1.6847,-0.068038,2.5885,0.29892,2.7289,-0.28189,0.7906,-0.0064136,2.4741,0.017306,0.15786,0.093197,0.72008,-0.055878,1.1914,0.15909,1.6977
-0.014079,-0.048635,-0.04398,0.021247,0.59105,1.3351,0.4482,1.7499,-0.082666,2.5428,0.27108,2.5415,-0.2852,0.27006,-0.026729,2.019,0.014212,0.00017736,0.042555,0.77248,-0.019685,0.83791,0.19839,1.4659
-0.016834,-0.054092,-0.049796,0.013984,0.90599,1.2351,0.50411,1.6807,-0.088574,2.4327,0.23404,2.2672,-0.29435,-0.027285,-0.052114,1.4435,0.010489,-0.14697,-0.022191,0.75329,0.027607,0.59809,0.22512,1.2243
-0.020675,-0.064395,-0.054483,0.0029487,1.1779,1.0385,0.51275,1.5109,-0.083243,2.2596,0.18388,1.9489,-0.31357,-0.0023843,-0.074138,0.84804,0.0052082,-0.23714,-0.071374,0.70216,0.070073,0.49138,0.2241,1.0138
-0.022822,-0.076522,-0.057176,-0.0081983,1.3712,0.83092,0.49003,1.3071,-0.069186,2.0568,0.12387,1.6386,-0.34304,0.23684,-0.090861,0.33861,-0.00032108,-0.30176,-0.095051,0.63558,0.092974,0.53301,0.19931,0.87669
-0.021309,-0.085286,-0.057076,-0.015786,1.4766,0.67836,0.45572,1.1256,-0.055039,1.8831,0.066957,1.3773,-0.38307,0.44492,-0.10904,-0.03415,-0.0039422,-0.40378,-0.10313,0.54092,0.089592,0.69786,0.16748,0.85083
-0.016621,-0.086391,-0.053249,-0.01828,1.5086,0.59472,0.41555,0.97903,-0.052416,1.7872,0.030063,1.1762,-0.43176,0.43152,-0.13559,-0.28326,-0.0046831,-0.56626,-0.11081,0.39734,0.062841,0.89423,0.14361,0.94258
-0.011543,-0.079192,-0.045205,-0.016648,1.4894,0.54011,0.35952,0.83226,-0.069143,1.7707,0.023845,1.0157,-0.47948,0.21612,-0.16758,-0.44141,-0.0033736,-0.73546,-0.12111,0.20261,0.021878,0.98598,0.13076,1.0981
-0.0092107,-0.067072,-0.033858,-0.013283,1.4343,0.44862,0.27681,0.63012,-0.10298,1.7801,0.045848,0.86996,-0.50814,0.0083972,-0.19175,-0.51507,-0.0013662,-0.80848,-0.11929,-0.018003,-0.022947,0.86092,0.12147,1.2085
-0.010878,-0.055141,-0.021634,-0.010623,1.3488,0.26954,0.1719,0.33672,-0.14077,1.7394,0.082412,0.73915,-0.49953,0.027667,-0.19526,-0.484,0.0011539,-0.70432,-0.085177,-0.22623,-0.06373,0.50146,0.10759,1.1637
-0.015117,-0.047068,-0.011059,-0.010164,1.2383,-0.0016728,0.064874,-0.038515,-0.165,1.6014,0.11752,0.65995,-0.44764,0.3162,-0.17785,-0.34394,0.0054548,-0.42529,-0.01437,-0.39331,-0.09633,0.0071384,0.088724,0.92726
-0.018997,-0.043325,-0.0028111,-0.011902,1.1183,-0.32029,-0.025026,-0.44393,-0.16419,1.3781,0.14129,0.6799,-0.36455,0.70648,-0.15377,-0.14413,0.012876,-0.064661,0.069497,-0.50992,-0.12021,-0.44845,0.072167,0.57737
-0.02023,-0.041848,0.0048043,-0.014303,1.0155,-0.6173,-0.096644,-0.8133,-0.1403,1.1281,0.15204,0.81254,-0.2733,0.96598,-0.1409,0.026053,0.023216,0.24301,0.12386,-0.57688,-0.13754,-0.6992,0.065623,0.2738
-0.018659,-0.04025,0.014014,-0.015255,0.95664,-0.83526,-0.16667,-1.0971,-0.10726,0.91308,0.15199,1.0121,-0.19238,0.98833,-0.14634,0.096824,0.034434,0.3939,0.11317,-0.5892,-0.15161,-0.65793,0.069943,0.16443
-0.016129,-0.037851,0.02471,-0.013942,0.9552,-0.95173,-0.25001,-1.2769,-0.081336,0.75798,0.14239,1.1943,-0.1243,0.86529,-0.16093,0.071838,0.043794,0.36371,0.032728,-0.5319,-0.16479,-0.34304,0.078012,0.29263
-0.015076,-0.036267,0.033309,-0.012402,1.0059,-0.97815,-0.33798,-1.3585,-0.070102,0.64359,0.12285,1.2918,-0.058455,0.78584,-0.16733,0.024601,0.049222,0.2085,-0.0881,-0.394,-0.17717,0.14215,0.079815,0.56966
-0.016935,-0.038371,0.034921,-0.014998,1.0896,-0.94134,-0.39557,-1.3563,-0.068132,0.53052,0.094555,1.2993,0.01394,0.86234,-0.15437,0.036743,0.049747,0.026223,-0.2057,-0.18832,-0.18714,0.65544,0.068801,0.83034
-0.021344,-0.046301,0.027452,-0.025398,1.1833,-0.86601,-0.38282,-1.2873,-0.062624,0.39142,0.062497,1.2722,0.086666,1.0397,-0.12551,0.13089,0.04514,-0.092147,-0.28916,0.042918,-0.19323,1.0629,0.044847,0.93117
-0.026412,-0.059523,0.014226,-0.043101,1.266,-0.77194,-0.28408,-1.1781,-0.04405,0.22669,0.033136,1.2774,0.14055,1.1583,-0.094844,0.25662,0.035681,-0.094658,-0.3333,0.24601,-0.19533,1.2747,0.013112,0.82354
-0.029697,-0.073978,0.0025769,-0.062559,1.3193,-0.68329,-0.12113,-1.0734,-0.013093,0.058347,0.0092377,1.3387,0.16043,1.1015,-0.075302,0.34014,0.022573,0.025173,-0.34956,0.38628,-0.19331,1.2657,-0.018826,0.55998
-0.029405,-0.08313,-0.00082379,-0.076224,1.326,-0.63485,0.05976,-1.0304,0.021511,-0.08655,-0.012564,1.4192,0.1516,0.88933,-0.069617,0.35152,0.0083842,0.23902,-0.34608,0.46766,-0.18436,1.0801,-0.043366,0.24285
-0.025338,-0.08102,0.0056152,-0.079527,1.2736,-0.66258,0.21566,-1.093,0.051693,-0.1888,-0.037945,1.4547,0.13857,0.64305,-0.071006,0.32904,-0.0035036,0.4978,-0.31719,0.52485,-0.16241,0.81328,-0.054758,-0.036939
-0.01919,-0.066119,0.01767,-0.074012,1.1638,-0.78059,0.32729,-1.2629,0.077275,-0.2424,-0.067591,1.4051,0.1444,0.46736,-0.07151,0.34123,-0.01055,0.74237,-0.25264,0.59229,-0.12187,0.57372,-0.051245,-0.22857
-0.01384,-0.043525,0.028659,-0.066161,1.0176,-0.96121,0.39842,-1.4884,0.10531,-0.25627,-0.093483,1.2835,0.16831,0.36524,-0.069687,0.42308,-0.012674,0.9137,-0.15771,0.67338,-0.06388,0.43857,-0.036774,-0.30977
-0.011739,-0.023224,0.034094,-0.062857,0.87103,-1.1365,0.43976,-1.6822,0.14247,-0.25467,-0.10367,1.1398,0.18301,0.25817,-0.071146,0.54382,-0.012392,0.9674,-0.063624,0.73398,0.00044689,0.42619,-0.020135,-0.26222
-0.013233,-0.014395,0.034081,-0.066889,0.75882,-1.2267,0.45413,-1.7607,0.18759,-0.27276,-0.092984,1.0184,0.15703,0.079765,-0.082528,0.63141,-0.013135,0.89122,-0.01523,0.72641,0.053902,0.50132,-0.010533,-0.065775
-0.016053,-0.019035,0.032085,-0.075532,0.69626,-1.1811,0.43515,-1.6822,0.23114,-0.34354,-0.071207,0.92651,0.083503,-0.15336,-0.10507,0.62776,-0.016912,0.71497,-0.042842,0.62654,0.082595,0.60679,-0.011919,0.28075
-0.016669,-0.029775,0.031644,-0.082793,0.6726,-1.0077,0.37698,-1.4632,0.26191,-0.48073,-0.06097,0.83542,-0.010884,-0.35818,-0.13334,0.52561,-0.022994,0.50164,-0.14055,0.45622,0.084222,0.69739,-0.020501,0.73351
-0.012763,-0.034442,0.033883,-0.083486,0.66167,-0.77053,0.2838,-1.1674,0.27481,-0.6695,-0.085508,0.70905,-0.085966,-0.46579,-0.15933,0.36188,-0.028458,0.31891,-0.26961,0.27372,0.068666,0.75276,-0.027807,1.2015
-0.0050134,-0.02482,0.037478,-0.07648,0.64263,-0.55519,0.16995,-0.87497,0.27309,-0.87432,-0.15449,0.53263,-0.12017,-0.48447,-0.17772,0.18476,-0.030084,0.20508,-0.38552,0.13843,0.05032,0.76703,-0.027025,1.5787
0.0033078,-0.0030297,0.040484,-0.065315,0.61604,-0.42342,0.052549,-0.64927,0.26367,-1.0601,-0.25797,0.31898,-0.12569,-0.48817,-0.18795,0.030159,-0.026267,0.15058,-0.46728,0.074546,0.03818,0.73291,-0.017351,1.7924
0.0086936,0.019894,0.042178,-0.055989,0.60431,-0.38502,-0.055217,-0.51724,0.25058,-1.212,-0.37241,0.09195,-0.13307,-0.54872,-0.19227,-0.077303,-0.017816,0.1079,-0.52513,0.05836,0.031417,0.64019,-0.0029481,1.8351
0.0098287,0.032547,0.043517,-0.053222,0.63671,-0.40477,-0.14464,-0.46992,0.23258,-1.3395,-0.47368,-0.13496,-0.16001,-0.68068,-0.19237,-0.11719,-0.0073456,0.023719,-0.58049,0.036586,0.023341,0.49014,0.011808,1.7606
0.0081595,0.03203,0.046193,-0.057408,0.72967,-0.43741,-0.2081,-0.47978,0.20675,-1.4635,-0.54728,-0.36488,-0.19338,-0.84804,-0.18764,-0.084719,0.0022757,-0.12858,-0.63605,-0.038109,0.00966,0.30814,0.0258,1.6472
0.0063355,0.025768,0.051235,-0.064287,0.87362,-0.46433,-0.23826,-0.52274,0.17392,-1.5968,-0.58983,-0.6035,-0.20128,-1.0165,-0.17589,-0.017201,0.0094714,-0.33736,-0.66289,-0.17799,-0.0063433,0.1363,0.040032,1.5557
0.0060852,0.024818,0.058177,-0.067744,1.0319,-0.50553,-0.23278,-0.5912,0.14051,-1.7333,-0.60327,-0.83731,-0.16331,-1.1913,-0.1552,-0.0013513,0.014627,-0.56786,-0.61864,-0.35488,-0.016023,0.0069826,0.053458,1.5056
0.007362,0.034539,0.065252,-0.06399,1.1507,-0.59924,-0.20087,-0.69095,0.11507,-1.8507,-0.58931,-1.0243,-0.090679,-1.4007,-0.12567,-0.13346,0.019457,-0.79074,-0.48431,-0.5198,-0.012772,-0.080957,0.060517,1.4801
0.0091693,0.050626,0.070447,-0.054066,1.175,-0.76585,-0.1641,-0.82593,0.10259,-1.922,-0.54931,-1.109,-0.017708,-1.6431,-0.090132,-0.44925,0.025417,-1.0022,-0.2905,-0.63406,0.0018822,-0.161,0.053378,1.4481
0.010858,0.063569,0.072775,-0.042733,1.0681,-0.98378,-0.14778,-0.98371,0.10199,-1.926,-0.48861,-1.0561,0.026531,-1.8561,-0.054018,-0.87991,0.032241,-1.2229,-0.11035,-0.6932,0.018612,-0.27122,0.027202,1.3857
0.01251,0.067138,0.072937,-0.034614,0.82747,-1.1951,-0.16653,-1.1337,0.10836,-1.8528,-0.41902,-0.88126,0.040002,-1.9448,-0.024117,-1.281,0.037759,-1.4775,-0.021116,-0.73031,0.026713,-0.42209,-0.016256,1.2864
0.01428,0.06332,0.072802,-0.030752,0.49025,-1.3372,-0.21355,-1.2407,0.11741,-1.7061,-0.35492,-0.65492,0.043886,-1.8496,-0.0061212,-1.5212,0.0394,-1.7725,-0.060584,-0.79653,0.021338,-0.58646,-0.069689,1.1581
0.015792,0.059853,0.073965,-0.028373,0.1222,-1.3789,-0.26231,-1.2839,0.12784,-1.5028,-0.30508,-0.47119,0.058956,-1.5943,-0.0016275,-1.5646,0.036457,-2.0848,-0.20807,-0.92901,0.0060031,-0.71875,-0.12459,1.0152
0.016488,0.06325,0.076421,-0.023854,-0.20711,-1.3377,-0.28193,-1.2672,0.13975,-1.2706,-0.2678,-0.39766,0.085755,-1.2742,-0.0065026,-1.4789,0.031359,-2.369,-0.40123,-1.1246,-0.011099,-0.78614,-0.17486,0.87245
0.016549,0.073721,0.078467,-0.016165,-0.45099,-1.2672,-0.25767,-1.2132,0.15131,-1.0417,-0.23447,-0.43817,0.10675,-0.99459,-0.012448,-1.3684,0.028621,-2.574,-0.57414,-1.3359,-0.023466,-0.78611,-0.21712,0.7415
0.017169,0.085871,0.078028,-0.0078178,-0.59916,-1.2233,-0.20295,-1.1427,0.1577,-0.84212,-0.19935,-0.5351,0.10638,-0.81297,-0.011531,-1.2898,0.031786,-2.6595,-0.68917,-1.4942,-0.030186,-0.73956,-0.24868,0.6301
0.019545,0.0936,0.074347,-0.0026887,-0.67222,-1.229,-0.1533,-1.0547,0.15374,-0.68277,-0.1665,-0.61165,0.088042,-0.72567,-0.00084739,-1.2243,0.040418,-2.6038,-0.74346,-1.5483,-0.034796,-0.67097,-0.26623,0.54138
0.023446,0.09445,0.068644,-0.00272,-0.70399,-1.2568,-0.14566,-0.91966,0.13815,-0.55896,-0.14673,-0.62511,0.071271,-0.69857,0.016165,-1.1216,0.049523,-2.4063,-0.75186,-1.4949,-0.040834,-0.59571,-0.26706,0.47402
0.026873,0.090124,0.063198,-0.0062604,-0.72503,-1.2406,-0.19753,-0.6929,0.11534,-0.45873,-0.14652,-0.59374,0.072474,-0.70458,0.032829,-0.96676,0.052219,-2.0912,-0.72463,-1.382,-0.048239,-0.52342,-0.25148,0.42407
0.02743,0.083891,0.059642,-0.0092393,-0.75538,-1.1091,-0.30137,-0.3431,0.092734,-0.37478,-0.15932,-0.5793,0.088484,-0.7352,0.044229,-0.80803,0.04397,-1.7132,-0.65862,-1.2807,-0.053464,-0.4679,-0.22377,0.38779
0.024333,0.077882,0.057871,-0.0081072,-0.80398,-0.82522,-0.43668,0.12081,0.075426,-0.31119,-0.16859,-0.64077,0.099208,-0.78527,0.05006,-0.72024,0.025379,-1.3574,-0.54661,-1.2459,-0.052773,-0.44833,-0.19048,0.36415
0.019212,0.072426,0.056298,-0.0022997,-0.86856,-0.40715,-0.58681,0.64093,0.062266,-0.28113,-0.16189,-0.79581,0.087101,-0.83507,0.053406,-0.74295,0.0015054,-1.1205,-0.39414,-1.2876,-0.045676,-0.47773,-0.1575,0.35495
0.014888,0.06704,0.053107,0.0054719,-0.93491,0.079281,-0.74364,1.1289,0.046497,-0.29879,-0.14409,-1.0173,0.055465,-0.85036,0.057357,-0.84886,-0.02158,-1.0699,-0.22826,-1.3709,-0.035737,-0.55091,-0.12842,0.3622
0.013109,0.061493,0.047489,0.011218,-0.98188,0.55234,-0.89588,1.5039,0.020394,-0.372,-0.1372,-1.2627,0.028827,-0.79835,0.063145,-0.96667,-0.040202,-1.1983,-0.089297,-1.4373,-0.028397,-0.64642,-0.10527,0.38379
0.01324,0.056003,0.040082,0.012545,-0.99644,0.95003,-1.015,1.7284,-0.019526,-0.49989,-0.1651,-1.5085,0.034953,-0.66305,0.071344,-1.0333,-0.053954,-1.4048,-0.010139,-1.4325,-0.027757,-0.74334,-0.089993,0.40985
0.013013,0.050953,0.032503,0.010383,-0.99157,1.2486,-1.0575,1.8186,-0.070255,-0.67407,-0.23476,-1.76,0.083893,-0.44953,0.084049,-1.0301,-0.063922,-1.5273,0.0035617,-1.3231,-0.034605,-0.83716,-0.084547,0.42248
0.010637,0.046731,0.026336,0.008247,-1.0106,1.4569,-0.98868,1.8252,-0.12408,-0.87985,-0.32935,-2.0322,0.16096,-0.18164,0.10455,-0.97973,-0.070437,-1.4179,-0.021496,-1.1004,-0.046545,-0.9377,-0.088816,0.40057
0.0063666,0.043691,0.022178,0.0094155,-1.1065,1.5984,-0.80975,1.7981,-0.17249,-1.0959,-0.41883,-2.3221,0.2377,0.098569,0.1338,-0.91866,-0.072565,-1.0246,-0.040971,-0.77886,-0.05947,-1.0489,-0.098492,0.32991
0.0022207,0.041799,0.01926,0.014116,-1.3058,1.6983,-0.56436,1.7655,-0.20925,-1.295,-0.47934,-2.5984,0.2905,0.33239,0.16688,-0.87383,-0.069543,-0.42836,-0.020071,-0.39469,-0.069076,-1.1486,-0.10552,0.2159
0.00022484,0.040113,0.015976,0.019076,-1.5816,1.7832,-0.31542,1.7381,-0.23104,-1.4479,-0.50595,-2.8189,0.31218,0.45878,0.19385,-0.8595,-0.062342,0.19109,0.043473,-0.0029573,-0.07179,-1.1905,-0.10181,0.092067
0.00082589,0.03688,0.011084,0.020058,-1.8608,1.8856,-0.1088,1.731,-0.23632,-1.5312,-0.51031,-2.9598,0.31063,0.44536,0.20556,-0.88389,-0.053588,0.64446,0.11688,0.33359,-0.065383,-1.1298,-0.083926,0.015784
0.0028459,0.030686,0.0047425,0.015437,-2.0618,2.0377,0.047496,1.7737,-0.22455,-1.5348,-0.50785,-3.0315,0.29966,0.31899,0.20033,-0.94824,-0.04588,0.82591,0.15418,0.56655,-0.049713,-0.95579,-0.055303,0.045282
0.0048366,0.021878,-0.0015144,0.0077389,-2.1373,2.2518,0.17339,1.8937,-0.1969,-1.466,-0.50682,-3.0657,0.29117,0.16757,0.18593,-1.0358,-0.040214,0.75678,0.12903,0.6842,-0.027438,-0.70499,-0.024262,0.20387
0.0064101,0.012786,-0.0059851,0.0016829,-2.087,2.5008,0.28774,2.0853,-0.15769,-1.3504,-0.50732,-3.0853,0.29321,0.099564,0.17493,-1.1053,-0.036032,0.55799,0.054851,0.71798,-0.0038577,-0.44339,0.0007896,0.45119
0.0082335,0.0061058,-0.0081958,0.0003729,-1.9359,2.7229,0.38751,2.2931,-0.11463,-1.2293,-0.50805,-3.0831,0.31056,0.18108,0.17689,-1.1042,-0.032621,0.3737,-0.023603,0.7247,0.014822,-0.23089,0.015661,0.68628
0.010752,0.0026881,-0.0091795,0.0030699,-1.6999,2.8518,0.45286,2.4345,-0.076669,-1.1527,-0.51175,-3.0283,0.34319,0.39209,0.19305,-0.99733,-0.030229,0.29652,-0.062266,0.75332,0.02448,-0.09215,0.021674,0.79263
0.013029,0.00088705,-0.010321,0.006579,-1.3752,2.8569,0.471,2.4477,-0.050388,-1.165,-0.52345,-2.8974,0.38204,0.63405,0.21665,-0.79009,-0.029716,0.33716,-0.049048,0.81807,0.025715,-0.012491,0.023757,0.70511
0.01307,-0.0016348,-0.011905,0.0088685,-0.96244,2.7617,0.4545,2.3328,-0.037259,-1.2837,-0.54392,-2.7057,0.40731,0.78444,0.23739,-0.52738,-0.031246,0.44716,-0.010035,0.89629,0.024105,0.04221,0.027053,0.45525
0.0095922,-0.0051826,-0.012914,0.011343,-0.50114,2.6262,0.43609,2.1507,-0.033734,-1.4846,-0.56594,-2.5117,0.39396,0.76116,0.24615,-0.26976,-0.033551,0.5673,0.013667,0.95111,0.027256,0.098347,0.033972,0.15769
0.0036969,-0.0071891,-0.012462,0.017403,-0.076779,2.5074,0.4443,1.9817,-0.034016,-1.7041,-0.57802,-2.3894,0.32332,0.55591,0.23756,-0.067592,-0.034652,0.66376,-0.0013784,0.96083,0.039998,0.15893,0.042901,-0.060087
-0.0012674,-0.0045695,-0.011483,0.028502,0.21714,2.427,0.48182,1.8741,-0.033525,-1.8686,-0.57278,-2.385,0.19395,0.22371,0.21108,0.047763,-0.033307,0.73207,-0.045783,0.93286,0.06084,0.20728,0.049035,-0.13837
-0.0018832,0.0025543,-0.012855,0.041518,0.33671,2.369,0.52527,1.8208,-0.030838,-1.9347,-0.55284,-2.4914,0.024684,-0.15169,0.1718,0.056293,-0.029677,0.77861,-0.090813,0.8936,0.082357,0.22385,0.047311,-0.11758
0.0027355,0.0093906,-0.01944,0.050261,0.3186,2.3018,0.54514,1.7766,-0.027321,-1.9132,-0.52934,-2.655,-0.15158,-0.48544,0.13098,-0.055918,-0.024634,0.8037,-0.11656,0.86494,0.095658,0.20279,0.036498,-0.097939
0.010087,0.0093303,-0.0316,0.050221,0.256,2.2032,0.52762,1.6961,-0.025396,-1.8578,-0.51495,-2.8099,-0.29927,-0.69945,0.10391,-0.28435,-0.018643,0.80173,-0.12877,0.84739,0.096054,0.15755,0.022122,-0.15852
0.015994,-0.00071467,-0.046386,0.042507,0.23608,2.0684,0.48025,1.5619,-0.027025,-1.8224,-0.51703,-2.9108,-0.39085,-0.72372,0.10378,-0.58365,-0.011613,0.7722,-0.14944,0.82307,0.086035,0.11406,0.015445,-0.29919
0.017561,-0.017007,-0.059263,0.033363,0.28612,1.9015,0.41955,1.3841,-0.03331,-1.8195,-0.53574,-2.943,-0.41394,-0.5121,0.13385,-0.86213,-0.0039516,0.72518,-0.19008,0.77426,0.073597,0.098021,0.027626,-0.44925
0.014997,-0.031004,-0.066994,0.029363,0.36749,1.7043,0.3545,1.181,-0.044837,-1.8127,-0.56679,-2.9084,-0.37466,-0.075019,0.1833,-1.0131,0.0025059,0.67292,-0.23182,0.70095,0.067347,0.12469,0.062058,-0.53099
0.010939,-0.035552,-0.069303,0.0322,0.41588,1.4761,0.28135,0.96204,-0.061948,-1.75,-0.60521,-2.805,-0.29703,0.49552,0.23103,-0.9723,0.0051735,0.61614,-0.23082,0.6222,0.072006,0.19548,0.11044,-0.52296
0.0080584,-0.030326,-0.068138,0.037489,0.39088,1.2224,0.19279,0.73122,-0.084609,-1.6141,-0.64709,-2.6213,-0.21669,1.0394,0.25636,-0.76187,0.0028833,0.54074,-0.14601,0.56053,0.087167,0.30021,0.1565,-0.47179
0.0071225,-0.02188,-0.065521,0.038663,0.29617,0.96299,0.090962,0.50202,-0.11231,-1.4502,-0.68908,-2.3491,-0.16814,1.3878,0.25,-0.48339,-0.0024056,0.43069,0.031352,0.52218,0.1093,0.42143,0.18576,-0.44755
0.0070789,-0.018087,-0.062173,0.032747,0.1622,0.72788,-0.0083952,0.30661,-0.14446,-1.3483,-0.72733,-2.0023,-0.16932,1.4379,0.21758,-0.26013,-0.0063945,0.28641,0.26761,0.48898,0.13455,0.53904,0.19433,-0.48449
0.0067155,-0.021588,-0.058076,0.023177,0.015397,0.54416,-0.083601,0.18412,-0.18084,-1.3906,-0.75722,-1.6226,-0.21186,1.199,0.17361,-0.16882,-0.0056778,0.13208,0.50217,0.42726,0.15998,0.63567,0.19013,-0.5571
0.0060751,-0.027778,-0.054033,0.017317,-0.13561,0.42317,-0.11878,0.15433,-0.22128,-1.5968,-0.77352,-1.2626,-0.26425,0.77926,0.1306,-0.21068,-0.00091463,0.0052796,0.67682,0.30575,0.18287,0.70267,0.18553,-0.60735
0.0062421,-0.029075,-0.052181,0.020729,-0.28819,0.35705,-0.1098,0.19829,-0.26427,-1.9053,-0.77062,-0.96119,-0.28827,0.3252,0.091561,-0.33779,0.0029933,-0.062194,0.76018,0.10868,0.19987,0.74354,0.18747,-0.59554
0.0078699,-0.021797,-0.054549,0.032879,-0.42588,0.32527,-0.061725,0.26454,-0.30572,-2.2002,-0.74327,-0.72835,-0.25935,-0.044837,0.050894,-0.5036,0.00033936,-0.057067,0.75523,-0.16239,0.20749,0.7702,0.193,-0.53113
0.010077,-0.0096798,-0.060941,0.047625,-0.51409,0.30551,0.016839,0.29975,-0.3395,-2.3694,-0.68879,-0.55238,-0.17872,-0.27606,0.0014559,-0.68835,-0.0109,0.015684,0.68978,-0.4936,0.20401,0.79226,0.19324,-0.46185
0.010903,-0.00096332,-0.068516,0.057815,-0.51711,0.28233,0.11646,0.28232,-0.36029,-2.3613,-0.61002,-0.4219,-0.070336,-0.3706,-0.058755,-0.87973,-0.027267,0.14015,0.59882,-0.86135,0.19093,0.8061,0.18145,-0.43571
0.0089381,-0.0015309,-0.073949,0.060118,-0.42077,0.25142,0.22612,0.23439,-0.3668,-2.2054,-0.5167,-0.3424,0.034286,-0.35915,-0.12539,-1.038,-0.042382,0.29395,0.50888,-1.2294,0.17268,0.79351,0.15822,-0.46921
0.0046126,-0.010009,-0.076396,0.056432,-0.23985,0.21978,0.33346,0.20402,-0.36254,-1.9886,-0.42249,-0.33085,0.11285,-0.27964,-0.19147,-1.095,-0.051814,0.44813,0.4306,-1.5476,0.1545,0.73334,0.12972,-0.54394
2.6819e-005,-0.018989,-0.078297,0.051345,-0.0053258,0.20193,0.42842,0.23139,-0.35301,-1.7983,-0.33859,-0.39065,0.16115,-0.17592,-0.25148,-1.0032,-0.056174,0.57059,0.36044,-1.7606,0.14011,0.61821,0.10177,-0.62677
-0.002476,-0.021234,-0.082854,0.048282,0.25416,0.21174,0.50712,0.32317,-0.3412,-1.6686,-0.26806,-0.48751,0.19108,-0.10612,-0.30214,-0.79616,-0.05974,0.64033,0.28853,-1.8282,0.13057,0.46216,0.075723,-0.69213
-0.0017941,-0.015543,-0.090359,0.047545,0.51833,0.25132,0.57022,0.45044,-0.32495,-1.5611,-0.20573,-0.54981,0.22188,-0.13972,-0.34081,-0.59539,-0.065814,0.66653,0.20773,-1.7422,0.12417,0.29142,0.049474,-0.73014
0.0013989,-0.0074577,-0.097074,0.047332,0.7651,0.30302,0.61545,0.56727,-0.29837,-1.3948,-0.14438,-0.50029,0.27082,-0.33251,-0.36494,-0.53852,-0.072859,0.69466,0.11877,-1.5291,0.11704,0.12468,0.021994,-0.74141
0.0051859,-0.004529,-0.098234,0.046159,0.95935,0.33226,0.63217,0.63416,-0.25614,-1.1052,-0.082755,-0.30135,0.34712,-0.69084,-0.3741,-0.67531,-0.074903,0.78466,0.028512,-1.2331,0.10375,-0.04065,-0.0035423,-0.73081
0.0074504,-0.010333,-0.092698,0.044261,1.0587,0.30311,0.60592,0.63136,-0.19757,-0.69291,-0.028643,0.017058,0.44922,-1.1508,-0.3721,-0.9163,-0.066087,0.96716,-0.056842,-0.89515,0.078376,-0.22387,-0.021137,-0.70862
0.0068509,-0.022077,-0.084794,0.042874,1.0381,0.19879,0.53205,0.55807,-0.12771,-0.22871,0.005763,0.36872,0.56364,-1.5923,-0.36533,-1.0848,-0.045723,1.2061,-0.1379,-0.544,0.036326,-0.44121,-0.026527,-0.69522
0.0034175,-0.033291,-0.081173,0.042394,0.91476,0.032782,0.42611,0.42389,-0.055427,0.18987,0.012919,0.65688,0.66516,-1.8864,-0.3575,-1.0395,-0.019768,1.4002,-0.22118,-0.20621,-0.023577,-0.68734,-0.020749,-0.71999
-0.0013954,-0.03897,-0.085189,0.041383,0.74788,-0.15883,0.31818,0.24123,0.0098608,0.49889,-0.0037326,0.82505,0.72048,-1.9511,-0.34558,-0.7751,0.0025149,1.4321,-0.31023,0.08038,-0.097819,-0.93361,-0.0096171,-0.81031
-0.0053268,-0.038972,-0.093887,0.037519,0.6081,-0.33961,0.23218,0.022923,0.060986,0.70246,-0.031051,0.88029,0.69805,-1.7848,-0.322,-0.42317,0.014235,1.2397,-0.39507,0.26892,-0.17851,-1.1439,0.00028556,-0.9774
-0.0064801,-0.037447,-0.10044,0.029745,0.53514,-0.49379,0.16688,-0.2165,0.094666,0.85745,-0.053875,0.87595,0.58366,-1.4613,-0.28268,-0.15725,0.014862,0.86105,-0.45031,0.328,-0.25491,-1.2942,0.0056775,-1.2089
-0.0044885,-0.03932,-0.099854,0.019683,0.51543,-0.63075,0.097069,-0.45994,0.11185,1.0224,-0.06305,0.86974,0.39476,-1.0922,-0.23398,-0.079874,0.010017,0.41985,-0.44738,0.27122,-0.31508,-1.3792,0.0075473,-1.4718
-0.0009065,-0.046857,-0.09278,0.010803,0.4966,-0.77139,-0.003371,-0.69006,0.11666,1.2101,-0.058183,0.88827,0.18201,-0.7812,-0.19133,-0.17716,0.0076357,0.058517,-0.37527,0.16402,-0.34734,-1.4033,0.0086627,-1.7219
0.0015661,-0.058703,-0.08418,0.0057344,0.42703,-0.929,-0.13576,-0.89456,0.11415,1.3792,-0.044359,0.92075,0.010758,-0.5915,-0.16939,-0.36297,0.013246,-0.13748,-0.25515,0.094085,-0.34225,-1.3661,0.010027,-1.9119
0.00065184,-0.071537,-0.078498,0.0038411,0.28951,-1.101,-0.27235,-1.0721,0.10775,1.4673,-0.026703,0.94055,-0.071985,-0.53545,-0.17149,-0.55971,0.027136,-0.1746,-0.13589,0.12044,-0.29596,-1.2598,0.0092228,-1.9992
-0.0040857,-0.082572,-0.076065,0.0013413,0.10475,-1.2772,-0.37962,-1.2352,0.098246,1.4369,-0.0074144,0.93373,-0.065423,-0.58171,-0.18711,-0.74068,0.04454,-0.12879,-0.070321,0.23599,-0.21445,-1.0812,0.0017419,-1.9558
-0.01085,-0.090888,-0.073841,-0.0056661,-0.094012,-1.4554,-0.44977,-1.4071,0.085231,1.2993,0.013235,0.91225,-0.01616,-0.66943,-0.1998,-0.90499,0.058192,-0.090907,-0.086683,0.37063,-0.11539,-0.85054,-0.016086,-1.7813
-0.01651,-0.096869,-0.069142,-0.01748,-0.29168,-1.6483,-0.51182,-1.612,0.069851,1.1027,0.034133,0.90488,0.012126,-0.72544,-0.19833,-1.0244,0.061632,-0.12223,-0.17416,0.43375,-0.024722,-0.61635,-0.045034,-1.5093
-0.018328,-0.1007,-0.062329,-0.029613,-0.50195,-1.8738,-0.61035,-1.8607,0.056239,0.89924,0.051922,0.93706,-0.018986,-0.68527,-0.18234,-1.0275,0.05179,-0.24299,-0.29131,0.36737,0.032563,-0.44025,-0.083184,-1.1996
-0.015567,-0.10152,-0.055937,-0.035635,-0.75135,-2.136,-0.76814,-2.14,0.049889,0.71916,0.062277,1.0162,-0.09969,-0.51705,-0.15901,-0.84781,0.030055,-0.44305,-0.38999,0.17694,0.043082,-0.3678,-0.12763,-0.91352
-0.010038,-0.098098,-0.051608,-0.032161,-1.0507,-2.4112,-0.96385,-2.4118,0.054016,0.56871,0.062672,1.1313,-0.18616,-0.23752,-0.13559,-0.4973,0.0017068,-0.68966,-0.43786,-0.075069,0.010764,-0.4061,-0.17569,-0.69125
-0.0051301,-0.090447,-0.048326,-0.021984,-1.375,-2.6514,-1.1436,-2.6261,0.067044,0.4441,0.054502,1.2639,-0.23973,0.09355,-0.1151,-0.092704,-0.025897,-0.92388,-0.42675,-0.30289,-0.046448,-0.52344,-0.22423,-0.54617
-0.0037381,-0.080792,-0.043747,-0.012503,-1.6654,-2.8057,-1.2573,-2.7417,0.08359,0.34437,0.043136,1.3973,-0.25801,0.40379,-0.097731,0.20092,-0.04577,-1.0637,-0.36712,-0.43631,-0.10681,-0.67029,-0.26809,-0.47967
-0.0063609,-0.072737,-0.03701,-0.010432,-1.8501,-2.8445,-1.2915,-2.7442,0.098208,0.27159,0.035745,1.5196,-0.27193,0.64645,-0.084444,0.27471,-0.053608,-1.0342,-0.27806,-0.44621,-0.15491,-0.80504,-0.29957,-0.49824
-0.010747,-0.068987,-0.029859,-0.016971,-1.8754,-2.7721,-1.2745,-2.6507,0.10865,0.22238,0.03783,1.6186,-0.31324,0.8184,-0.077605,0.14786,-0.049088,-0.81745,-0.18141,-0.34976,-0.18515,-0.90581,-0.31083,-0.61112
-0.01356,-0.069394,-0.024875,-0.027393,-1.7331,-2.6201,-1.2527,-2.4971,0.11593,0.18257,0.050023,1.6771,-0.38275,0.94359,-0.077736,-0.051349,-0.035491,-0.48236,-0.10001,-0.19769,-0.19772,-0.96363,-0.29821,-0.80702
-0.012978,-0.071096,-0.022732,-0.035327,-1.4723,-2.4274,-1.2581,-2.3177,0.12138,0.13169,0.067044,1.6757,-0.44821,1.0364,-0.080362,-0.18072,-0.017701,-0.15863,-0.054277,-0.050326,-0.19261,-0.96932,-0.26559,-1.034
-0.010227,-0.070907,-0.021426,-0.038092,-1.1868,-2.2194,-1.2905,-2.1294,0.12387,0.053938,0.079975,1.6023,-0.47317,1.079,-0.077242,-0.17968,0.00036601,0.037638,-0.054282,0.047618,-0.16815,-0.91237,-0.22395,-1.2114
-0.0086471,-0.068205,-0.018285,-0.038593,-0.97794,-2.0018,-1.3227,-1.9315,0.11968,-0.052763,0.081126,1.4635,-0.44992,1.0328,-0.061984,-0.091901,0.017311,0.073892,-0.091966,0.081553,-0.12559,-0.79639,-0.18684,-1.2752
-0.010884,-0.065815,-0.012626,-0.042317,-0.9051,-1.7692,-1.3197,-1.7185,0.10542,-0.17472,0.068656,1.2888,-0.40699,0.87353,-0.03566,-0.0048201,0.033794,0.0094416,-0.14211,0.063002,-0.074221,-0.65624,-0.16416,-1.225
-0.016462,-0.067829,-0.0062719,-0.05216,-0.95126,-1.5204,-1.2562,-1.4945,0.081251,-0.2868,0.047779,1.1223,-0.38525,0.61315,-0.0078198,0.035858,0.050554,-0.065599,-0.17515,0.010546,-0.03021,-0.55389,-0.15819,-1.1284
-0.021865,-0.075791,-0.0014452,-0.065573,-1.0281,-1.2679,-1.1234,-1.2771,0.051819,-0.36016,0.027511,1.0066,-0.40501,0.28725,0.0079472,0.062442,0.066622,-0.10897,-0.17484,-0.06885,-0.0075902,-0.54606,-0.16389,-1.0729
-0.023201,-0.086271,0.0017119,-0.07642,-1.0229,-1.0329,-0.92589,-1.0887,0.024222,-0.37173,0.015241,0.96506,-0.4526,-0.076825,0.0007702,0.14544,0.079203,-0.15502,-0.14827,-0.1821,-0.0082358,-0.64369,-0.17286,-1.0995
-0.019304,-0.092115,0.0053727,-0.079858,-0.86089,-0.83155,-0.67647,-0.94259,0.0046351,-0.31429,0.013172,0.99401,-0.4954,-0.47462,-0.032471,0.31772,0.085223,-0.271,-0.12138,-0.33401,-0.019918,-0.79711,-0.17826,-1.1732
-0.012652,-0.086911,0.011786,-0.076088,-0.54168,-0.66245,-0.39374,-0.83543,-0.0041117,-0.20308,0.019108,1.0668,-0.5086,-0.90304,-0.085843,0.5315,0.083085,-0.4835,-0.12371,-0.50898,-0.025461,-0.92416,-0.17767,-1.2147
-0.0073162,-0.069567,0.020909,-0.069882,-0.12672,-0.50769,-0.10233,-0.75239,-0.0028365,-0.073424,0.030538,1.1459,-0.48863,-1.326,-0.14642,0.68508,0.073197,-0.74363,-0.17377,-0.67039,-0.016105,-0.96349,-0.17287,-1.1663
-0.0057151,-0.045483,0.030371,-0.066494,0.30945,-0.34537,0.16892,-0.67873,0.0053834,0.032869,0.048143,1.1954,-0.44417,-1.6718,-0.1985,0.69572,0.057169,-0.96165,-0.27331,-0.78208,0.0022122,-0.91202,-0.16727,-1.0358
-0.0069547,-0.023197,0.037786,-0.067496,0.72374,-0.16488,0.39313,-0.60807,0.017118,0.086719,0.075371,1.1893,-0.37844,-1.8791,-0.22891,0.55784,0.036825,-1.0777,-0.4104,-0.83474,0.015235,-0.81735,-0.16324,-0.88301
-0.008095,-0.008812,0.043015,-0.069983,1.1104,0.026511,0.55353,-0.54116,0.029985,0.085175,0.11412,1.1145,-0.28397,-1.9536,-0.23202,0.34346,0.014073,-1.103,-0.56521,-0.85277,0.013874,-0.73373,-0.16082,-0.76469
-0.0070688,-0.0022973,0.048095,-0.069542,1.4703,0.20923,0.64901,-0.47803,0.043106,0.050144,0.16008,0.97038,-0.1567,-1.9742,-0.21204,0.15286,-0.0085755,-1.0975,-0.71409,-0.87343,0.0027302,-0.68106,-0.15851,-0.68994
-0.0045266,0.0016385,0.054966,-0.064218,1.778,0.36317,0.69306,-0.41272,0.056668,0.013212,0.202,0.76727,-0.014835,-2.0233,-0.1801,0.062175,-0.02792,-1.1082,-0.83293,-0.91499,-0.0039825,-0.64078,-0.15518,-0.62434
-0.0029107,0.0089264,0.063438,-0.056057,1.9853,0.47649,0.70681,-0.33621,0.071007,-0.0034473,0.22617,0.52298,0.098985,-2.0923,-0.14692,0.10864,-0.041047,-1.1291,-0.90309,-0.9618,0.0046892,-0.58729,-0.15152,-0.53353
-0.0036584,0.021472,0.071496,-0.049146,2.0604,0.54699,0.71039,-0.24509,0.085782,0.0015634,0.22348,0.2563,0.13929,-2.049,-0.11547,0.31216,-0.046678,-1.1186,-0.91896,-0.97923,0.026609,-0.52067,-0.14959,-0.42147
-0.0052437,0.036003,0.077586,-0.046134,2.0274,0.57927,0.71751,-0.14688,0.099714,0.010516,0.19392,-0.020083,0.087249,-1.7165,-0.080075,0.69588,-0.04558,-1.0515,-0.8916,-0.94474,0.048733,-0.4679,-0.15058,-0.32678
-0.004092,0.047049,0.082426,-0.046363,1.9633,0.58363,0.73518,-0.05557,0.11093,-0.001975,0.14561,-0.30293,-0.036544,-1.0151,-0.033701,1.2709,-0.039571,-0.95278,-0.84345,-0.86699,0.05915,-0.45235,-0.1524,-0.2824
0.0022198,0.051435,0.088317,-0.047001,1.9441,0.57745,0.76634,0.020237,0.11756,-0.055277,0.089322,-0.59483,-0.18693,-0.057781,0.021697,1.9896,-0.030106,-0.87852,-0.79622,-0.7766,0.057759,-0.4634,-0.14962,-0.27906
0.012287,0.050713,0.096572,-0.045778,1.9805,0.58433,0.81161,0.086822,0.11823,-0.15332,0.032965,-0.89576,-0.32399,0.88919,0.071562,2.712,-0.017927,-0.86412,-0.76064,-0.69875,0.055874,-0.45872,-0.13685,-0.26827
0.021283,0.049866,0.10569,-0.042612,1.9969,0.62497,0.86818,0.16353,0.11247,-0.28241,-0.020244,-1.1965,-0.43287,1.5611,0.097127,3.2319,-0.004099,-0.89157,-0.73574,-0.63455,0.065358,-0.40005,-0.11386,-0.2031
0.024392,0.053553,0.11229,-0.038776,1.879,0.70241,0.92765,0.26991,0.10122,-0.4167,-0.069584,-1.4805,-0.51921,1.8528,0.090828,3.3684,0.0088439,-0.91016,-0.71714,-0.56854,0.087535,-0.29105,-0.088581,-0.080196
0.020523,0.062853,0.11412,-0.03478,1.5548,0.7928,0.97672,0.41117,0.087297,-0.53024,-0.11379,-1.7349,-0.58847,1.8634,0.065869,3.0703,0.017202,-0.89194,-0.70556,-0.49445,0.11198,-0.18187,-0.074539,0.053911
0.013218,0.074736,0.11225,-0.029458,1.0519,0.85286,1.0025,0.57298,0.075091,-0.61212,-0.15051,-1.9622,-0.63098,1.8022,0.049992,2.461,0.018054,-0.86895,-0.70724,-0.43263,0.12597,-0.13422,-0.08306,0.13681
0.0080194,0.084377,0.11025,-0.021413,0.48592,0.84396,0.99986,0.72884,0.068891,-0.67727,-0.17865,-2.1844,-0.6274,1.8369,0.06621,1.7833,0.011253,-0.91469,-0.72591,-0.42013,0.12577,-0.17494,-0.11482,0.13524
0.0084867,0.088477,0.11099,-0.011369,-0.0074838,0.75749,0.97528,0.8537,0.070459,-0.76415,-0.20071,-2.4337,-0.56846,2.0011,0.11518,1.2736,-0.00036915,-1.0832,-0.75463,-0.47971,0.11974,-0.2754,-0.15697,0.065036
0.01403,0.087287,0.114,-0.0026885,-0.34616,0.62238,0.944,0.93394,0.077469,-0.91572,-0.22201,-2.7326,-0.46908,2.2119,0.17391,1.0465,-0.012868,-1.3584,-0.77646,-0.59519,0.12091,-0.37166,-0.18889,-0.026347
0.020961,0.084107,0.11577,0.0010937,-0.52987,0.48774,0.92119,0.96898,0.084364,-1.1517,-0.24672,-3.0773,-0.36277,2.3583,0.21256,1.0615,-0.02353,-1.6573,-0.77477,-0.71702,0.13634,-0.407,-0.1939,-0.095577
0.025428,0.082754,0.11281,-0.00022618,-0.61333,0.39369,0.91311,0.96771,0.085524,-1.4501,-0.27389,-3.4333,-0.28028,2.3728,0.21588,1.183,-0.031794,-1.8852,-0.74508,-0.79637,0.16226,-0.36307,-0.16925,-0.12716
0.025692,0.08485,0.10462,-0.0025346,-0.65476,0.35282,0.91416,0.94589,0.078657,-1.7534,-0.29738,-3.7487,-0.23097,2.2426,0.19219,1.2801,-0.03831,-1.9974,-0.69804,-0.82082,0.18836,-0.25893,-0.1277,-0.12983
0.022337,0.088811,0.094116,-0.00053358,-0.68171,0.3551,0.91141,0.9255,0.065931,-1.9993,-0.31041,-3.977,-0.2015,1.9811,0.16365,1.2912,-0.043446,-2.0184,-0.65069,-0.8222,0.20627,-0.12503,-0.089325,-0.11592
0.01709,0.091195,0.085357,0.0073703,-0.69236,0.3875,0.89374,0.93098,0.051967,-2.1562,-0.31134,-4.0978,-0.1709,1.6102,0.14768,1.2199,-0.046759,-2.0101,-0.61289,-0.84937,0.21471,0.022519,-0.069118,-0.086903
0.011751,0.089333,0.080612,0.016974,-0.6784,0.44717,0.85901,0.97791,0.040226,-2.2378,-0.30613,-4.122,-0.12763,1.1752,0.14583,1.0881,-0.047666,-2.0177,-0.57971,-0.92743,0.2179,0.18698,-0.068986,-0.038623
0.0078964,0.083241,0.079167,0.021425,-0.64279,0.53486,0.81463,1.0583,0.030428,-2.2874,-0.30559,-4.0811,-0.074879,0.75972,0.14823,0.89978,-0.046213,-2.0389,-0.53568,-1.0358,0.22032,0.3756,-0.078978,0.021499
0.006739,0.075388,0.078375,0.01722,-0.59896,0.63661,0.77125,1.1354,0.018695,-2.345,-0.31938,-4.0096,-0.022943,0.46293,0.14711,0.64818,-0.042933,-2.0343,-0.46725,-1.1217,0.22345,0.5816,-0.085883,0.065575
0.0084845,0.068684,0.07569,0.0077143,-0.55875,0.71516,0.73413,1.1571,-8.2698e-006,-2.4259,-0.35158,-3.9317,0.021498,0.34218,0.14534,0.35052,-0.038027,-1.9632,-0.37343,-1.1379,0.2265,0.78109,-0.082146,0.057943
0.011659,0.064446,0.070045,0.00075728,-0.52515,0.72438,0.69861,1.0846,-0.028932,-2.5248,-0.40053,-3.8576,0.058815,0.36827,0.15246,0.067215,-0.031058,-1.8131,-0.26705,-1.0729,0.22862,0.94716,-0.068913,-0.017729
0.013595,0.062044,0.061943,0.0024023,-0.49595,0.63773,0.65324,0.9158,-0.067684,-2.6371,-0.46222,-3.787,0.091286,0.43977,0.17313,-0.12105,-0.021758,-1.5996,-0.16649,-0.95331,0.22918,1.0674,-0.052433,-0.13935
0.012349,0.060289,0.052773,0.01223,-0.47063,0.46663,0.58869,0.68593,-0.11185,-2.7704,-0.53338,-3.71,0.11655,0.45043,0.20035,-0.16364,-0.01118,-1.346,-0.084936,-0.81864,0.22551,1.1492,-0.038239,-0.25374
0.0085984,0.059029,0.044135,0.024265,-0.44984,0.25237,0.50624,0.44302,-0.15371,-2.9311,-0.61159,-3.6052,0.127,0.3545,0.22024,-0.07517,-0.0017599,-1.0642,-0.024734,-0.69295,0.21155,1.2083,-0.028167,-0.30813
0.0054537,0.059207,0.037398,0.032281,-0.42728,0.038749,0.41966,0.21846,-0.18387,-3.0996,-0.6922,-3.4419,0.11564,0.17689,0.22363,0.07513,0.0041719,-0.75531,0.020231,-0.57769,0.18049,1.2527,-0.021423,-0.28298
0.0058431,0.061244,0.033269,0.034517,-0.38387,-0.15046,0.34918,0.015982,-0.19387,-3.2185,-0.76553,-3.1924,0.082109,-0.033752,0.21327,0.2108,0.0061904,-0.42631,0.057428,-0.46876,0.13016,1.2749,-0.016883,-0.20087
0.009588,0.063394,0.031295,0.033875,-0.29359,-0.31141,0.31141,-0.17338,-0.17957,-3.216,-0.81736,-2.8521,0.033392,-0.26,0.20018,0.29211,0.0060541,-0.10367,0.089741,-0.37894,0.066232,1.2573,-0.013493,-0.1047
0.013046,0.06206,0.029739,0.034221,-0.1381,-0.44217,0.31144,-0.34685,-0.14379,-3.0478,-0.83357,-2.4517,-0.020729,-0.52715,0.19291,0.32116,0.0059056,0.17298,0.11469,-0.34199,-0.0010824,1.1819,-0.0090126,-0.023282
0.012069,0.054344,0.026314,0.036716,0.082013,-0.52922,0.34139,-0.48139,-0.096362,-2.7271,-0.80678,-2.0474,-0.072105,-0.86403,0.19007,0.30907,0.0059355,0.37341,0.12851,-0.39175,-0.065056,1.0343,-0.00025793,0.04751
0.0058548,0.040841,0.019693,0.039356,0.34846,-0.55561,0.38482,-0.55151,-0.050465,-2.3168,-0.74091,-1.6898,-0.11413,-1.2536,0.18258,0.24062,0.0038731,0.49591,0.13138,-0.53302,-0.12887,0.79997,0.013104,0.13273
-0.0018482,0.026051,0.010821,0.039344,0.63582,-0.52414,0.42342,-0.55747,-0.017098,-1.8879,-0.65111,-1.3915,-0.13844,-1.6205,0.16319,0.073824,-0.0027936,0.56513,0.12978,-0.7299,-0.20405,0.46481,0.02367,0.24624
-0.0055061,0.015595,0.0028109,0.035492,0.91967,-0.47025,0.44244,-0.53542,-0.00083308,-1.4796,-0.55836,-1.1182,-0.13412,-1.8686,0.13431,-0.2214,-0.013603,0.6095,0.13409,-0.92326,-0.3007,0.028828,0.015996,0.3666
-0.0022455,0.012247,-0.00091237,0.028601,1.1755,-0.44503,0.43358,-0.53491,0.00039346,-1.0879,-0.48139,-0.81161,-0.092984,-1.9358,0.10746,-0.61919,-0.024006,0.63874,0.15292,-1.0641,-0.41624,-0.47067,-0.025725,0.44307
0.0058947,0.014063,0.00085423,0.020379,1.3741,-0.47575,0.39593,-0.57894,-0.0082268,-0.68779,-0.42914,-0.43003,-0.018113,-1.8245,0.095254,-1.0308,-0.027998,0.64242,0.18785,-1.1368,-0.53116,-0.94826,-0.10528,0.42997
0.01381,0.016228,0.0057996,0.012683,1.4856,-0.53597,0.33576,-0.64023,-0.022496,-0.26562,-0.39756,0.022231,0.072417,-1.5864,0.10314,-1.3468,-0.022814,0.61114,0.23196,-1.1545,-0.61562,-1.292,-0.20621,0.32402
0.01751,0.015068,0.0092909,0.0077618,1.4944,-0.55475,0.26469,-0.65684,-0.040679,0.16511,-0.37217,0.49487,0.15247,-1.2803,0.12721,-1.4969,-0.011761,0.55899,0.27319,-1.1352,-0.64355,-1.4153,-0.29542,0.17632
0.0169,0.01083,0.0074434,0.0083122,1.4143,-0.46459,0.19569,-0.57787,-0.061694,0.57227,-0.33576,0.9176,0.20273,-0.93572,0.15884,-1.4823,-0.0023368,0.52337,0.30054,-1.0797,-0.60578,-1.3092,-0.3384,0.068462
0.014954,0.006952,-0.000154,0.0161,1.2868,-0.25386,0.13777,-0.40423,-0.082521,0.92394,-0.27752,1.2326,0.22306,-0.55027,0.19129,-1.3566,-0.0006817,0.53866,0.30975,-0.97043,-0.51477,-1.0549,-0.31723,0.067724
0.014398,0.0066449,-0.010225,0.029811,1.1578,0.017049,0.092086,-0.19232,-0.097958,1.2001,-0.19898,1.4142,0.23209,-0.11665,0.22256,-1.1786,-0.0067711,0.60687,0.30582,-0.78988,-0.39881,-0.7806,-0.23995,0.18881
0.015125,0.009824,-0.018406,0.044428,1.0497,0.25029,0.052524,-0.018392,-0.10345,1.3924,-0.11338,1.4711,0.25288,0.34431,0.25309,-0.9797,-0.014455,0.69386,0.30106,-0.53937,-0.28944,-0.58882,-0.13562,0.38313
0.014558,0.01294,-0.022689,0.053621,0.9505,0.37084,0.010537,0.068121,-0.098577,1.5014,-0.038765,1.4371,0.29414,0.77352,0.28143,-0.76876,-0.016459,0.75764,0.3093,-0.24247,-0.20879,-0.50182,-0.038751,0.5581
0.010351,0.011697,-0.02496,0.053887,0.82916,0.36895,-0.03884,0.068571,-0.08776,1.5382,0.011342,1.3596,0.34103,1.0984,0.30239,-0.55922,-0.010185,0.78516,0.3387,0.068174,-0.1628,-0.46376,0.026854,0.61427
0.0027883,0.0043769,-0.029334,0.047139,0.66609,0.29697,-0.09428,0.02367,-0.077359,1.5286,0.034219,1.2885,0.3624,1.2782,0.30956,-0.38199,0.00052654,0.8041,0.38629,0.36707,-0.1426,-0.39305,0.0559,0.48482
-0.005219,-0.0067449,-0.038554,0.039368,0.4723,0.22875,-0.15053,-0.018114,-0.071395,1.5092,0.03824,1.2636,0.32983,1.3367,0.29966,-0.26655,0.0089852,0.85785,0.43802,0.64188,-0.13221,-0.24229,0.05859,0.16533
-0.010362,-0.016751,-0.051361,0.036255,0.28389,0.21443,-0.20346,-0.026808,-0.069546,1.5116,0.03801,1.3019,0.23548,1.3542,0.27478,-0.20955,0.011236,0.9649,0.47532,0.88739,-0.11808,-0.021921,0.050906,-0.2756
-0.011363,-0.021121,-0.062993,0.039217,0.13824,0.25971,-0.25338,0.0020821,-0.068719,1.5477,0.048006,1.3925,0.097477,1.4148,0.24086,-0.16668,0.008815,1.0985,0.4849,1.0969,-0.095369,0.22201,0.045049,-0.71298
-0.0096379,-0.018446,-0.068484,0.045029,0.052265,0.33531,-0.30378,0.05542,-0.06624,1.6075,0.078032,1.5057,-0.048848,1.5432,0.20409,-0.082101,0.0066216,1.2045,0.46567,1.2607,-0.068206,0.448,0.045023,-1.0116
-0.0078578,-0.011185,-0.066233,0.049063,0.0176,0.40123,-0.35707,0.11317,-0.061459,1.6761,0.13134,1.6131,-0.16704,1.6758,0.16872,0.067674,0.0082624,1.2412,0.42807,1.3719,-0.04469,0.6402,0.048316,-1.0879
-0.0077927,-0.0040613,-0.059099,0.049245,0.011751,0.42834,-0.41136,0.15622,-0.05466,1.7523,0.20422,1.7066,-0.23313,1.6936,0.13763,0.25452,0.013209,1.2078,0.38696,1.4334,-0.030387,0.7984,0.051088,-0.95579
-0.0091492,-0.0010753,-0.052305,0.047466,0.012438,0.41037,-0.46124,0.17377,-0.045221,1.8517,0.28615,1.8011,-0.24153,1.5019,0.11399,0.4208,0.01809,1.1384,0.35427,1.4576,-0.024655,0.91605,0.052854,-0.72457
-0.010145,-0.0029854,-0.049853,0.047559,0.004828,0.36709,-0.50179,0.17134,-0.031785,1.9882,0.36101,1.917,-0.20336,1.1041,0.10128,0.52176,0.020558,1.0714,0.33683,1.4608,-0.02191,0.97411,0.057567,-0.54161
-0.009174,-0.0070009,-0.052158,0.05184,-0.018709,0.33871,-0.53227,0.17358,-0.014814,2.1486,0.41079,2.057,-0.13979,0.61901,0.10106,0.55099,0.022004,1.0227,0.33934,1.4564,-0.016407,0.95812,0.070612,-0.50912
-0.006224,-0.0090116,-0.056453,0.059168,-0.06043,0.36827,-0.55619,0.21343,0.0011204,2.2861,0.42184,2.1944,-0.072743,0.22745,0.11097,0.5318,0.026685,0.98379,0.36668,1.4508,-0.0067148,0.87972,0.094076,-0.6281
-0.0030423,-0.0068169,-0.05931,0.065891,-0.11752,0.47489,-0.57822,0.30976,0.0083952,2.3397,0.39104,2.2847,-0.01529,0.079881,0.12575,0.49136,0.038108,0.94168,0.421,1.444,0.0034028,0.77806,0.12401,-0.80632
-0.001993,-0.0019052,-0.059207,0.06859,-0.18375,0.633,-0.60107,0.44907,0.00090902,2.2684,0.3283,2.2919,0.034306,0.22335,0.14119,0.44759,0.055765,0.89755,0.49548,1.431,0.0080782,0.69665,0.15203,-0.9239
-0.0044015,0.001667,-0.05734,0.066272,-0.25571,0.77715,-0.62513,0.58851,-0.021198,2.0723,0.25291,2.2095,0.090024,0.58628,0.15749,0.41786,0.074845,0.86672,0.57215,1.4041,0.0037948,0.65573,0.17034,-0.90931
-0.0094676,0.00049003,-0.056396,0.060552,-0.34082,0.83711,-0.6505,0.68227,-0.05072,1.7865,0.18528,2.0615,0.16633,1.0207,0.17861,0.42955,0.08901,0.86296,0.6287,1.3579,-0.0082052,0.6447,0.17632,-0.77423
-0.01449,-0.0053774,-0.058455,0.054213,-0.45864,0.78265,-0.67843,0.7122,-0.077486,1.4544,0.13853,1.885,0.26373,1.3696,0.20777,0.5078,0.094096,0.88522,0.65088,1.2967,-0.023087,0.63989,0.17322,-0.58993
-0.016383,-0.012153,-0.063544,0.049622,-0.63008,0.64439,-0.70974,0.69796,-0.094349,1.106,0.11459,1.7103,0.36255,1.5226,0.24318,0.64443,0.090187,0.91989,0.64016,1.2365,-0.035836,0.629,0.16648,-0.43197
-0.013674,-0.014851,-0.069664,0.048046,-0.85899,0.49202,-0.74157,0.67813,-0.10048,0.75654,0.10665,1.5544,0.43164,1.4453,0.27808,0.78219,0.080954,0.9542,0.60944,1.1992,-0.044042,0.61945,0.15912,-0.33789
-0.0077297,-0.010793,-0.074133,0.049712,-1.119,0.38553,-0.76589,0.67872,-0.099796,0.42361,0.10579,1.428,0.44716,1.1807,0.30522,0.84422,0.071055,0.98486,0.56991,1.1959,-0.048056,0.6252,0.15006,-0.30325
-0.0022541,-0.0017453,-0.075309,0.053838,-1.3565,0.33849,-0.77257,0.69705,-0.096241,0.1394,0.1067,1.3447,0.40779,0.83029,0.32156,0.79659,0.06345,1.0129,0.52111,1.2134,-0.048851,0.64894,0.13681,-0.30571
-0.0011195,0.006751,-0.073618,0.058448,-1.5094,0.32291,-0.75537,0.71451,-0.090299,-0.057524,0.10928,1.3185,0.33424,0.51587,0.32893,0.69031,0.058248,1.0322,0.45368,1.2155,-0.045687,0.67937,0.11964,-0.32751
-0.0057949,0.0085552,-0.071244,0.060637,-1.5313,0.30904,-0.71636,0.72497,-0.079495,-0.1475,0.11572,1.3503,0.25352,0.3284,0.33016,0.63389,0.053528,1.0255,0.36242,1.163,-0.035677,0.70576,0.10315,-0.35734
-0.014154,0.00076316,-0.070643,0.057885,-1.4091,0.30203,-0.66495,0.75028,-0.062337,-0.1498,0.12651,1.4174,0.18093,0.28413,0.32458,0.70428,0.047235,0.97629,0.25698,1.0406,-0.0156,0.73268,0.093439,-0.3784
-0.021679,-0.014258,-0.072881,0.049871,-1.1671,0.34051,-0.6119,0.82596,-0.042114,-0.11675,0.13888,1.4801,0.11457,0.31708,0.30747,0.86491,0.038687,0.88234,0.15912,0.86909,0.015393,0.7765,0.093417,-0.36384
-0.024378,-0.030258,-0.076937,0.039219,-0.86106,0.45719,-0.56279,0.96822,-0.02707,-0.1028,0.14865,1.5062,0.045628,0.32133,0.27399,0.96719,0.028742,0.75942,0.08799,0.69244,0.054142,0.84456,0.10026,-0.29031
-0.02138,-0.041322,-0.080499,0.030027,-0.56443,0.63749,-0.51537,1.1522,-0.0263,-0.13084,0.15341,1.4931,-0.02608,0.22222,0.22402,0.84986,0.018821,0.62937,0.046625,0.54839,0.093957,0.91758,0.10744,-0.15928
-0.015299,-0.04605,-0.081571,0.024896,-0.34908,0.81596,-0.46267,1.3232,-0.043956,-0.18152,0.15373,1.4698,-0.086218,0.028834,0.16367,0.46772,0.0099318,0.50676,0.022318,0.44562,0.12694,0.95515,0.10947,-0.0052336
-0.010167,-0.048426,-0.079632,0.022764,-0.26126,0.91735,-0.39895,1.4337,-0.075716,-0.212,0.15154,1.4728,-0.11533,-0.17218,0.10234,-0.051535,0.0025201,0.39847,0.00042599,0.36466,0.14698,0.92353,0.10542,0.11966
-0.0086156,-0.05445,-0.075511,0.019554,-0.30015,0.90997,-0.32455,1.4761,-0.10995,-0.18745,0.14744,1.5167,-0.10496,-0.27952,0.048078,-0.47294,-0.0030361,0.31573,-0.021468,0.27972,0.1522,0.82281,0.098532,0.17386
-0.010442,-0.067066,-0.070365,0.011441,-0.41235,0.82816,-0.24642,1.4852,-0.133,-0.10012,0.13963,1.5826,-0.065911,-0.25201,0.0050017,-0.59827,-0.0062785,0.28208,-0.032653,0.18102,0.14587,0.68971,0.092844,0.14713
-0.013406,-0.083455,-0.064821,-0.0017011,-0.51221,0.74716,-0.17441,1.5104,-0.13549,0.03545,0.12559,1.6337,-0.021319,-0.1414,-0.026214,-0.38352,-0.0073812,0.32193,-0.022797,0.078831,0.13528,0.57245,0.090041,0.060238
-0.015216,-0.096842,-0.058993,-0.015449,-0.52257,0.73321,-0.11622,1.5809,-0.11603,0.20106,0.10505,1.6451,0.0088209,-0.062499,-0.046825,0.051248,-0.0080325,0.43464,0.0025577,-0.011878,0.12867,0.49837,0.089051,-0.051621
-0.014934,-0.10112,-0.052996,-0.023354,-0.41372,0.80812,-0.074358,1.6926,-0.08066,0.38725,0.081298,1.6208,0.018061,-0.12714,-0.05973,0.51483,-0.011208,0.57687,0.019037,-0.08914,0.13148,0.45992,0.088051,-0.15712
-0.01293,-0.09446,-0.047117,-0.021055,-0.21547,0.95056,-0.047197,1.8205,-0.039144,0.58928,0.059756,1.5835,0.010683,-0.39083,-0.070102,0.86057,-0.019418,0.67426,-0.0035307,-0.16619,0.1439,0.42832,0.086524,-0.23717
-0.0099641,-0.079528,-0.041362,-0.0091094,0.0055406,1.1235,-0.032818,1.9405,-0.00080885,0.79432,0.044914,1.5484,-0.0093789,-0.84187,-0.08448,1.0415,-0.032642,0.65932,-0.082262,-0.25571,0.16139,0.38072,0.085389,-0.28352
-0.0065742,-0.061,-0.035108,0.007244,0.18681,1.2992,-0.031992,2.0406,0.027561,0.97663,0.038252,1.5039,-0.045113,-1.4239,-0.10693,1.0843,-0.047813,0.5093,-0.21088,-0.35161,0.17794,0.31777,0.085437,-0.29471
-0.0032031,-0.043229,-0.027614,0.020938,0.30027,1.4641,-0.047075,2.1159,0.041742,1.1083,0.038779,1.4177,-0.10052,-2.0598,-0.13459,1.028,-0.060638,0.25566,-0.36427,-0.42693,0.18968,0.25907,0.086001,-0.27465
-0.00054111,-0.029614,-0.019177,0.026577,0.35392,1.607,-0.077094,2.158,0.039791,1.1763,0.045469,1.263,-0.16734,-2.6567,-0.15686,0.89274,-0.068497,-0.041016,-0.51232,-0.45273,0.19623,0.22403,0.085344,-0.2328
0.00062316,-0.02288,-0.011625,0.022605,0.37065,1.7085,-0.1133,2.1526,0.023051,1.189,0.059237,1.0402,-0.21839,-3.1023,-0.1606,0.69505,-0.072082,-0.33,-0.6323,-0.42401,0.19888,0.21574,0.082415,-0.18199
7.0559e-007,-0.024562,-0.0072116,0.011268,0.36645,1.7442,-0.14022,2.0862,-0.0022061,1.1664,0.082669,0.77704,-0.21746,-3.2783,-0.13804,0.48138,-0.074418,-0.59415,-0.71276,-0.3716,0.19745,0.2205,0.078125,-0.13325
-0.0018474,-0.033559,-0.0065203,-0.0032096,0.34495,1.6943,-0.14316,1.9535,-0.025137,1.1227,0.11783,0.50741,-0.14159,-3.1027,-0.091785,0.33203,-0.078067,-0.84332,-0.75058,-0.34888,0.18909,0.22007,0.074753,-0.091248
-0.003902,-0.045612,-0.0073352,-0.017043,0.30668,1.5516,-0.11755,1.7551,-0.034524,1.0597,0.16418,0.2503,0.00043281,-2.5805,-0.03342,0.32246,-0.082856,-1.0872,-0.74674,-0.40141,0.17022,0.20427,0.073873,-0.054525
-0.0055026,-0.055393,-0.0059039,-0.028612,0.2581,1.32,-0.072747,1.4909,-0.02521,0.97759,0.21836,0.0056419,0.16811,-1.8253,0.022469,0.46981,-0.085992,-1.3113,-0.70473,-0.53989,0.14033,0.17377,0.07468,-0.020286
-0.0067963,-0.060292,9.2192e-005,-0.038616,0.21015,1.0101,-0.02686,1.1576,-0.002187,0.88839,0.27533,-0.23312,0.30896,-1.0307,0.063719,0.7062,-0.084418,-1.4747,-0.63103,-0.73415,0.10412,0.13352,0.074308,0.010799
-0.008406,-0.06263,0.0093636,-0.048695,0.17079,0.638,0.0043247,0.7574,0.021543,0.81722,0.32934,-0.46614,0.3847,-0.39967,0.082672,0.89996,-0.077412,-1.531,-0.53531,-0.9303,0.069976,0.08513,0.06997,0.034245
-0.010682,-0.067661,0.017797,-0.059592,0.14423,0.22729,0.01663,0.30935,0.032714,0.78538,0.37371,-0.68779,0.38707,-0.068087,0.076235,0.9134,-0.067257,-1.4569,-0.42918,-1.0781,0.045529,0.025681,0.061184,0.045972
-0.01325,-0.078326,0.021909,-0.070219,0.14045,-0.19369,0.018952,-0.14831,0.02588,0.79144,0.40078,-0.89668,0.33591,-0.05642,0.046588,0.66701,-0.057418,-1.2702,-0.32473,-1.1512,0.033618,-0.047212,0.050232,0.046914
-0.015206,-0.091165,0.022171,-0.078366,0.18382,-0.60224,0.026786,-0.57247,0.0059915,0.81031,0.40449,-1.0985,0.26502,-0.26823,0.0022778,0.18015,-0.049681,-1.0247,-0.23405,-1.1505,0.031408,-0.13021,0.040542,0.04357
-0.015698,-0.09748,0.023187,-0.082397,0.3053,-0.99221,0.052888,-0.93551,-0.01604,0.81369,0.38534,-1.293,0.20683,-0.5344,-0.043491,-0.43036,-0.042553,-0.78771,-0.16914,-1.0947,0.033077,-0.21428,0.034311,0.043841
-0.014422,-0.089593,0.030177,-0.082488,0.51716,-1.3726,0.10097,-1.2348,-0.030823,0.79328,0.35437,-1.4549,0.18287,-0.68787,-0.079026,-0.99707,-0.032249,-0.61216,-0.14006,-1.0083,0.033851,-0.28941,0.031222,0.051612
-0.011778,-0.067389,0.044437,-0.080375,0.78854,-1.75,0.16521,-1.4824,-0.035065,0.76379,0.33078,-1.5335,0.19959,-0.64116,-0.1012,-1.3782,-0.015551,-0.51882,-0.15091,-0.91439,0.032504,-0.3489,0.02909,0.064571
-0.0087156,-0.039492,0.061618,-0.077922,1.0454,-2.1086,0.23448,-1.6847,-0.030473,0.74217,0.33241,-1.4781,0.2471,-0.43062,-0.11696,-1.529,0.0076195,-0.4976,-0.19559,-0.83324,0.030975,-0.3894,0.025772,0.076889
-0.0063968,-0.017658,0.074532,-0.075791,1.2015,-2.4057,0.298,-1.83,-0.019383,0.72405,0.36421,-1.2742,0.30169,-0.197,-0.13656,-1.5271,0.033796,-0.52385,-0.25793,-0.78169,0.032009,-0.40814,0.02077,0.084384
-0.0056822,-0.0085895,0.078465,-0.073262,1.2024,-2.5936,0.34959,-1.8982,-0.0019376,0.68228,0.4135,-0.95962,0.33512,-0.10297,-0.16372,-1.5327,0.057895,-0.57795,-0.31818,-0.7705,0.03687,-0.40258,0.015327,0.087906
-0.0065942,-0.0097311,0.074727,-0.06917,1.0529,-2.6513,0.38884,-1.8828,0.022511,0.59154,0.45668,-0.60422,0.32917,-0.23075,-0.19132,-1.7017,0.075822,-0.65514,-0.36368,-0.80166,0.044696,-0.37509,0.011027,0.092275
-0.008101,-0.012239,0.06954,-0.063057,0.80877,-2.6026,0.41926,-1.8072,0.051631,0.45618,0.47379,-0.26884,0.28636,-0.52728,-0.20705,-2.1025,0.085836,-0.76022,-0.39667,-0.86933,0.053467,-0.33884,0.0080705,0.10187
-0.0085914,-0.0083705,0.069162,-0.055691,0.54056,-2.5025,0.44481,-1.7173,0.078222,0.31408,0.46053,0.022483,0.22669,-0.84124,-0.20378,-2.6865,0.088099,-0.89275,-0.43254,-0.9649,0.061464,-0.31703,0.0047565,0.1168
-0.0069414,0.0029598,0.075279,-0.048762,0.29314,-2.4043,0.4667,-1.6548,0.092818,0.21099,0.42938,0.2763,0.16978,-1.0346,-0.18556,-3.3251,0.083531,-1.0352,-0.488,-1.083,0.068043,-0.33148,-0.0011785,0.13307
-0.0034446,0.016677,0.08436,-0.044117,0.067464,-2.3333,0.4823,-1.6329,0.089312,0.16845,0.39957,0.49995,0.11572,-1.0915,-0.16374,-3.8842,0.073497,-1.154,-0.56651,-1.2242,0.073424,-0.38676,-0.010236,0.14668
0.00025836,0.026866,0.091204,-0.042942,-0.16748,-2.2864,0.48651,-1.6336,0.069477,0.17398,0.38406,0.67965,0.041674,-1.1418,-0.14799,-4.284,0.06051,-1.213,-0.65209,-1.3942,0.077963,-0.46234,-0.019822,0.1577
0.0023947,0.031784,0.093437,-0.045176,-0.44292,-2.2547,0.47481,-1.6298,0.043133,0.20112,0.38308,0.78777,-0.080197,-1.3733,-0.14099,-4.5134,0.048636,-1.1911,-0.7176,-1.6016,0.081535,-0.52118,-0.025448,0.17013
0.0024971,0.034384,0.093128,-0.049354,-0.7607,-2.2416,0.44617,-1.6118,0.023953,0.23798,0.38724,0.81033,-0.25735,-1.8887,-0.1415,-4.5997,0.042197,-1.0905,-0.74252,-1.8557,0.083354,-0.53032,-0.024037,0.18697
0.0017699,0.03871,0.094442,-0.053082,-1.085,-2.2598,0.40456,-1.5954,0.023652,0.29567,0.38588,0.76618,-0.46596,-2.6116,-0.15111,-4.5658,0.043088,-0.93285,-0.72734,-2.1617,0.082197,-0.4786,-0.016858,0.20534
0.0019674,0.04607,0.099719,-0.054046,-1.3604,-2.3079,0.35843,-1.6034,0.047501,0.38823,0.37332,0.6975,-0.66528,-3.3106,-0.17601,-4.4036,0.048824,-0.74631,-0.69306,-2.5124,0.076926,-0.3791,-0.0094587,0.2172
0.0037924,0.054447,0.10748,-0.051074,-1.5455,-2.3532,0.31842,-1.6367,0.092458,0.50435,0.34933,0.63992,-0.82566,-3.7311,-0.22024,-4.0774,0.05338,-0.55234,-0.66556,-2.8767,0.067059,-0.25677,-0.0081832,0.21708
0.0063818,0.061036,0.11387,-0.044577,-1.6382,-2.3402,0.29408,-1.6607,0.14769,0.60002,0.31572,0.59939,-0.94571,-3.7475,-0.27694,-3.5509,0.0507,-0.35887,-0.65657,-3.1952,0.053047,-0.13361,-0.015818,0.21057
0.0084264,0.064901,0.11595,-0.036125,-1.6732,-2.224,0.29044,-1.6225,0.19716,0.62241,0.27326,0.55566,-1.0431,-3.4319,-0.32772,-2.8203,0.038403,-0.15967,-0.65512,-3.3908,0.035886,-0.022953,-0.02989,0.21482
0.0097767,0.067233,0.11372,-0.027559,-1.6917,-2.0038,0.30578,-1.488,0.22416,0.54602,0.22125,0.48648,-1.1277,-2.9973,-0.35332,-1.9362,0.018926,0.061599,-0.63484,-3.3953,0.016184,0.065989,-0.044994,0.24743
0.011768,0.069503,0.10948,-0.020299,-1.7023,-1.7294,0.33141,-1.2705,0.21741,0.39102,0.15869,0.38855,-1.1822,-2.6567,-0.34714,-1.0037,-0.0025191,0.32274,-0.57024,-3.1794,-0.0066424,0.1218,-0.057091,0.30968
0.015741,0.071855,0.10536,-0.015158,-1.6661,-1.4739,0.3543,-1.0275,0.17627,0.20889,0.085396,0.27708,-1.1698,-2.4913,-0.31884,-0.15654,-0.021188,0.62928,-0.45017,-2.7697,-0.034266,0.13014,-0.066096,0.37676
0.021165,0.073359,0.10163,-0.012424,-1.5219,-1.2914,0.3619,-0.8275,0.11186,0.04863,0.0030183,0.16839,-1.0634,-2.4124,-0.28322,0.48789,-0.034607,0.95977,-0.28145,-2.2384,-0.068322,0.077833,-0.074763,0.40417
0.025401,0.073423,0.097184,-0.011868,-1.2374,-1.1882,0.34761,-0.70775,0.042283,-0.068978,-0.083367,0.065106,-0.87107,-2.2321,-0.24387,0.87368,-0.042023,1.2612,-0.084752,-1.6728,-0.10907,-0.043248,-0.085392,0.34911
0.025625,0.072496,0.091309,-0.012682,-0.84905,-1.1254,0.31403,-0.65488,-0.016036,-0.15151,-0.16353,-0.040997,-0.63457,-1.7896,-0.18731,1.0328,-0.042872,1.4658,0.11233,-1.1397,-0.15482,-0.23379,-0.097657,0.19484
0.021288,0.071289,0.084798,-0.013643,-0.45822,-1.0467,0.27202,-0.618,-0.055842,-0.2149,-0.22277,-0.15306,-0.40227,-1.0488,-0.094776,1.0792,-0.036277,1.5269,0.28256,-0.66899,-0.20231,-0.48147,-0.10943,-0.037278
0.014786,0.069669,0.079206,-0.01361,-0.18125,-0.91198,0.23549,-0.543,-0.080603,-0.26359,-0.24683,-0.25733,-0.19879,-0.11322,0.03707,1.1729,-0.022157,1.4539,0.40775,-0.26126,-0.24725,-0.75051,-0.11921,-0.29642
0.0096231,0.066865,0.075176,-0.011958,-0.087994,-0.71576,0.21446,-0.40296,-0.099631,-0.287,-0.22944,-0.32812,-0.018261,0.83702,0.18481,1.4653,-0.0026298,1.3178,0.48735,0.088442,-0.28438,-0.97519,-0.12723,-0.52785
0.0076722,0.063001,0.071681,-0.0084847,-0.17133,-0.48364,0.21045,-0.2063,-0.12088,-0.27244,-0.17737,-0.34613,0.15459,1.632,0.3075,2.0411,0.018,1.2157,0.54006,0.37307,-0.30756,-1.072,-0.13388,-0.70001
0.0079724,0.060241,0.067051,-0.0028837,-0.3673,-0.25353,0.21673,0.01661,-0.14679,-0.22218,-0.10889,-0.31536,0.31582,2.1679,0.37088,2.8727,0.035078,1.2114,0.59245,0.5771,-0.311,-0.97466,-0.13747,-0.81518
0.00805,0.061885,0.06071,0.0055136,-0.60638,-0.055305,0.2227,0.2337,-0.17534,-0.16207,-0.046163,-0.26639,0.43325,2.4136,0.36842,3.8073,0.045909,1.2956,0.65838,0.6972,-0.29223,-0.67561,-0.13433,-0.89472
0.0064357,0.069766,0.053757,0.01714,-0.85386,0.099611,0.21961,0.42359,-0.20408,-0.13638,-0.0062457,-0.24468,0.46626,2.3925,0.32366,4.6055,0.050808,1.3931,0.7247,0.75987,-0.25512,-0.2429,-0.12215,-0.94805
0.0040329,0.082169,0.047741,0.031083,-1.1084,0.21625,0.20416,0.57627,-0.23249,-0.19039,0.004279,-0.29141,0.39812,2.1691,0.27278,5.0332,0.052207,1.4162,0.75795,0.81602,-0.21007,0.20397,-0.10349,-0.94909
0.0031274,0.094306,0.042906,0.04462,-1.3633,0.30726,0.17872,0.68848,-0.26059,-0.34644,-0.010097,-0.42521,0.25297,1.8496,0.24136,4.9715,0.052686,1.3247,0.73078,0.91154,-0.17031,0.54809,-0.0855,-0.84352
0.0049937,0.10114,0.037841,0.054263,-1.5649,0.38572,0.14874,0.76104,-0.28532,-0.58212,-0.036186,-0.6305,0.083409,1.5762,0.23191,4.4824,0.053381,1.1496,0.6481,1.0547,-0.14588,0.72345,-0.074836,-0.58889
0.0083057,0.10033,0.031017,0.057827,-1.6083,0.46401,0.11884,0.79919,-0.29898,-0.82356,-0.055738,-0.85634,-0.060236,1.4932,0.22925,3.7795,0.053643,0.96599,0.5498,1.2077,-0.13921,0.72738,-0.071718,-0.20227
0.0098664,0.092978,0.02263,0.05585,-1.3818,0.55567,0.089309,0.81183,-0.29215,-0.96494,-0.050601,-1.0292,-0.15335,1.687,0.21693,3.1109,0.051775,0.83995,0.48516,1.3112,-0.14517,0.59661,-0.068535,0.22235
0.0071728,0.081996,0.014744,0.051046,-0.8368,0.67339,0.055058,0.80723,-0.25969,-0.91349,-0.0099075,-1.079,-0.19576,2.1342,0.19091,2.625,0.046135,0.79092,0.47848,1.3276,-0.15463,0.37428,-0.055138,0.54817
0.00071215,0.069698,0.0094288,0.046124,-0.038806,0.82027,0.0083655,0.78852,-0.20559,-0.63983,0.062996,-0.9704,-0.19144,2.697,0.16082,2.3113,0.036054,0.79405,0.51434,1.2689,-0.15862,0.097115,-0.02705,0.66555
-0.0060201,0.056768,0.0067703,0.041861,0.83743,0.98005,-0.055227,0.75403,-0.1427,-0.20224,0.14874,-0.72248,-0.13163,3.1778,0.14,2.0515,0.022343,0.8137,0.55435,1.1899,-0.1505,-0.19285,0.010068,0.55345
-0.0090098,0.04302,0.0048553,0.037121,1.5737,1.1175,-0.13162,0.70317,-0.086904,0.27628,0.21872,-0.40414,0.00081476,3.4099,0.13404,1.7357,0.0072481,0.83589,0.57043,1.1515,-0.1266,-0.43448,0.043489,0.29072
-0.0068586,0.028763,0.0018734,0.030676,2.0024,1.1938,-0.20809,0.64184,-0.049474,0.6697,0.2483,-0.10402,0.20858,3.333,0.13758,1.3486,-0.0063298,0.87344,0.56553,1.1827,-0.087162,-0.55758,0.061674,0.0093105
-0.0020253,0.015303,-0.0017938,0.022957,2.0783,1.1895,-0.26964,0.58086,-0.03245,0.91254,0.22909,0.10998,0.45988,3.0101,0.14097,0.96457,-0.01621,0.94335,0.56527,1.2652,-0.03799,-0.51872,0.061252,-0.17856
0.00096062,0.0042357,-0.0037265,0.01602,1.887,1.1165,-0.30773,0.5273,-0.02988,1.0243,0.1727,0.21871,0.69202,2.5775,0.14002,0.66698,-0.022118,1.0392,0.58967,1.3507,0.0092454,-0.33624,0.047804,-0.2321
-0.0010027,-0.0035278,-0.0018679,0.011876,1.5856,1.0097,-0.32429,0.47667,-0.033609,1.08,0.10413,0.25129,0.84046,2.1612,0.13979,0.47189,-0.025626,1.1236,0.6315,1.3924,0.040793,-0.092298,0.030838,-0.18453
-0.0071696,-0.008015,0.0031527,0.011013,1.3132,0.90098,-0.32778,0.41401,-0.039247,1.1512,0.04933,0.25798,0.87413,1.8159,0.14916,0.32031,-0.028543,1.148,0.66046,1.3708,0.048051,0.10695,0.017734,-0.10475
-0.013566,-0.0096404,0.0081396,0.012607,1.1244,0.79894,-0.32511,0.32482,-0.048215,1.2586,0.02473,0.27495,0.81149,1.5232,0.17169,0.13921,-0.030915,1.0849,0.64897,1.2987,0.033609,0.18802,0.01117,-0.051697
-0.016107,-0.008696,0.0099009,0.016014,0.98457,0.68981,-0.3172,0.20759,-0.064953,1.3698,0.033178,0.30361,0.70615,1.2431,0.20106,-0.089578,-0.030492,0.94643,0.59677,1.2104,0.010823,0.14439,0.010651,-0.051517
-0.013619,-0.005619,0.0078572,0.021634,0.82164,0.55971,-0.30228,0.078276,-0.092026,1.4345,0.066173,0.31636,0.61322,0.97157,0.22548,-0.31416,-0.024524,0.77751,0.53317,1.1425,-0.0040392,0.026168,0.015218,-0.10341
-0.0083592,-0.0017998,0.0042101,0.029921,0.59377,0.41783,-0.28356,-0.036542,-0.12709,1.4258,0.10894,0.28153,0.56016,0.75519,0.2368,-0.4602,-0.012599,0.62585,0.49565,1.1183,-0.0020332,-0.10292,0.024298,-0.19709
-0.0038339,0.00016141,0.0015599,0.039482,0.3236,0.29866,-0.27331,-0.11281,-0.16372,1.3544,0.14559,0.1883,0.54048,0.6502,0.23629,-0.49553,0.0020071,0.51182,0.50265,1.1393,0.013259,-0.20676,0.036383,-0.32158
-0.0019692,-0.0023813,0.0003326,0.046614,0.080209,0.23976,-0.28852,-0.14025,-0.19486,1.2513,0.16363,0.054014,0.52998,0.66337,0.23203,-0.4566,0.014026,0.41776,0.54216,1.1867,0.029295,-0.28745,0.047756,-0.46006
-0.0020055,-0.0099543,-0.0014712,0.047525,-0.070644,0.25306,-0.34115,-0.12668,-0.21592,1.1384,0.15789,-0.088403,0.50993,0.72777,0.23081,-0.41971,0.019837,0.30227,0.58368,1.2327,0.033797,-0.36403,0.053332,-0.58318
-0.001739,-0.019537,-0.0059951,0.041735,-0.10678,0.31372,-0.43068,-0.095412,-0.22554,1.0156,0.13276,-0.21108,0.4794,0.73752,0.23204,-0.44713,0.020034,0.12796,0.60262,1.2568,0.022313,-0.44304,0.049335,-0.65525
0.00032693,-0.025619,-0.013006,0.033485,-0.052536,0.37533,-0.54399,-0.077699,-0.22451,0.87368,0.10014,-0.30393,0.451,0.6151,0.22917,-0.55302,0.01861,-0.11632,0.59812,1.2597,-0.0013661,-0.50754,0.035615,-0.65456
0.0038791,-0.023739,-0.019689,0.029263,0.050211,0.3978,-0.66154,-0.10219,-0.21482,0.71583,0.072722,-0.3726,0.43738,0.35812,0.21672,-0.70994,0.019296,-0.41047,0.592,1.2625,-0.031181,-0.53201,0.015589,-0.59297
0.0074094,-0.014134,-0.023085,0.03298,0.17241,0.36513,-0.76439,-0.18397,-0.1997,0.56686,0.055565,-0.42712,0.44129,0.031594,0.19621,-0.8804,0.022118,-0.71337,0.61154,1.2922,-0.065232,-0.50732,-0.0061198,-0.51727
0.0095909,-0.002301,-0.0229,0.042802,0.30254,0.28187,-0.83871,-0.31739,-0.18415,0.46008,0.04203,-0.47219,0.45568,-0.2814,0.17534,-1.0423,0.023171,-0.97781,0.66906,1.361,-0.10681,-0.45233,-0.026441,-0.48803
0.010049,0.0047456,-0.022001,0.052635,0.42487,0.1574,-0.87804,-0.47763,-0.17425,0.41312,0.018213,-0.50544,0.4709,-0.52632,0.16169,-1.1901,0.017907,-1.162,0.75177,1.4586,-0.15918,-0.40079,-0.044952,-0.54906
0.0091261,0.0040536,-0.024025,0.057272,0.49595,-0.0035364,-0.88522,-0.63196,-0.1749,0.4123,-0.026143,-0.52191,0.4809,-0.68678,0.15687,-1.3199,0.005232,-1.2373,0.82652,1.5607,-0.21884,-0.37391,-0.062727,-0.7073
0.0073037,-0.00049367,-0.030281,0.056815,0.4478,-0.19482,-0.87303,-0.75516,-0.18737,0.41597,-0.08805,-0.51836,0.48357,-0.76139,0.15691,-1.4169,-0.010982,-1.1956,0.85533,1.6483,-0.27344,-0.36104,-0.080088,-0.93329
0.0050366,-0.0010902,-0.03877,0.056261,0.22426,-0.3967,-0.86033,-0.83986,-0.20857,0.37197,-0.15088,-0.49421,0.47728,-0.74137,0.15793,-1.4599,-0.0242,-1.0563,0.81266,1.7193,-0.30683,-0.32435,-0.09512,-1.177
0.0029461,0.0072744,-0.046218,0.060434,-0.17115,-0.57417,-0.86245,-0.89504,-0.23285,0.23714,-0.19427,-0.45022,0.45909,-0.61565,0.16148,-1.4355,-0.029478,-0.86854,0.69625,1.7805,-0.30792,-0.22436,-0.1042,-1.386
0.0017977,0.021855,-0.051143,0.068803,-0.65172,-0.69238,-0.88015,-0.93417,-0.25498,-0.0093042,-0.20715,-0.38796,0.42831,-0.39738,0.17357,-1.3491,-0.026379,-0.7016,0.52664,1.8277,-0.27688,-0.047224,-0.10427,-1.5161
0.0020214,0.033487,-0.055057,0.075189,-1.0714,-0.7374,-0.89521,-0.96175,-0.2722,-0.35885,-0.19357,-0.31077,0.39229,-0.14059,0.19775,-1.2215,-0.018601,-0.62543,0.33583,1.8328,-0.22431,0.18603,-0.095367,-1.5382
0.0032598,0.033502,-0.060636,0.073055,-1.2899,-0.72319,-0.87775,-0.96786,-0.28413,-0.77218,-0.16721,-0.22341,0.36791,0.076867,0.22837,-1.0758,-0.011101,-0.68787,0.15093,1.7527,-0.16411,0.4328,-0.081361,-1.4453
0.0045528,0.020629,-0.068628,0.061798,-1.2438,-0.67779,-0.80229,-0.93464,-0.29095,-1.1862,-0.13957,-0.12882,0.37449,0.19539,0.25084,-0.92398,-0.0072143,-0.89683,-0.01751,1.5569,-0.10558,0.65186,-0.068132,-1.2619
0.0050941,0.0021562,-0.076531,0.048226,-0.98263,-0.62119,-0.66318,-0.85004,-0.2919,-1.5333,-0.11241,-0.02319,0.42097,0.2066,0.24994,-0.76393,-0.007647,-1.2126,-0.17455,1.2539,-0.050143,0.81726,-0.060019,-1.0452
0.0048259,-0.011469,-0.08049,0.041523,-0.64396,-0.55627,-0.48008,-0.7203,-0.28534,-1.7672,-0.080298,0.10579,0.49655,0.14954,0.22041,-0.58732,-0.011331,-1.5532,-0.32788,0.8961,0.0055711,0.91501,-0.056904,-0.86816
0.0042896,-0.014037,-0.078875,0.045926,-0.38048,-0.48124,-0.29106,-0.57329,-0.27028,-1.8813,-0.039681,0.27368,0.57326,0.074048,0.17163,-0.39186,-0.01674,-1.8149,-0.47314,0.55664,0.06356,0.93122,-0.053894,-0.78619
0.0039598,-0.0071458,-0.074328,0.057398,-0.28037,-0.41071,-0.13788,-0.45106,-0.2478,-1.903,0.0052897,0.48756,0.62045,0.00408,0.12279,-0.19107,-0.022572,-1.9073,-0.59019,0.29513,0.1204,0.84841,-0.043821,-0.80487
0.0038075,0.0022101,-0.072275,0.067055,-0.3302,-0.3818,-0.050811,-0.39463,-0.22075,-1.8665,0.046075,0.73357,0.62145,-0.068456,0.092255,-0.01666,-0.027783,-1.7922,-0.65468,0.13299,0.16827,0.65795,-0.020894,-0.87378
0.0034931,0.0072668,-0.076973,0.068168,-0.44241,-0.43374,-0.038283,-0.42714,-0.19167,-1.7836,0.078543,0.97225,0.58052,-0.15719,0.088486,0.089161,-0.031552,-1.5049,-0.65594,0.052494,0.19982,0.37917,0.016609,-0.91629
0.002828,0.0056686,-0.088282,0.060807,-0.5263,-0.57412,-0.083587,-0.54189,-0.16069,-1.6365,0.10739,1.148,0.51552,-0.24999,0.10819,0.092182,-0.033349,-1.1389,-0.6063,0.014956,0.21283,0.065465,0.065551,-0.87931
0.0018965,-0.00035214,-0.10172,0.050753,-0.55031,-0.76021,-0.14942,-0.70085,-0.12538,-1.4006,0.1403,1.2118,0.44377,-0.30451,0.14101,-0.0092196,-0.032824,-0.79796,-0.53499,-0.017286,0.21133,-0.2138,0.11874,-0.76859
0.00075166,-0.0067778,-0.11165,0.044417,-0.55107,-0.91505,-0.1899,-0.84696,-0.08283,-1.0777,0.17646,1.1468,0.37334,-0.27753,0.17597,-0.1678,-0.029507,-0.54205,-0.47316,-0.069094,0.20287,-0.40671,0.16666,-0.64215
-0.00079292,-0.010792,-0.11494,0.044355,-0.58631,-0.97136,-0.16721,-0.92752,-0.032303,-0.71067,0.2009,0.98152,0.30602,-0.16422,0.20532,-0.29829,-0.022838,-0.36406,-0.44326,-0.15366,0.19422,-0.50362,0.19996,-0.56465
-0.0028654,-0.012029,-0.11247,0.048516,-0.67367,-0.91335,-0.066339,-0.91874,0.023731,-0.36595,0.19184,0.77876,0.24625,-0.013157,0.22484,-0.32215,-0.012978,-0.21247,-0.45815,-0.27871,0.1885,-0.53511,0.21249,-0.55626
-0.0050451,-0.012076,-0.1076,0.052696,-0.7676,-0.7867,0.099163,-0.83744,0.081001,-0.098222,0.13681,0.60314,0.20444,0.098109,0.23283,-0.22581,-0.0017579,-0.038324,-0.52298,-0.44799,0.1845,-0.54652,0.20386,-0.57592
-0.0064256,-0.013294,-0.1035,0.053408,-0.79336,-0.67033,0.29318,-0.73146,0.13571,0.075924,0.044483,0.4866,0.1894,0.11057,0.22945,-0.088993,0.0075415,0.17317,-0.62947,-0.6546,0.17785,-0.571,0.1797,-0.55215
-0.0064683,-0.017728,-0.10127,0.049095,-0.70728,-0.63052,0.47042,-0.65312,0.1855,0.1765,-0.057593,0.41545,0.19648,0.019759,0.21628,-0.049012,0.012133,0.40969,-0.744,-0.87244,0.16297,-0.6218,0.14865,-0.4377
-0.0058905,-0.026301,-0.10014,0.039784,-0.52994,-0.68818,0.58961,-0.63249,0.22839,0.23697,-0.13783,0.34907,0.20457,-0.12593,0.19478,-0.21132,0.01207,0.66227,-0.8051,-1.0559,0.13542,-0.7045,0.11753,-0.24499
-0.0064865,-0.038327,-0.098786,0.026541,-0.32362,-0.81685,0.62207,-0.66732,0.26118,0.28057,-0.17665,0.25621,0.18786,-0.26324,0.16424,-0.56658,0.010717,0.94107,-0.74523,-1.1542,0.094176,-0.83035,0.088164,-0.036075
-0.0096564,-0.051561,-0.096581,0.011465,-0.1359,-0.96552,0.55683,-0.73389,0.27955,0.31285,-0.1728,0.14035,0.13437,-0.36231,0.12123,-0.98315,0.012317,1.2545,-0.53165,-1.136,0.042942,-1.0118,0.058423,0.12178
-0.014786,-0.062994,-0.093689,-0.0022986,0.038843,-1.086,0.40484,-0.8073,0.28053,0.32958,-0.13822,0.033857,0.056178,-0.45353,0.062361,-1.2926,0.01831,1.571,-0.19873,-1.0121,-0.010638,-1.2414,0.026701,0.19744
-0.019089,-0.070132,-0.090468,-0.011411,0.24636,-1.1482,0.20068,-0.87461,0.26543,0.32763,-0.08873,-0.0335,-0.018153,-0.61582,-0.011278,-1.4099,0.025547,1.8095,0.15792,-0.84006,-0.057731,-1.4746,-0.0039244,0.20326
-0.019445,-0.072083,-0.086889,-0.014006,0.52452,-1.1415,-0.0043329,-0.93308,0.24061,0.30848,-0.038179,-0.063971,-0.062816,-0.93281,-0.092403,-1.3932,0.028228,1.8825,0.42981,-0.70508,-0.091289,-1.6398,-0.02573,0.16939
-0.014946,-0.069828,-0.082523,-0.010998,0.86986,-1.0696,-0.16046,-0.98021,0.21487,0.27408,0.0023502,-0.094134,-0.070341,-1.4408,-0.17133,-1.3903,0.022174,1.7668,0.55614,-0.68402,-0.10735,-1.6743,-0.030929,0.11463
-0.0080327,-0.065518,-0.076967,-0.0058126,1.2524,-0.94752,-0.24216,-1.0084,0.19503,0.22176,0.024647,-0.16889,-0.051905,-2.097,-0.24332,-1.5125,0.0078888,1.5395,0.55351,-0.80956,-0.10457,-1.5637,-0.017279,0.041852
-0.0030636,-0.06117,-0.070277,-0.0024474,1.6606,-0.79858,-0.25983,-1.0104,0.18274,0.14293,0.0262,-0.31031,-0.024854,-2.7872,-0.31316,-1.7371,-0.010198,1.3368,0.493,-1.054,-0.083702,-1.3526,0.0097534,-0.041173
-0.0032817,-0.057494,-0.063071,-0.0031632,2.1239,-0.64963,-0.25011,-0.98868,0.17482,0.026253,0.013574,-0.5067,-0.00055225,-3.3714,-0.39177,-1.9227,-0.027545,1.2569,0.44339,-1.3408,-0.048503,-1.1183,0.039945,-0.10194
-0.0085399,-0.053593,-0.05635,-0.0074169,2.6786,-0.52324,-0.24949,-0.95928,0.16661,-0.136,0.0010313,-0.72694,0.016715,-3.7442,-0.4859,-1.9243,-0.042914,1.2828,0.42467,-1.5773,-0.0069538,-0.92319,0.064057,-0.090665
-0.015571,-0.0479,-0.051228,-0.012734,3.3024,-0.43309,-0.27009,-0.94466,0.15568,-0.33924,0.0026899,-0.94227,0.021655,-3.8766,-0.58827,-1.7118,-0.058301,1.2901,0.40577,-1.6906,0.029897,-0.78156,0.078194,0.025744
-0.02051,-0.039988,-0.048682,-0.016815,3.8826,-0.38662,-0.29576,-0.96198,0.14302,-0.55846,0.023475,-1.1341,0.0027604,-3.8129,-0.67608,-1.3905,-0.075491,1.1416,0.34315,-1.6484,0.052608,-0.66038,0.084186,0.2327
-0.02159,-0.032011,-0.049284,-0.019389,4.2621,-0.39094,-0.29997,-1.0158,0.13089,-0.74793,0.056767,-1.2846,-0.050561,-3.6249,-0.71999,-1.1065,-0.09248,0.79734,0.22475,-1.4587,0.05878,-0.51058,0.086603,0.47074
-0.019958,-0.028374,-0.052823,-0.02257,4.3376,-0.45271,-0.26904,-1.098,0.11912,-0.85504,0.091423,-1.3656,-0.13254,-3.3559,-0.69777,-0.92161,-0.1032,0.35267,0.082551,-1.1545,0.054457,-0.30293,0.089126,0.67474
-0.018249,-0.033219,-0.05795,-0.029477,4.1316,-0.56814,-0.21024,-1.1913,0.10295,-0.84569,0.12224,-1.344,-0.2126,-2.9929,-0.60411,-0.76405,-0.10104,-0.024239,-0.033177,-0.77803,0.049387,-0.043983,0.092583,0.81866
-0.018373,-0.0471,-0.062179,-0.041936,3.7756,-0.71131,-0.13939,-1.2716,0.074604,-0.72605,0.15454,-1.2038,-0.24645,-2.4893,-0.45174,-0.49883,-0.083433,-0.2072,-0.092614,-0.37374,0.04947,0.23439,0.095132,0.92865
-0.020365,-0.065374,-0.062579,-0.058679,3.414,-0.83595,-0.061724,-1.3102,0.02799,-0.54338,0.1987,-0.96456,-0.20351,-1.819,-0.26553,-0.055609,-0.053564,-0.19062,-0.10402,0.010572,0.052733,0.49838,0.093606,1.0532
-0.022953,-0.080066,-0.057069,-0.075295,3.1086,-0.89623,0.03354,-1.2824,-0.036042,-0.36214,0.25992,-0.67709,-0.091493,-1.0195,-0.074762,0.49438,-0.018199,-0.076838,-0.097645,0.32566,0.052371,0.72848,0.084893,1.2159
-0.025009,-0.084436,-0.045643,-0.086266,2.8186,-0.87441,0.15819,-1.1792,-0.10756,-0.23077,0.33255,-0.39683,0.041489,-0.19085,0.092938,0.97427,0.016461,0.0099316,-0.09369,0.53267,0.044077,0.91908,0.066976,1.3908
-0.026441,-0.077125,-0.030618,-0.088081,2.4645,-0.79294,0.303,-1.0163,-0.17032,-0.16259,0.40418,-0.15402,0.1314,0.54664,0.21582,1.2144,0.047314,0.011973,-0.084607,0.62144,0.030988,1.0676,0.039747,1.5197
-0.02785,-0.062702,-0.015501,-0.081461,2.0076,-0.69843,0.43083,-0.82823,-0.20853,-0.14224,0.46543,0.055634,0.13345,1.1004,0.28181,1.1448,0.073587,-0.035995,-0.047306,0.62089,0.021837,1.167,0.0055363,1.555
-0.029417,-0.048088,-0.0030471,-0.071077,1.4693,-0.62791,0.4946,-0.64919,-0.2141,-0.14729,0.5168,0.25478,0.044648,1.424,0.29162,0.79713,0.094224,-0.053918,0.026868,0.58815,0.024174,1.2097,-0.03109,1.4925
-0.030188,-0.037601,0.0061674,-0.06273,0.87641,-0.58332,0.46784,-0.49371,-0.19064,-0.16335,0.56663,0.45783,-0.099478,1.5029,0.25862,0.23624,0.10641,0.0083707,0.1124,0.57757,0.03872,1.1973,-0.064666,1.3697
-0.028523,-0.030523,0.013609,-0.059834,0.19497,-0.53437,0.36315,-0.35258,-0.15184,-0.18067,0.6225,0.65557,-0.24824,1.3373,0.20384,-0.49788,0.10692,0.12755,0.15928,0.60831,0.059393,1.1446,-0.09103,1.2351
-0.02346,-0.022892,0.021204,-0.061646,-0.66983,-0.44691,0.22343,-0.2077,-0.1153,-0.18089,0.68358,0.82036,-0.36184,0.95156,0.14743,-1.3732,0.095138,0.22371,0.12645,0.65437,0.078039,1.0699,-0.10932,1.1155
-0.015828,-0.011683,0.029587,-0.064378,-1.7885,-0.31366,0.093132,-0.053333,-0.095237,-0.13434,0.73991,0.92421,-0.42493,0.42514,0.10143,-2.2954,0.075047,0.21894,0.013408,0.66647,0.089068,0.9796,-0.12246,1.0065
-0.0080596,0.0023818,0.037615,-0.064185,-3.105,-0.16403,-0.0073363,0.09432,-0.097715,-0.017615,0.77846,0.955,-0.44444,-0.092431,0.067953,-3.0709,0.054199,0.091447,-0.13447,0.61081,0.090326,0.86023,-0.1355,0.88706
-0.0026416,0.015627,0.043515,-0.059705,-4.4124,-0.046781,-0.084722,0.20699,-0.12025,0.16095,0.79086,0.92185,-0.43786,-0.41953,0.043341,-3.4698,0.040201,-0.11237,-0.25147,0.49562,0.081017,0.68827,-0.15235,0.74012
-0.00042378,0.024774,0.046651,-0.052461,-5.4464,0.00030387,-0.15461,0.26494,-0.15468,0.35311,0.77757,0.85095,-0.42064,-0.42398,0.024639,-3.3594,0.036962,-0.31165,-0.29008,0.36496,0.060284,0.45094,-0.17275,0.56274
-0.00023275,0.029623,0.048384,-0.045283,-6.0373,-0.027549,-0.22005,0.27139,-0.19049,0.49413,0.74709,0.77771,-0.39789,-0.093159,0.013143,-2.8035,0.042937,-0.44258,-0.24624,0.26599,0.02861,0.16218,-0.19129,0.35961
-0.00013589,0.032793,0.051264,-0.040317,-6.2077,-0.10128,-0.26595,0.25001,-0.21686,0.54518,0.71197,0.73829,-0.36286,0.46466,0.012464,-2.0272,0.052128,-0.49128,-0.15611,0.21705,-0.009666,-0.1401,-0.19949,0.13223
0.00085964,0.037085,0.057197,-0.038092,-6.1416,-0.17645,-0.27243,0.22894,-0.22344,0.52322,0.68424,0.76024,-0.30339,1.0937,0.023207,-1.2617,0.057103,-0.48905,-0.069408,0.20219,-0.046246,-0.41382,-0.19017,-0.12308
0.0023288,0.043114,0.06602,-0.037872,-6.0489,-0.2178,-0.2332,0.22445,-0.20217,0.49359,0.67165,0.85344,-0.21464,1.6826,0.039433,-0.58514,0.052488,-0.47954,-0.019268,0.19379,-0.07249,-0.63421,-0.16175,-0.40476
0.0035694,0.049261,0.075552,-0.038496,-6.031,-0.21517,-0.16211,0.23554,-0.15076,0.52916,0.67507,1.0063,-0.11106,2.2007,0.050951,0.10704,0.037438,-0.48524,-0.0080281,0.18071,-0.084173,-0.80132,-0.12,-0.6921
0.0049902,0.053681,0.082981,-0.038887,-6.0421,-0.18167,-0.082764,0.25108,-0.076295,0.6662,0.68812,1.1922,-0.027647,2.6535,0.050633,0.97191,0.016015,-0.49767,-0.014911,0.17638,-0.083332,-0.9304,-0.076196,-0.94081
0.0079988,0.056223,0.086535,-0.038165,-5.959,-0.13599,-0.01163,0.26201,0.0047432,0.88857,0.70006,1.3842,-0.0046846,3.0052,0.041149,2.033,-0.0047706,-0.49458,-0.016403,0.20143,-0.075746,-1.0357,-0.042422,-1.0951
0.01323,0.058487,0.08631,-0.035741,-5.6853,-0.080407,0.050856,0.26921,0.072313,1.1482,0.70147,1.5683,-0.06289,3.1486,0.034945,3.0946,-0.018405,-0.46666,-0.0035322,0.25925,-0.066549,-1.1219,-0.026625,-1.1117
0.018959,0.06216,0.083921,-0.031561,-5.2023,0.0097955,0.1151,0.28283,0.11229,1.4011,0.68982,1.7462,-0.18533,2.9639,0.046167,3.8372,-0.02204,-0.43086,0.014721,0.32848,-0.057935,-1.1876,-0.03009,-0.9838
0.021746,0.067333,0.081421,-0.026169,-4.5437,0.17601,0.18988,0.31609,0.12375,1.6298,0.67107,1.9235,-0.32054,2.4281,0.080019,4.027,-0.017517,-0.41995,0.021521,0.3793,-0.050446,-1.235,-0.048375,-0.75123
0.019252,0.072365,0.080225,-0.020299,-3.7449,0.44972,0.27419,0.38003,0.11871,1.8378,0.65563,2.0952,-0.40685,1.6802,0.12792,3.6832,-0.0096277,-0.45745,0.0066492,0.39803,-0.045691,-1.2755,-0.074722,-0.48962
0.012776,0.075265,0.080492,-0.014261,-2.8337,0.82673,0.35892,0.48312,0.11382,2.0277,0.65108,2.2401,-0.40231,0.97637,0.17285,3.0743,-0.0027747,-0.53735,-0.024958,0.39781,-0.047107,-1.3252,-0.10361,-0.28175
0.0068959,0.075261,0.081124,-0.0078824,-1.8721,1.2603,0.43413,0.63402,0.11967,2.186,0.6566,2.3289,-0.30151,0.54872,0.2009,2.5468,0.0016253,-0.62262,-0.055394,0.407,-0.057694,-1.3956,-0.13242,-0.183
0.0060739,0.073168,0.080349,-0.0012398,-0.99302,1.6786,0.49413,0.84193,0.13488,2.2862,0.66271,2.3403,-0.13124,0.46792,0.20988,2.3113,0.0052168,-0.66202,-0.064022,0.44739,-0.0769,-1.485,-0.16069,-0.19801
0.011018,0.070411,0.076754,0.0045226,-0.37125,2.0141,0.53674,1.111,0.14866,2.3051,0.65632,2.2691,0.06748,0.60896,0.20776,2.3365,0.010381,-0.61339,-0.038767,0.52142,-0.099765,-1.5771,-0.18799,-0.28154
0.017999,0.067696,0.070309,0.0074311,-0.13142,2.2277,0.55991,1.432,0.14905,2.2375,0.62767,2.1224,0.25694,0.74783,0.20288,2.41,0.017504,-0.46075,0.018042,0.61686,-0.11913,-1.6453,-0.21206,-0.36408
0.021815,0.064512,0.062685,0.0062193,-0.26602,2.313,0.56061,1.7775,0.13032,2.0995,0.57516,1.9081,0.41092,0.71675,0.1945,2.3056,0.024159,-0.21967,0.091776,0.72074,-0.12886,-1.6614,-0.22828,-0.38824
0.019878,0.059797,0.056376,0.0019272,-0.63992,2.2851,0.53737,2.108,0.094815,1.9236,0.50588,1.6302,0.51486,0.50432,0.17252,1.9311,0.026985,0.068731,0.16362,0.82787,-0.12532,-1.6049,-0.23072,-0.33454
0.013996,0.053125,0.053041,-0.0021481,-1.0846,2.1654,0.49282,2.3842,0.049517,1.7517,0.43243,1.298,0.56419,0.23467,0.12651,1.3647,0.02482,0.35209,0.22005,0.9379,-0.10688,-1.4702,-0.21441,-0.22198
0.0085422,0.045384,0.052279,-0.0025595,-1.5026,1.9736,0.43352,2.5792,0.0016663,1.6285,0.36796,0.94129,0.56393,0.055884,0.056272,0.77849,0.020436,0.58586,0.25904,1.0473,-0.073129,-1.2682,-0.17792,-0.085732
0.0068311,0.038416,0.051911,0.0017226,-1.8914,1.7301,0.36741,2.6805,-0.042958,1.5914,0.3217,0.61573,0.52785,0.032744,-0.025357,0.32184,0.019207,0.75045,0.28991,1.1471,-0.026142,-1.0206,-0.12535,0.050008
0.0088289,0.033863,0.049614,0.0085633,-2.2688,1.4612,0.30237,2.686,-0.079004,1.6557,0.29667,0.3881,0.47462,0.12173,-0.099864,0.048208,0.025453,0.85703,0.32702,1.2278,0.027319,-0.75068,-0.066314,0.18362
0.011857,0.032041,0.04457,0.014496,-2.5754,1.2013,0.24715,2.5993,-0.10077,1.8025,0.29012,0.30707,0.42175,0.22936,-0.15402,-0.082197,0.039231,0.93583,0.38025,1.286,0.075481,-0.47616,-0.013342,0.32506
0.013259,0.031651,0.037761,0.017506,-2.6558,0.98843,0.21195,2.4315,-0.1041,1.9804,0.29597,0.37933,0.3813,0.28925,-0.18529,-0.14921,0.056157,1.0116,0.44728,1.3236,0.10556,-0.20966,0.022594,0.47327
0.012516,0.030511,0.03084,0.018222,-2.3498,0.85388,0.20522,2.2085,-0.0902,2.1245,0.3077,0.56793,0.35953,0.2931,-0.19793,-0.21827,0.07044,1.0825,0.51258,1.3408,0.11052,0.035702,0.036371,0.60262
0.01116,0.026864,0.024782,0.018538,-1.6282,0.81127,0.22714,1.9717,-0.067802,2.1832,0.32016,0.81323,0.35874,0.2666,-0.19458,-0.31677,0.078656,1.1183,0.55454,1.3312,0.093789,0.24346,0.030349,0.67098
0.010938,0.020374,0.019584,0.019195,-0.65679,0.84883,0.26536,1.7669,-0.050918,2.1372,0.32994,1.0603,0.37816,0.23219,-0.17178,-0.4402,0.081242,1.0819,0.55739,1.2859,0.067723,0.39942,0.01247,0.64499
0.012112,0.012164,0.015043,0.01881,0.27065,0.93039,0.29835,1.6245,-0.05251,2.001,0.33517,1.2738,0.41326,0.20002,-0.12411,-0.56858,0.080773,0.95764,0.52109,1.2029,0.046316,0.50222,-0.0078921,0.52373
0.013374,0.00395,0.01148,0.015337,0.89107,1.0072,0.3059,1.5444,-0.077544,1.8099,0.33585,1.4349,0.45571,0.18487,-0.053104,-0.67807,0.07893,0.76489,0.46264,1.0937,0.037205,0.5678,-0.023779,0.34288
0.013223,-0.0030322,0.009444,0.0084476,1.1109,1.0377,0.27967,1.4984,-0.11945,1.607,0.33481,1.5297,0.49614,0.21304,0.027539,-0.74694,0.07497,0.54637,0.40751,0.97612,0.038789,0.61944,-0.03231,0.15591
0.01139,-0.0084567,0.0087177,0.00042732,1.0342,1.0054,0.22619,1.4471,-0.16199,1.4355,0.33768,1.5454,0.52819,0.29715,0.096377,-0.76204,0.066778,0.3415,0.37612,0.86118,0.043964,0.66817,-0.034047,0.0055426
0.0090402,-0.012476,0.0079056,-0.0052953,0.87469,0.92468,0.16019,1.3615,-0.1857,1.336,0.35059,1.4784,0.5501,0.40132,0.1361,-0.72692,0.053046,0.16689,0.37385,0.74329,0.046609,0.69907,-0.031294,-0.095169
0.0076926,-0.014948,0.0053961,-0.0065604,0.82385,0.82911,0.093828,1.2323,-0.17604,1.3371,0.37609,1.3468,0.56264,0.44194,0.14432,-0.66545,0.034366,0.019272,0.3905,0.60589,0.045206,0.67683,-0.026576,-0.16075
0.0079372,-0.015149,0.00093264,-0.0035927,0.96469,0.74858,0.029735,1.0647,-0.12972,1.44,0.41015,1.1902,0.56591,0.34031,0.13492,-0.61488,0.01257,-0.10432,0.40879,0.4392,0.041153,0.56885,-0.021656,-0.21492
0.0090301,-0.012329,-0.0038796,0.0019671,1.2665,0.69052,-0.038172,0.86727,-0.056241,1.6059,0.44292,1.0541,0.55903,0.087977,0.1288,-0.60964,-0.010418,-0.18957,0.41539,0.25585,0.034428,0.36884,-0.016929,-0.27148
0.0095688,-0.0066869,-0.0069427,0.0088247,1.6353,0.63641,-0.11849,0.64557,0.026195,1.7612,0.46326,0.96623,0.54293,-0.23682,0.14032,-0.66533,-0.032794,-0.20856,0.40708,0.090212,0.02143,0.10258,-0.01118,-0.32884
0.0085344,8.1726e-005,-0.0077952,0.016691,1.9684,0.55521,-0.21651,0.40573,0.098671,1.827,0.4639,0.92417,0.52205,-0.52545,0.16913,-0.77246,-0.05235,-0.14273,0.38891,-0.020952,-0.0025783,-0.18803,-0.0021218,-0.38009
0.0058582,0.0051984,-0.0083588,0.025315,2.1834,0.42362,-0.33264,0.16067,0.14921,1.7571,0.4434,0.90206,0.50124,-0.72477,0.20222,-0.9029,-0.066652,-0.0054182,0.3673,-0.063316,-0.03854,-0.46867,0.01218,-0.428
0.0022457,0.0059721,-0.011295,0.033185,2.2311,0.24033,-0.46419,-0.069807,0.17599,1.5616,0.40386,0.87139,0.47942,-0.87843,0.22389,-1.0244,-0.074579,0.15748,0.34434,-0.056457,-0.080578,-0.72428,0.031675,-0.49051
-0.001382,0.0010091,-0.017341,0.037593,2.108,0.027103,-0.60679,-0.2672,0.18478,1.2966,0.34743,0.81808,0.44665,-1.0859,0.22585,-1.1144,-0.077834,0.2934,0.31783,-0.041917,-0.11756,-0.95091,0.053747,-0.59079
-0.0043343,-0.0091591,-0.024229,0.036363,1.869,-0.18151,-0.75289,-0.42377,0.18339,1.0295,0.27531,0.74355,0.3897,-1.4133,0.21082,-1.1673,-0.080248,0.3783,0.28666,-0.054725,-0.13804,-1.1378,0.074357,-0.73897
-0.0062911,-0.022161,-0.028466,0.029837,1.6163,-0.35249,-0.88882,-0.5441,0.17712,0.80028,0.19023,0.65236,0.30364,-1.8307,0.1885,-1.1926,-0.084564,0.43448,0.2568,-0.097709,-0.13504,-1.2586,0.090305,-0.91993
-0.0072595,-0.034376,-0.028493,0.021311,1.4527,-0.4654,-0.99471,-0.63675,0.16798,0.60653,0.099087,0.54073,0.20049,-2.2241,0.16852,-1.2061,-0.08923,0.51593,0.24218,-0.1367,-0.10786,-1.2818,0.10102,-1.0976
-0.0075138,-0.0419,-0.026246,0.015347,1.4191,-0.51644,-1.0505,-0.70381,0.15651,0.41788,0.012101,0.39821,0.10686,-2.4638,0.15612,-1.2179,-0.088578,0.66975,0.25818,-0.12063,-0.061134,-1.1921,0.10861,-1.2335
-0.0075356,-0.041914,-0.025554,0.015094,1.4655,-0.515,-1.0455,-0.73812,0.14353,0.20586,-0.062303,0.22086,0.050901,-2.4694,0.15258,-1.2237,-0.077102,0.90067,0.31129,-0.013697,-0.0027332,-1.0047,0.11615,-1.3049
-0.0078657,-0.034183,-0.028777,0.020492,1.4874,-0.47588,-0.98486,-0.73102,0.1301,-0.033803,-0.12267,0.02245,0.046997,-2.2304,0.15816,-1.2031,-0.054662,1.1642,0.39224,0.18119,0.057817,-0.75953,0.12558,-1.3107
-0.0088402,-0.021777,-0.034777,0.02856,1.4057,-0.41144,-0.88621,-0.68376,0.11646,-0.28007,-0.17486,-0.16881,0.088284,-1.7864,0.17294,-1.1288,-0.027942,1.3939,0.47857,0.42208,0.11066,-0.50034,0.13653,-1.26
-0.01032,-0.009957,-0.04002,0.035497,1.23,-0.32851,-0.76733,-0.61212,0.10191,-0.50286,-0.22637,-0.32681,0.15066,-1.2078,0.1942,-0.9847,-0.0062949,1.5418,0.54612,0.65018,0.14754,-0.25588,0.14678,-1.1567
-0.011626,-0.0032364,-0.041724,0.039125,1.0516,-0.23168,-0.63448,-0.53977,0.086152,-0.68177,-0.27907,-0.44337,0.20446,-0.5927,0.2133,-0.78264,0.0050292,1.6055,0.58172,0.81973,0.16436,-0.03681,0.15372,-0.99506
-0.011842,-0.0023381,-0.040191,0.040038,0.96929,-0.12999,-0.48178,-0.48597,0.070545,-0.81416,-0.32633,-0.52925,0.22635,-0.06229,0.21688,-0.56482,0.0086453,1.6212,0.58781,0.91757,0.16294,0.15229,0.15584,-0.77321
-0.010449,-0.0035654,-0.038395,0.04072,1.0094,-0.041099,-0.30436,-0.45764,0.057733,-0.91042,-0.35773,-0.59914,0.20577,0.27378,0.19378,-0.38677,0.012424,1.6337,0.57582,0.96238,0.15023,0.29953,0.15337,-0.51308
-0.0079036,-0.0016414,-0.039425,0.043341,1.1039,0.011965,-0.11548,-0.45148,0.049609,-0.98358,-0.36772,-0.65419,0.14501,0.37614,0.1437,-0.2882,0.022559,1.6661,0.55448,0.98688,0.13468,0.38489,0.14784,-0.2667
-0.0056491,0.0057971,-0.044071,0.047914,1.145,0.010488,0.048261,-0.46273,0.045626,-1.0419,-0.36154,-0.67814,0.054956,0.31128,0.080011,-0.27134,0.038183,1.7125,0.52342,1.0158,0.12189,0.39331,0.14101,-0.096888
-0.0052955,0.015708,-0.050433,0.052249,1.0666,-0.04985,0.14183,-0.49211,0.043218,-1.0877,-0.35304,-0.6515,-0.050182,0.21973,0.023131,-0.30365,0.052087,1.7534,0.47716,1.0529,0.11246,0.33034,0.13376,-0.041524
-0.0073956,0.021606,-0.055541,0.053716,0.888,-0.15563,0.13887,-0.54493,0.040109,-1.1214,-0.35543,-0.57247,-0.15637,0.2254,-0.01197,-0.34363,0.056807,1.7779,0.41533,1.0818,0.10332,0.22618,0.12565,-0.08747
-0.010749,0.018821,-0.057522,0.051394,0.68826,-0.28155,0.051211,-0.62436,0.036422,-1.144,-0.37168,-0.46696,-0.25037,0.35194,-0.024817,-0.36958,0.050711,1.793,0.34892,1.0798,0.091503,0.12286,0.11542,-0.17579
-0.012949,0.0088428,-0.0567,0.046862,0.5404,-0.40156,-0.075441,-0.72538,0.03475,-1.1588,-0.39167,-0.3783,-0.31865,0.51466,-0.027847,-0.38737,0.039004,1.8149,0.29664,1.0322,0.076972,0.052291,0.10225,-0.23635
-0.011945,-0.0010755,-0.055057,0.043068,0.46299,-0.49774,-0.18825,-0.83435,0.038155,-1.169,-0.39907,-0.34335,-0.34786,0.59706,-0.035352,-0.41157,0.029324,1.854,0.27462,0.94343,0.062313,0.019254,0.086766,-0.22577
-0.0075015,-0.0031828,-0.05467,0.042252,0.42429,-0.56241,-0.25736,-0.93391,0.047845,-1.1762,-0.38317,-0.37225,-0.3294,0.55002,-0.052012,-0.43834,0.026268,1.9086,0.28838,0.83597,0.049782,-0.00013632,0.07113,-0.1401
-0.0014506,0.0046302,-0.05628,0.044537,0.38499,-0.59462,-0.28749,-1.0091,0.062221,-1.1796,-0.34748,-0.44615,-0.26689,0.43325,-0.070505,-0.43728,0.029545,1.9685,0.33312,0.74108,0.038639,-0.044595,0.057992,0.003604
0.0034152,0.016765,-0.058943,0.04804,0.3355,-0.59666,-0.30372,-1.0511,0.077686,-1.1796,-0.30861,-0.5334,-0.18111,0.36867,-0.079983,-0.37343,0.036519,2.023,0.40037,0.68306,0.025312,-0.14814,0.048876,0.19464
0.0049603,0.023809,-0.060905,0.050185,0.29673,-0.57432,-0.32489,-1.0585,0.090253,-1.1817,-0.28612,-0.61143,-0.10597,0.44916,-0.077709,-0.24207,0.045717,2.0613,0.48385,0.66569,0.0061783,-0.3266,0.042894,0.43486
0.0027365,0.019553,-0.061004,0.049193,0.29108,-0.53895,-0.34704,-1.0357,0.096844,-1.1972,-0.29051,-0.67807,-0.074593,0.67752,-0.073231,-0.084155,0.057534,2.0693,0.57973,0.66835,-0.019761,-0.57573,0.036441,0.71524
-0.0020309,0.0057277,-0.059524,0.044982,0.3165,-0.50554,-0.34962,-0.98901,0.095855,-1.2386,-0.31784,-0.74549,-0.10235,0.97711,-0.0808,0.037024,0.071692,2.0284,0.68246,0.65638,-0.050699,-0.87645,0.024175,0.98652
-0.0072002,-0.0092808,-0.057831,0.039194,0.34843,-0.48439,-0.31707,-0.92084,0.087238,-1.3109,-0.35442,-0.82299,-0.17761,1.2523,-0.10609,0.084672,0.084618,1.9242,0.78141,0.6021,-0.083874,-1.1982,0.0012871,1.1593
-0.010657,-0.016819,-0.057128,0.034411,0.36458,-0.47189,-0.25556,-0.82624,0.072358,-1.4044,-0.38717,-0.90326,-0.26703,1.442,-0.13875,0.08513,0.090051,1.7578,0.86143,0.50496,-0.1167,-1.4948,-0.033355,1.1478
-0.011108,-0.014552,-0.057465,0.032781,0.36594,-0.45008,-0.18997,-0.69559,0.053633,-1.496,-0.41151,-0.96245,-0.33254,1.5276,-0.15786,0.11937,0.083069,1.5508,0.90719,0.39727,-0.14533,-1.7002,-0.074482,0.93202
-0.0086115,-0.008154,-0.057874,0.034637,0.37391,-0.39922,-0.14438,-0.52446,0.033937,-1.5598,-0.43085,-0.97322,-0.34941,1.5056,-0.14674,0.26938,0.064302,1.3363,0.90825,0.32905,-0.1624,-1.7359,-0.11025,0.59161
-0.0046566,-0.0068222,-0.057492,0.038,0.40791,-0.31474,-0.12416,-0.32321,0.015941,-1.5795,-0.449,-0.91978,-0.3153,1.3611,-0.10549,0.55565,0.040631,1.143,0.86316,0.33939,-0.15785,-1.5413,-0.12631,0.27793
-0.0015868,-0.016176,-0.056529,0.039547,0.46612,-0.21332,-0.11539,-0.11555,0.0017536,-1.5536,-0.46254,-0.80354,-0.2472,1.0691,-0.051469,0.91222,0.021439,0.98514,0.78136,0.43181,-0.1247,-1.1146,-0.11349,0.13563
-0.0014149,-0.034087,-0.056086,0.036638,0.52672,-0.1198,-0.10124,0.077479,-0.0070925,-1.4901,-0.45974,-0.63729,-0.17146,0.61585,-0.0078189,1.2209,0.012992,0.86298,0.68174,0.57051,-0.066414,-0.53762,-0.074798,0.22193
-0.0046146,-0.05256,-0.056901,0.028988,0.56679,-0.043926,-0.079125,0.2579,-0.0096851,-1.3968,-0.42743,-0.43565,-0.11373,0.015952,0.010511,1.3832,0.014967,0.77226,0.58669,0.7012,0.0005899,0.041756,-0.026622,0.47641
-0.0096954,-0.063906,-0.058186,0.018706,0.58012,0.032418,-0.06254,0.45732,-0.0061776,-1.277,-0.36031,-0.21209,-0.091896,-0.68553,0.0026293,1.3796,0.021465,0.71169,0.51331,0.78348,0.053542,0.47104,0.0086277,0.76014
-0.013962,-0.066125,-0.0577,0.0087007,0.57895,0.14373,-0.066303,0.71862,0.0015412,-1.1347,-0.26557,0.015742,-0.11077,-1.4183,-0.02305,1.2747,0.025541,0.68328,0.46651,0.81313,0.075674,0.66454,0.015083,0.93687
-0.015062,-0.063336,-0.05317,0.00082722,0.58115,0.31207,-0.089844,1.0613,0.0097574,-0.98371,-0.15928,0.22007,-0.15795,-2.0872,-0.057367,1.1643,0.02381,0.68726,0.43955,0.81895,0.065726,0.63899,-0.0067484,0.94298
-0.012352,-0.061412,-0.044019,-0.00471,0.59725,0.52416,-0.11472,1.4539,0.01413,-0.84912,-0.057473,0.367,-0.20442,-2.575,-0.093808,1.1038,0.01786,0.71729,0.42195,0.83659,0.037341,0.48847,-0.039963,0.80521
-0.0072448,-0.062848,-0.032103,-0.0084743,0.62874,0.73359,-0.11886,1.8162,0.011905,-0.75565,0.031422,0.43148,-0.2145,-2.7646,-0.1245,1.0691,0.01182,0.75914,0.40839,0.87821,0.0089137,0.31762,-0.061631,0.60428
-0.0023067,-0.065232,-0.02085,-0.010605,0.67622,0.88661,-0.094291,2.0508,0.0037545,-0.71114,0.10789,0.41302,-0.16408,-2.5875,-0.13546,0.97904,0.0084189,0.7926,0.40076,0.92059,-0.0079885,0.18224,-0.056619,0.418
0.0003074,-0.064203,-0.013307,-0.01065,0.74617,0.95051,-0.052182,2.0887,-0.0063306,-0.69906,0.17639,0.33844,-0.057049,-2.0697,-0.10968,0.76591,0.0069335,0.79585,0.40162,0.92127,-0.012903,0.077879,-0.025503,0.28521
0.00013313,-0.057856,-0.010336,-0.0085229,0.84842,0.92416,-0.011197,1.9185,-0.013481,-0.68869,0.23876,0.24761,0.073289,-1.3384,-0.039498,0.44616,0.0046128,0.75287,0.40631,0.8517,-0.011442,-0.023297,0.018136,0.20805
-0.001456,-0.048567,-0.010122,-0.0054047,0.98754,0.82778,0.01953,1.5885,-0.015344,-0.65724,0.29102,0.17183,0.18235,-0.57331,0.06112,0.14209,7.6899e-005,0.66303,0.40258,0.72333,-0.0069428,-0.12583,0.057746,0.17752
-0.0023973,-0.040842,-0.0093532,-0.003414,1.1582,0.68663,0.047647,1.182,-0.014118,-0.60659,0.32534,0.12072,0.24091,0.065707,0.15638,0.033369,-0.0045748,0.5476,0.3795,0.58672,0.0031156,-0.19652,0.083156,0.19287
-0.0016408,-0.037502,-0.0054372,-0.004198,1.3503,0.5239,0.089802,0.7843,-0.015618,-0.56033,0.33548,0.086032,0.25075,0.48668,0.20529,0.25954,-0.0050387,0.44532,0.33742,0.50331,0.023207,-0.19275,0.093215,0.25774
-9.7109e-005,-0.037789,0.0016952,-0.0078382,1.5585,0.36398,0.15712,0.45559,-0.025784,-0.5416,0.32171,0.056684,0.23693,0.66613,0.18587,0.82729,0.0015086,0.39433,0.28889,0.50875,0.053068,-0.10586,0.092025,0.36108
9.5757e-005,-0.038928,0.0094818,-0.013241,1.7849,0.23425,0.24677,0.21847,-0.046822,-0.54827,0.29211,0.03121,0.22315,0.62304,0.11025,1.5799,0.013514,0.40855,0.24824,0.59247,0.085488,0.020735,0.083887,0.46551
-0.0023748,-0.039299,0.01458,-0.019644,2.0308,0.15584,0.34516,0.059737,-0.075536,-0.54671,0.25912,0.017027,0.21149,0.4048,0.018623,2.2558,0.025501,0.4646,0.21884,0.70557,0.11132,0.11601,0.071605,0.51823
-0.0062699,-0.039987,0.015529,-0.027583,2.2823,0.12874,0.43765,-0.057389,-0.10492,-0.49313,0.23266,0.017844,0.18403,0.095781,-0.044672,2.6116,0.031562,0.5106,0.18975,0.78938,0.1273,0.1302,0.058331,0.47911
-0.0080874,-0.043192,0.014319,-0.038073,2.5059,0.12694,0.51577,-0.17496,-0.12784,-0.36999,0.21341,0.020651,0.12461,-0.18071,-0.056898,2.5426,0.029041,0.49382,0.14514,0.80478,0.13952,0.070142,0.049446,0.34554
-0.0045335,-0.049122,0.015569,-0.050602,2.6607,0.11346,0.57752,-0.32199,-0.14007,-0.20997,0.19104,-0.0048992,0.040396,-0.30028,-0.027105,2.1298,0.019635,0.38999,0.078197,0.7456,0.15898,-0.005421,0.051331,0.15628
0.0046202,-0.054581,0.023654,-0.062068,2.7211,0.066711,0.62387,-0.50307,-0.14062,-0.084153,0.14992,-0.089934,-0.037572,-0.20663,0.014853,1.5855,0.0075062,0.21565,-0.0029064,0.63314,0.19303,-0.026313,0.067427,-0.028143
0.015734,-0.054961,0.039686,-0.068245,2.6948,-0.0033524,0.65664,-0.69945,-0.12937,-0.055864,0.080145,-0.24021,-0.076625,0.042617,0.040691,1.1328,-0.0035629,0.016607,-0.081572,0.50066,0.23959,0.04284,0.094996,-0.15563
0.023525,-0.048177,0.060474,-0.067055,2.6215,-0.064365,0.67953,-0.88237,-0.10453,-0.13023,-0.013078,-0.41754,-0.068544,0.30491,0.040608,0.89639,-0.011634,-0.15758,-0.14525,0.37941,0.28847,0.18279,0.12561,-0.20537
0.024802,-0.037032,0.080273,-0.060886,2.5531,-0.090126,0.6995,-1.0313,-0.06282,-0.23859,-0.1092,-0.54576,-0.036284,0.44881,0.024032,0.86622,-0.016142,-0.27616,-0.19249,0.29096,0.32787,0.33769,0.14929,-0.19146
0.020781,-0.027544,0.094156,-0.055501,2.5273,-0.085431,0.7248,-1.1463,-0.0029284,-0.27535,-0.18259,-0.54578,-0.015235,0.44663,0.0068843,0.94165,-0.016835,-0.33479,-0.22936,0.24491,0.35021,0.45501,0.15916,-0.14775
0.016058,-0.024169,0.10073,-0.055869,2.5522,-0.086285,0.75969,-1.2462,0.070303,-0.16537,-0.2164,-0.38333,-0.025213,0.38787,-0.0023534,1.0106,-0.013643,-0.34829,-0.26032,0.23882,0.3533,0.517,0.15358,-0.10442
0.015008,-0.025767,0.10244,-0.06212,2.6087,-0.13499,0.79984,-1.3545,0.14487,0.085916,-0.20999,-0.09868,-0.056862,0.40064,-0.0068459,1.0053,-0.0075174,-0.337,-0.28268,0.26049,0.33752,0.54178,0.1347,-0.071179
0.018511,-0.025942,0.10349,-0.069149,2.6672,-0.25029,0.83271,-1.4817,0.20581,0.39677,-0.17481,0.20704,-0.082535,0.54513,-0.014762,0.90969,-0.00089863,-0.31514,-0.28891,0.29379,0.30293,0.55638,0.10545,-0.036766
0.023635,-0.017986,0.10702,-0.07052,2.7048,-0.41597,0.84387,-1.6166,0.24243,0.66375,-0.12354,0.42672,-0.080319,0.76489,-0.02968,0.73408,0.0032575,-0.28465,-0.2727,0.32704,0.24916,0.56561,0.067676,0.016315
0.02645,-0.00064865,0.11355,-0.063651,2.7149,-0.59538,0.82551,-1.7314,0.25384,0.82381,-0.062692,0.50932,-0.050035,0.93027,-0.046908,0.49386,0.0033446,-0.23511,-0.23213,0.35932,0.17731,0.54344,0.022752,0.093492
0.025539,0.020135,0.12142,-0.051955,2.702,-0.75829,0.78152,-1.7994,0.24871,0.87799,0.0054307,0.48525,-0.0095026,0.93139,-0.057906,0.20759,0.00017632,-0.14991,-0.16824,0.39938,0.09092,0.45409,-0.026445,0.17965
0.02325,0.035369,0.12857,-0.042123,2.6711,-0.89809,0.72544,-1.8118,0.23943,0.86477,0.075036,0.43628,0.022376,0.74411,-0.057593,-0.095162,-0.0038266,-0.018532,-0.083428,0.45686,-0.0054681,0.28466,-0.074418,0.24559
0.023712,0.039945,0.13406,-0.038813,2.619,-1.0278,0.67238,-1.7851,0.23477,0.81287,0.13288,0.43289,0.039279,0.42548,-0.047737,-0.37682,-0.006624,0.15009,0.016072,0.53166,-0.10863,0.060939,-0.11437,0.26289
0.029348,0.036731,0.13834,-0.041204,2.5354,-1.1614,0.63071,-1.7526,0.23586,0.71655,0.16373,0.48733,0.047481,0.059274,-0.034268,-0.61048,-0.0078751,0.32246,0.116,0.6096,-0.2165,-0.16722,-0.14132,0.21623
0.038794,0.034259,0.14241,-0.044095,2.4141,-1.2985,0.59928,-1.7474,0.23762,0.55201,0.16108,0.55653,0.055885,-0.29295,-0.022092,-0.79797,-0.0084634,0.45145,0.19524,0.66807,-0.32428,-0.35671,-0.15461,0.10787
0.047821,0.039716,0.14667,-0.042305,2.2641,-1.4243,0.57186,-1.786,0.23373,0.31516,0.13323,0.58661,0.067626,-0.59965,-0.012386,-0.96673,-0.0089299,0.50002,0.23591,0.68818,-0.41936,-0.48918,-0.15758,-0.042094
0.052343,0.052997,0.15048,-0.034529,2.1099,-1.5248,0.54462,-1.863,0.22133,0.043136,0.098176,0.55792,0.080412,-0.83695,-0.0040608,-1.1436,-0.0085611,0.46316,0.23634,0.66483,-0.48004,-0.55941,-0.15451,-0.19459
0.051048,0.066764,0.1525,-0.023703,1.9782,-1.5997,0.52004,-1.9567,0.20235,-0.20112,0.071066,0.49381,0.0925,-0.9737,0.0031833,-1.3256,-0.0060869,0.37142,0.21511,0.60829,-0.48188,-0.54791,-0.14689,-0.29291
0.045766,0.072471,0.15168,-0.014182,1.8779,-1.6635,0.50366,-2.0405,0.18127,-0.36811,0.054461,0.43223,0.10612,-0.98544,0.0077781,-1.4736,-0.0011952,0.2717,0.2,0.53719,-0.4098,-0.41022,-0.13236,-0.27592
0.039686,0.067304,0.14814,-0.0085053,1.7897,-1.7301,0.49654,-2.0922,0.16158,-0.45161,0.038998,0.39235,0.1246,-0.88262,0.0080786,-1.5364,0.0047763,0.19863,0.2086,0.46888,-0.26969,-0.1034,-0.1073,-0.10601
0.035134,0.0564,0.14326,-0.006249,1.6731,-1.7972,0.49046,-2.0973,0.1435,-0.48587,0.012805,0.36821,0.1472,-0.72047,0.0047848,-1.4889,0.0096822,0.15723,0.23605,0.41428,-0.091306,0.36612,-0.071291,0.20255
0.032576,0.048745,0.1389,-0.0052117,1.4897,-1.8451,0.47096,-2.051,0.12421,-0.51553,-0.029054,0.35081,0.16856,-0.57436,0.0012356,-1.354,0.012008,0.12898,0.26008,0.37934,0.081307,0.915,-0.029808,0.57976
0.031173,0.050381,0.136,-0.0033993,1.2263,-1.8524,0.42704,-1.9613,0.099698,-0.56553,-0.082589,0.35006,0.18392,-0.49747,0.0011367,-1.1918,0.011387,0.094508,0.25917,0.3692,0.20802,1.4082,0.0074482,0.93306
0.029895,0.06033,0.13364,-0.00020508,0.90263,-1.8172,0.36009,-1.8516,0.066479,-0.63433,-0.14025,0.3886,0.195,-0.49407,0.0058559,-1.064,0.0077755,0.053303,0.22808,0.38825,0.26967,1.727,0.031704,1.2001
0.028133,0.071995,0.12941,0.0036297,0.56213,-1.7643,0.28502,-1.7579,0.022084,-0.71116,-0.19726,0.46846,0.20966,-0.52802,0.013722,-0.99921,0.00038904,0.02387,0.17781,0.43324,0.27397,1.8318,0.039934,1.382
0.025614,0.078284,0.12124,0.0067574,0.2521,-1.7291,0.22167,-1.7151,-0.035447,-0.79652,-0.25283,0.54172,0.23493,-0.55684,0.021748,-0.98356,-0.012201,0.024095,0.12112,0.48397,0.24684,1.7718,0.035535,1.5292
0.02225,0.076248,0.10926,0.0080735,0.0081797,-1.7292,0.18241,-1.7382,-0.10759,-0.9042,-0.30618,0.5173,0.26933,-0.56325,0.027955,-0.98194,-0.03072,0.048047,0.057798,0.50155,0.21511,1.6354,0.024338,1.6867
0.018356,0.068162,0.096109,0.0073763,-0.15091,-1.7498,0.16484,-1.811,-0.19376,-1.0414,-0.35212,0.30773,0.30164,-0.56274,0.032166,-0.97152,-0.053903,0.059321,-0.026205,0.44131,0.1916,1.4823,0.0093343,1.845
0.014913,0.059066,0.085253,0.0056274,-0.22135,-1.7534,0.1553,-1.8931,-0.28856,-1.1847,-0.38077,-0.11347,0.31762,-0.58775,0.034727,-0.96288,-0.078599,0.0092849,-0.14432,0.27715,0.17168,1.3112,-0.011364,1.9367
0.013194,0.053156,0.078337,0.0045758,-0.21094,-1.7094,0.14109,-1.9415,-0.37978,-1.2738,-0.38143,-0.6825,0.30932,-0.66558,0.034637,-0.99443,-0.10117,-0.13011,-0.29181,0.023428,0.14159,1.0862,-0.041525,1.8847
0.013706,0.051537,0.073912,0.0057902,-0.13662,-1.616,0.12238,-1.9316,-0.44954,-1.2342,-0.34685,-1.2629,0.27972,-0.80694,0.029043,-1.1061,-0.11876,-0.34135,-0.44051,-0.26247,0.091128,0.79163,-0.081411,1.663
0.015361,0.052395,0.068653,0.0096735,-0.019896,-1.4974,0.11371,-1.8642,-0.47938,-1.0138,-0.275,-1.6984,0.24015,-1.0076,0.014901,-1.3121,-0.12926,-0.5628,-0.5514,-0.50305,0.021331,0.46581,-0.12486,1.3186
0.015914,0.052968,0.060182,0.015221,0.12197,-1.3782,0.1323,-1.7548,-0.4576,-0.6132,-0.16891,-1.8705,0.20349,-1.2538,-0.0081979,-1.5891,-0.13033,-0.71788,-0.59617,-0.63852,-0.056854,0.18292,-0.1616,0.93866
0.0136,0.051772,0.049089,0.020753,0.28418,-1.2599,0.18014,-1.6183,-0.38511,-0.088319,-0.036831,-1.7357,0.17858,-1.5208,-0.036,-1.886,-0.11922,-0.75465,-0.57287,-0.6568,-0.12957,-0.0008152,-0.18309,0.59023
0.0086513,0.049606,0.038426,0.025038,0.47421,-1.1216,0.23419,-1.4636,-0.27604,0.47235,0.1068,-1.3327,0.16892,-1.7662,-0.060031,-2.1434,-0.094426,-0.67214,-0.50598,-0.59679,-0.18588,-0.089543,-0.18692,0.28323
0.0032844,0.048681,0.03109,0.027885,0.70034,-0.94319,0.25437,-1.3005,-0.15234,0.98379,0.24247,-0.76269,0.17479,-1.9287,-0.070834,-2.3133,-0.058294,-0.51967,-0.43292,-0.52334,-0.2185,-0.14363,-0.17639,-0.01474
5.471e-005,0.050469,0.027409,0.029851,0.9566,-0.73016,0.20706,-1.1478,-0.034955,1.3933,0.35145,-0.15404,0.19583,-1.9438,-0.062796,-2.3722,-0.018053,-0.37347,-0.38756,-0.49119,-0.22148,-0.23354,-0.15612,-0.32881
-7.0887e-005,0.053921,0.025027,0.031463,1.2168,-0.51515,0.088123,-1.0297,0.063201,1.6897,0.42444,0.37911,0.23238,-1.7739,-0.038196,-2.3261,0.016488,-0.30672,-0.3898,-0.52132,-0.18982,-0.3902,-0.12824,-0.6376
0.0016626,0.055578,0.021141,0.032725,1.4431,-0.33512,-0.071927,-0.96078,0.13851,1.8936,0.46677,0.77204,0.28503,-1.4382,-0.0079271,-2.21,0.037766,-0.36778,-0.44319,-0.602,-0.12352,-0.58973,-0.092745,-0.87864
0.0028867,0.051774,0.015077,0.033227,1.6032,-0.20506,-0.22601,-0.9325,0.19211,2.0369,0.49472,1.0253,0.35312,-1.0188,0.012409,-2.0762,0.044497,-0.57032,-0.53658,-0.70804,-0.032862,-0.77906,-0.051232,-0.99314
0.0019035,0.041396,0.0089401,0.032556,1.6816,-0.11218,-0.33943,-0.91678,0.22383,2.1461,0.52446,1.1938,0.43255,-0.63211,0.009874,-1.9725,0.041804,-0.89137,-0.64605,-0.82049,0.060893,-0.91574,-0.009792,-0.97152
-0.0012273,0.02705,0.0057647,0.030495,1.6787,-0.034634,-0.40867,-0.88596,0.22985,2.2362,0.56185,1.353,0.51378,-0.37547,-0.018617,-1.9156,0.037283,-1.2739,-0.7382,-0.93273,0.13281,-0.98855,0.022823,-0.86236
-0.0049472,0.013658,0.0068259,0.026968,1.6024,0.035146,-0.4571,-0.83198,0.2063,2.3149,0.60132,1.561,0.5817,-0.27745,-0.063679,-1.8773,0.036161,-1.6371,-0.77822,-1.0425,0.16601,-1.0076,0.04087,-0.73869
-0.0073685,0.0055025,0.010425,0.022087,1.4628,0.086066,-0.51318,-0.76648,0.15585,2.3917,0.63434,1.8345,0.61926,-0.28216,-0.10765,-1.7959,0.039314,-1.8993,-0.74296,-1.1407,0.16014,-0.98095,0.046271,-0.65063
-0.0074416,0.0039379,0.013156,0.016614,1.2763,0.10712,-0.58925,-0.70095,0.091308,2.4803,0.65942,2.1493,0.61445,-0.27954,-0.13379,-1.6111,0.045129,-2.0081,-0.63295,-1.2084,0.13059,-0.90419,0.047688,-0.60139
-0.0054644,0.007293,0.012512,0.012475,1.0723,0.1093,-0.6762,-0.62669,0.032117,2.5936,0.68396,2.4585,0.56721,-0.16682,-0.13522,-1.3011,0.052573,-1.9655,-0.47471,-1.226,0.09911,-0.77219,0.054139,-0.56177
-0.0028036,0.012666,0.0085928,0.012474,0.89109,0.12637,-0.7539,-0.51637,-0.004675,2.7311,0.7163,2.7145,0.49131,0.093467,-0.11826,-0.8956,0.061841,-1.8266,-0.30986,-1.1869,0.082167,-0.59919,0.068048,-0.50563
-0.0010675,0.017888,0.0035735,0.018719,0.77042,0.19006,-0.80484,-0.34997,-0.012922,2.8705,0.75539,2.8825,0.40847,0.45202,-0.098199,-0.45613,0.071794,-1.6726,-0.17665,-1.1082,0.084413,-0.42466,0.08329,-0.43478
-0.0011605,0.022109,-0.00042851,0.030519,0.72812,0.30117,-0.81924,-0.14296,0.00090719,2.9699,0.78888,2.9433,0.3371,0.79901,-0.090301,-0.039732,0.07724,-1.5684,-0.094864,-1.028,0.099831,-0.29613,0.089801,-0.37489
-0.0027432,0.024886,-0.0031312,0.043503,0.75333,0.42377,-0.79164,0.050307,0.024102,2.9873,0.80242,2.8924,0.28194,1.0209,-0.10154,0.32587,0.070071,-1.5333,-0.061873,-0.98961,0.11792,-0.24226,0.081109,-0.35093
-0.0045139,0.025076,-0.0059899,0.051319,0.81295,0.50928,-0.71808,0.16559,0.047516,2.9086,0.7929,2.7393,0.23099,1.0534,-0.12774,0.63832,0.044842,-1.5377,-0.059411,-1.0189,0.12998,-0.25695,0.05918,-0.36681
-0.005251,0.020929,-0.010468,0.049348,0.86782,0.52967,-0.6009,0.16891,0.07159,2.7674,0.77342,2.5082,0.16171,0.90024,-0.1571,0.89698,0.0046621,-1.525,-0.064046,-1.1073,0.13212,-0.30505,0.033415,-0.40606
-0.0048887,0.011606,-0.016371,0.037987,0.88725,0.49074,-0.45705,0.076504,0.10437,2.6396,0.76473,2.2364,0.052908,0.61437,-0.17728,1.0852,-0.038099,-1.4418,-0.055083,-1.2115,0.12484,-0.34168,0.015104,-0.44892
-0.0046656,-0.0011819,-0.021819,0.022819,0.85427,0.41598,-0.31897,-0.060028,0.15342,2.6068,0.7795,1.9697,-0.10443,0.25884,-0.18196,1.1767,-0.068032,-1.2576,-0.018679,-1.2726,0.11093,-0.32994,0.011487,-0.48659
-0.0060171,-0.013138,-0.024861,0.011202,0.76266,0.31966,-0.22161,-0.1888,0.21803,2.7076,0.81231,1.7543,-0.303,-0.1211,-0.17368,1.1587,-0.07573,-0.97289,0.049573,-1.2433,0.09306,-0.24879,0.022976,-0.5189
-0.0090245,-0.01959,-0.025201,0.0075801,0.61209,0.19734,-0.18274,-0.28352,0.28772,2.9066,0.84374,1.6295,-0.5226,-0.49917,-0.16194,1.0486,-0.062915,-0.61756,0.14277,-1.1086,0.072166,-0.094373,0.044322,-0.54067
-0.011857,-0.018617,-0.024405,0.01099,0.40679,0.043436,-0.19149,-0.34265,0.3479,3.1075,0.85491,1.6185,-0.73792,-0.84896,-0.15774,0.8841,-0.039991,-0.24536,0.24422,-0.88535,0.04673,0.11847,0.068035,-0.53434
-0.011964,-0.012665,-0.024362,0.01654,0.1573,-0.12358,-0.21537,-0.3701,0.38786,3.2063,0.84039,1.7207,-0.92521,-1.1278,-0.16693,0.69232,-0.01845,0.079176,0.33487,-0.60628,0.013567,0.35524,0.087768,-0.48025
-0.0082283,-0.0070237,-0.025466,0.019526,-0.11829,-0.25708,-0.22144,-0.36066,0.40516,3.1516,0.80918,1.9052,-1.0651,-1.2815,-0.18534,0.46682,-0.0042951,0.30435,0.40404,-0.3012,-0.029848,0.56815,0.1003,-0.37713
-0.0022336,-0.0059957,-0.026278,0.01888,-0.3967,-0.30906,-0.19593,-0.30478,0.40372,2.9687,0.77414,2.1157,-1.1423,-1.2678,-0.19865,0.17557,0.0030398,0.4186,0.45575,0.0099192,-0.082319,0.71314,0.10584,-0.25273
0.0026151,-0.0096462,-0.025116,0.017391,-0.65542,-0.26682,-0.14843,-0.20515,0.3885,2.7326,0.73984,2.2864,-1.1457,-1.0783,-0.18816,-0.19907,0.0069944,0.46302,0.50413,0.31062,-0.13693,0.76986,0.10694,-0.15126
0.0035706,-0.013849,-0.022131,0.018883,-0.87948,-0.16673,-0.099544,-0.085438,0.36195,2.5104,0.69949,2.3672,-1.0719,-0.74043,-0.14069,-0.61623,0.0098581,0.51284,0.56001,0.579,-0.18188,0.75025,0.10643,-0.10449
0.00057529,-0.013743,-0.019883,0.024805,-1.0662,-0.070737,-0.063635,0.020652,0.32482,2.3172,0.6429,2.3431,-0.93104,-0.29798,-0.057515,-0.96349,0.012043,0.6321,0.61933,0.78792,-0.20448,0.68829,0.10515,-0.10885
-0.00389,-0.0078465,-0.021617,0.032905,-1.2255,-0.02394,-0.040394,0.091114,0.27953,2.1168,0.56773,2.2351,-0.74979,0.21024,0.043166,-1.0927,0.014216,0.83012,0.66413,0.91632,-0.19684,0.61864,0.1007,-0.12758
-0.0069692,0.00055797,-0.028558,0.038805,-1.376,-0.02779,-0.020166,0.12867,0.23211,1.8632,0.48399,2.0815,-0.56668,0.75333,0.13298,-0.89193,0.018859,1.0527,0.67672,0.96186,-0.16017,0.56169,0.088346,-0.11678
-0.0076442,0.0058767,-0.038511,0.039126,-1.5359,-0.049334,0.0037359,0.15357,0.19032,1.5443,0.40769,1.911,-0.41988,1.2921,0.1863,-0.35628,0.028813,1.2182,0.65576,0.94303,-0.10493,0.52562,0.064234,-0.055517
-0.0070575,0.0044439,-0.047114,0.033888,-1.7142,-0.05517,0.027255,0.18377,0.15979,1.1956,0.34945,1.7268,-0.33276,1.7646,0.19238,0.38315,0.043992,1.2718,0.62003,0.88731,-0.046429,0.52029,0.029162,0.042384
-0.0068375,-0.0028606,-0.050887,0.026597,-1.9046,-0.03869,0.038863,0.2213,0.14139,0.87524,0.30743,1.5108,-0.30527,2.0983,0.15997,1.0971,0.059889,1.2175,0.59532,0.81391,0.0021635,0.56582,-0.0097067,0.14174
-0.00723,-0.01147,-0.049674,0.022037,-2.0865,-0.017673,0.030802,0.25673,0.1317,0.62637,0.27022,1.2437,-0.31632,2.2499,0.11207,1.5534,0.070024,1.1028,0.5944,0.72368,0.035316,0.68408,-0.041237,0.21231
-0.0069615,-0.01646,-0.046542,0.023249,-2.2343,-0.0073992,0.0089867,0.28565,0.12565,0.45832,0.22695,0.92632,-0.33557,2.2449,0.073983,1.6249,0.070594,0.97509,0.60649,0.6029,0.055995,0.8783,-0.056056,0.24774
-0.0049597,-0.015668,-0.045283,0.02961,-2.3275,0.0037105,-0.006208,0.32033,0.11866,0.35832,0.17622,0.58623,-0.3383,2.1782,0.061227,1.3506,0.063186,0.84794,0.60504,0.43682,0.071563,1.1191,-0.052118,0.26506
-0.0021045,-0.010554,-0.047634,0.037249,-2.3599,0.052235,0.01106,0.38455,0.10742,0.3177,0.12744,0.26954,-0.31592,2.1625,0.073321,0.90726,0.053007,0.709,0.56786,0.22274,0.087823,1.3515,-0.036016,0.2887
-0.0010435,-0.0047424,-0.052437,0.041501,-2.341,0.17233,0.079434,0.49564,0.090105,0.34507,0.094114,0.023108,-0.27809,2.2542,0.096039,0.50222,0.044205,0.55695,0.49338,-0.02556,0.10552,1.5204,-0.018651,0.33265
-0.0039722,-0.0016811,-0.057177,0.039833,-2.2926,0.36632,0.20172,0.64952,0.066833,0.4529,0.084618,-0.12202,-0.24577,2.4112,0.11044,0.25559,0.036542,0.42952,0.40083,-0.28228,0.12157,1.5953,-0.0080923,0.39261
-0.010356,-0.002925,-0.060267,0.033314,-2.2404,0.59844,0.36411,0.82151,0.04017,0.63039,0.096792,-0.16039,-0.23871,2.5206,0.10359,0.15176,0.026322,0.39104,0.31548,-0.51742,0.13346,1.577,-0.0047935,0.45007
-0.016805,-0.0077528,-0.061976,0.02574,-2.2065,0.81689,0.54184,0.98192,0.014216,0.82907,0.11889,-0.1145,-0.26318,2.4782,0.074999,0.093915,0.010562,0.48587,0.25146,-0.70198,0.14257,1.4834,-0.0026327,0.48211
-0.019427,-0.013963,-0.063408,0.021083,-2.2017,0.98595,0.70695,1.1132,-0.0077953,0.97787,0.13532,-0.030113,-0.30762,2.2628,0.035499,0.0146,-0.0094764,0.69647,0.20514,-0.80996,0.15338,1.33,0.0053016,0.47016
-0.016754,-0.019292,-0.064863,0.021012,-2.2229,1.1031,0.835,1.2161,-0.025554,1.019,0.13359,0.035799,-0.35031,1.9459,-0.00036748,-0.052458,-0.0284,0.94315,0.16172,-0.82064,0.16921,1.1227,0.02093,0.40531
-0.01083,-0.022747,-0.065432,0.024038,-2.2554,1.1904,0.90957,1.3025,-0.041247,0.93776,0.10932,0.034098,-0.37559,1.6333,-0.022995,-0.0028338,-0.04006,1.1288,0.1077,-0.72465,0.18843,0.86731,0.039818,0.29137
-0.0056759,-0.025161,-0.064263,0.026661,-2.2822,1.2706,0.92484,1.3837,-0.0567,0.76517,0.067796,-0.056321,-0.38673,1.3875,-0.031772,0.23137,-0.041197,1.1952,0.038855,-0.5326,0.20486,0.58419,0.054765,0.14624
-0.0045457,-0.028577,-0.062073,0.025596,-2.2948,1.3496,0.8856,1.4639,-0.070796,0.55434,0.021786,-0.21764,-0.40315,1.1956,-0.032697,0.59488,-0.032709,1.15,-0.04001,-0.27922,0.21222,0.31095,0.060879,-0.00043478
-0.0081426,-0.034783,-0.061098,0.019616,-2.2995,1.416,0.80432,1.5416,-0.079944,0.35238,-0.013784,-0.40044,-0.44169,1.0034,-0.032754,0.92784,-0.018368,1.0472,-0.11983,-0.015936,0.20883,0.088803,0.058057,-0.1156
-0.014838,-0.043917,-0.063202,0.010062,-2.3118,1.4555,0.69621,1.6137,-0.081528,0.18807,-0.027976,-0.54832,-0.49651,0.7762,-0.036152,1.0835,-0.002697,0.94099,-0.19037,0.20854,0.19852,-0.056895,0.049579,-0.17505
-0.022152,-0.054121,-0.067753,-4.6292e-005,-2.3435,1.4641,0.57495,1.6765,-0.077144,0.076687,-0.017688,-0.62747,-0.53716,0.52791,-0.04479,1.0487,0.010461,0.84845,-0.23968,0.36995,0.1868,-0.12588,0.038977,-0.17304
-0.028013,-0.062462,-0.071333,-0.0076215,-2.3908,1.4507,0.45106,1.7228,-0.072415,0.026603,0.013113,-0.64366,-0.53033,0.29317,-0.06076,0.9641,0.018568,0.74787,-0.25372,0.47762,0.17606,-0.13666,0.028218,-0.12303
-0.031067,-0.066449,-0.069804,-0.011001,-2.4327,1.429,0.33255,1.7427,-0.073266,0.034984,0.057971,-0.63652,-0.46856,0.073547,-0.086883,1.0234,0.020848,0.60681,-0.22028,0.56205,0.16387,-0.11342,0.018091,-0.049682
-0.030496,-0.065136,-0.061271,-0.010694,-2.4439,1.4085,0.2251,1.7278,-0.081775,0.078069,0.11233,-0.65467,-0.37972,-0.18495,-0.12404,1.3346,0.018594,0.41462,-0.13737,0.64757,0.14581,-0.078961,0.009198,0.021768
-0.026163,-0.059248,-0.047637,-0.009058,-2.4105,1.3913,0.13049,1.6784,-0.094928,0.11363,0.17354,-0.72773,-0.30545,-0.55695,-0.16834,1.853,0.014584,0.19315,-0.01982,0.73022,0.11985,-0.056417,0.0016224,0.072155
-0.019131,-0.050557,-0.033633,-0.0089356,-2.3374,1.373,0.045058,1.6043,-0.10683,0.1033,0.23602,-0.85262,-0.26465,-1.0738,-0.21225,2.4321,0.011294,-0.019134,0.1026,0.77934,0.088299,-0.070086,-0.0064452,0.09006
-0.011786,-0.041077,-0.024037,-0.0118,-2.2402,1.3449,-0.038557,1.5164,-0.11222,0.038773,0.28651,-1.0016,-0.23424,-1.6854,-0.24985,2.936,0.0090038,-0.1922,0.19719,0.764,0.05548,-0.13534,-0.018811,0.073023
-0.0068722,-0.032473,-0.021051,-0.016476,-2.1293,1.2941,-0.12591,1.4163,-0.1088,-0.05501,0.30571,-1.1449,-0.166,-2.2773,-0.28129,3.3152,0.0056015,-0.31639,0.24438,0.68386,0.023797,-0.24138,-0.038515,0.031287
-0.0058473,-0.025716,-0.023415,-0.019534,-2.0002,1.2052,-0.21546,1.2924,-0.09774,-0.14893,0.2785,-1.2712,-0.026983,-2.7237,-0.31043,3.5899,-0.0012242,-0.39355,0.24785,0.57852,-0.0082146,-0.34405,-0.063787,-0.0095858
-0.0078579,-0.020945,-0.027582,-0.017546,-1.8403,1.0672,-0.29842,1.1305,-0.083143,-0.24727,0.20693,-1.3907,0.17085,-2.9298,-0.33563,3.7744,-0.011002,-0.42018,0.23151,0.50533,-0.044057,-0.38315,-0.086768,-0.014828
-0.01037,-0.017679,-0.029995,-0.0099266,-1.6464,0.88333,-0.36466,0.92929,-0.070984,-0.39529,0.11562,-1.5198,0.37693,-2.8388,-0.34167,3.8206,-0.019487,-0.38297,0.22478,0.50146,-0.085479,-0.31866,-0.097572,0.042449
-0.011121,-0.015541,-0.029034,-0.00030746,-1.4383,0.67557,-0.40986,0.71044,-0.067053,-0.64099,0.042596,-1.6594,0.53862,-2.4212,-0.30294,3.639,-0.021147,-0.27412,0.24508,0.55876,-0.13,-0.1605,-0.091569,0.16214
-0.0098518,-0.015197,-0.025591,0.0049172,-1.2548,0.47673,-0.43795,0.51083,-0.073924,-0.97837,0.0192,-1.7847,0.63714,-1.6775,-0.20062,3.1774,-0.013653,-0.11331,0.28854,0.62998,-0.17136,0.032789,-0.073816,0.3109
-0.0083891,-0.018601,-0.022061,0.00022862,-1.1333,0.31259,-0.45774,0.36207,-0.088649,-1.3232,0.05154,-1.8589,0.69514,-0.66482,-0.04365,2.4907,-0.00073893,0.046381,0.33453,0.65943,-0.20189,0.18821,-0.055882,0.43639
-0.0090138,-0.027731,-0.020438,-0.015509,-1.0878,0.18508,-0.47843,0.27098,-0.10357,-1.5509,0.11672,-1.8594,0.75379,0.48112,0.12419,1.7398,0.0093848,0.14008,0.36049,0.61461,-0.21474,0.26056,-0.046504,0.49419
-0.012505,-0.042178,-0.020716,-0.038014,-1.1013,0.069177,-0.50923,0.21521,-0.11076,-1.5751,0.1769,-1.7982,0.84085,1.5655,0.24191,1.115,0.0095519,0.12818,0.35694,0.49803,-0.20556,0.25139,-0.043505,0.46846
-0.017437,-0.057408,-0.020624,-0.059697,-1.1378,-0.072445,-0.56257,0.15674,-0.10701,-1.4105,0.20151,-1.717,0.95294,2.3966,0.26636,0.73136,-0.00086072,0.021818,0.33269,0.3374,-0.17407,0.19352,-0.034427,0.3728
-0.021182,-0.065832,-0.016958,-0.073555,-1.1629,-0.2656,-0.65402,0.063499,-0.095371,-1.1714,0.18185,-1.659,1.0587,2.8517,0.20112,0.56387,-0.014925,-0.12369,0.30721,0.1672,-0.12576,0.1182,-0.0064585,0.23397
-0.021679,-0.061081,-0.007666,-0.076544,-1.1605,-0.50655,-0.79354,-0.07519,-0.081579,-1.0083,0.12877,-1.6404,1.1143,2.9017,0.096613,0.46345,-0.022978,-0.24436,0.29605,0.015432,-0.071933,0.034609,0.041948,0.07453
-0.018603,-0.043023,0.0066759,-0.070666,-1.1331,-0.76065,-0.97158,-0.24654,-0.06873,-1.0274,0.057188,-1.6449,1.0803,2.5877,0.018162,0.2464,-0.019989,-0.30729,0.29956,-0.10137,-0.025929,-0.063199,0.097551,-0.091369
-0.013281,-0.019491,0.023042,-0.061411,-1.0929,-0.97771,-1.1518,-0.42295,-0.055213,-1.2471,-0.028858,-1.6451,0.93608,1.9835,0.0035222,-0.19123,-0.0097683,-0.32679,0.30251,-0.17933,0.0036045,-0.17298,0.14041,-0.2496
-0.0077567,-0.0023691,0.037677,-0.054532,-1.0507,-1.1141,-1.2817,-0.57284,-0.03801,-1.6103,-0.13852,-1.6327,0.69053,1.1872,0.040724,-0.7991,-0.0024394,-0.34702,0.28443,-0.22749,0.018005,-0.2706,0.15747,-0.3789
-0.0037828,9.7073e-005,0.048178,-0.052888,-1.0114,-1.1487,-1.3178,-0.66777,-0.018094,-2.0319,-0.28288,-1.6272,0.38562,0.33723,0.082428,-1.3835,-0.0067816,-0.40522,0.23346,-0.26429,0.027563,-0.32169,0.15085,-0.45709
-0.0021749,-0.01064,0.054559,-0.055104,-0.97447,-1.0866,-1.2499,-0.6864,-0.0023313,-2.4399,-0.46063,-1.6554,0.083719,-0.38828,0.084687,-1.7045,-0.023379,-0.50323,0.15443,-0.30708,0.043627,-0.30996,0.13435,-0.47791
-0.0025389,-0.023986,0.058708,-0.056912,-0.93689,-0.94988,-1.1059,-0.61866,0.00060843,-2.7882,-0.65302,-1.719,-0.16027,-0.82822,0.039195,-1.6084,-0.044063,-0.60704,0.066714,-0.3593,0.069345,-0.25683,0.12165,-0.46271
-0.0033427,-0.027597,0.062831,-0.054447,-0.8947,-0.76545,-0.9313,-0.4712,-0.012959,-3.0456,-0.8321,-1.7823,-0.32753,-0.9344,-0.025751,-1.1217,-0.058135,-0.67266,-0.0062414,-0.4061,0.096545,-0.21343,0.11609,-0.4528
-0.0025183,-0.016295,0.068057,-0.047263,-0.84444,-0.55597,-0.76036,-0.26974,-0.038409,-3.1834,-0.97533,-1.7938,-0.44403,-0.83522,-0.074394,-0.44985,-0.060297,-0.67735,-0.048821,-0.42431,0.11182,-0.22898,0.10998,-0.48495
0.0013733,0.0044466,0.07404,-0.038731,-0.7847,-0.33771,-0.5994,-0.053045,-0.066137,-3.1803,-1.0754,-1.7271,-0.56072,-0.79901,-0.097583,0.11859,-0.053957,-0.63236,-0.059741,-0.40037,0.10723,-0.31938,0.093014,-0.56825
0.0079666,0.023253,0.079507,-0.033295,-0.71691,-0.12301,-0.4352,0.14202,-0.088652,-3.0397,-1.1389,-1.6048,-0.7187,-1.0963,-0.12405,0.34463,-0.047564,-0.56915,-0.050322,-0.3409,0.086934,-0.45966,0.061545,-0.681
0.014858,0.031965,0.083124,-0.032704,-0.6433,0.07727,-0.25854,0.29673,-0.10507,-2.8005,-1.1778,-1.4851,-0.92488,-1.8406,-0.20064,0.13253,-0.047526,-0.51248,-0.036944,-0.26677,0.064353,-0.60458,0.021207,-0.78978
0.018828,0.031596,0.084085,-0.034413,-0.56396,0.25391,-0.081536,0.41719,-0.11912,-2.5264,-1.2009,-1.418,-1.154,-2.9127,-0.35732,-0.45878,-0.053742,-0.46333,-0.033146,-0.19609,0.05239,-0.72019,-0.018412,-0.87451
0.01789,0.030358,0.082353,-0.033732,-0.47771,0.40075,0.066283,0.52566,-0.13291,-2.2766,-1.211,-1.4057,-1.3702,-4.0161,-0.58204,-1.271,-0.060996,-0.40519,-0.046058,-0.13196,0.054764,-0.80214,-0.051106,-0.93894
0.012719,0.035804,0.078688,-0.027943,-0.38896,0.51466,0.15906,0.64143,-0.14276,-2.0762,-1.2078,-1.3971,-1.5474,-4.8245,-0.82006,-2.1151,-0.064168,-0.32597,-0.077952,-0.065653,0.065209,-0.86925,-0.076776,-0.99974
0.0063162,0.04814,0.074494,-0.01876,-0.31535,0.59374,0.19413,0.76498,-0.14132,-1.9089,-1.1907,-1.3194,-1.6719,-5.1183,-0.99438,-2.8083,-0.062255,-0.23441,-0.12952,0.0098183,0.074204,-0.94032,-0.098186,-1.0653
0.0021219,0.060435,0.071357,-0.010847,-0.28569,0.6364,0.19412,0.87689,-0.12433,-1.7358,-1.1593,-1.1229,-1.7326,-4.8359,-1.0341,-3.1823,-0.05799,-0.15537,-0.20031,0.09036,0.076786,-1.0139,-0.11625,-1.1232
0.0019556,0.06514,0.070277,-0.007756,-0.32325,0.64413,0.19145,0.95207,-0.095613,-1.5254,-1.1115,-0.80932,-1.7149,-4.0356,-0.89949,-3.0981,-0.054215,-0.10817,-0.28467,0.16505,0.074881,-1.0657,-0.12911,-1.1458
0.0052649,0.060795,0.071064,-0.0089686,-0.42306,0.62588,0.20942,0.97735,-0.065114,-1.273,-1.0446,-0.42635,-1.6101,-2.8328,-0.59979,-2.4977,-0.050869,-0.088259,-0.36664,0.22848,0.073183,-1.063,-0.13555,-1.1083
0.01002,0.053026,0.07239,-0.01066,-0.5418,0.59822,0.25449,0.95779,-0.041413,-0.99828,-0.95744,-0.039332,-1.4321,-1.3762,-0.19878,-1.4718,-0.045292,-0.07023,-0.42,0.28661,0.073339,-0.9847,-0.13843,-1.0046
0.014326,0.049388,0.072543,-0.0092803,-0.6139,0.5771,0.3223,0.90712,-0.025122,-0.72649,-0.85466,0.30022,-1.2236,0.13616,0.19813,-0.28018,-0.035136,-0.031157,-0.41756,0.34815,0.072121,-0.83277,-0.14354,-0.85085
0.017418,0.053071,0.070272,-0.0045639,-0.58794,0.56473,0.40791,0.83174,-0.0093298,-0.47212,-0.74722,0.57153,-1.0387,1.4541,0.48064,0.72594,-0.020919,0.024765,-0.34693,0.40887,0.064898,-0.63066,-0.1543,-0.6796
0.019462,0.060979,0.065079,0.00064141,-0.45902,0.54245,0.5094,0.72316,0.013082,-0.23644,-0.64833,0.7833,-0.9121,2.3418,0.5838,1.2619,-0.0060473,0.061543,-0.22311,0.44538,0.050585,-0.41399,-0.16756,-0.52924
0.020642,0.067257,0.057015,0.0032326,-0.27206,0.47806,0.62278,0.56589,0.041693,-0.016927,-0.56719,0.96086,-0.837,2.6962,0.524,1.2584,0.0053678,0.032117,-0.087422,0.42797,0.033079,-0.22047,-0.17554,-0.43559
0.020561,0.06848,0.046629,0.0026523,-0.090852,0.34575,0.73579,0.35362,0.06746,0.18277,-0.50497,1.1304,-0.77154,2.6315,0.39219,0.89851,0.010923,-0.0896,0.0109,0.34497,0.017879,-0.083177,-0.17286,-0.42403
0.018549,0.065933,0.035439,0.0013544,0.04539,0.14547,0.82885,0.099118,0.079656,0.35125,-0.45593,1.3059,-0.66942,2.4421,0.30033,0.50729,0.011,-0.28721,0.041745,0.21927,0.0073725,-0.025656,-0.16255,-0.50044
0.014558,0.063689,0.026322,0.002959,0.1458,-0.092475,0.884,-0.16988,0.075123,0.47569,-0.41265,1.4827,-0.51186,2.4391,0.31252,0.36456,0.0083678,-0.50423,0.013175,0.10253,-0.00043514,-0.056399,-0.15458,-0.64424
0.0097543,0.064994,0.022692,0.0098499,0.25373,-0.32129,0.89486,-0.42389,0.061929,0.54873,-0.37146,1.6396,-0.31753,2.7593,0.40854,0.56127,0.0069809,-0.66766,-0.031805,0.049586,-0.0083813,-0.16354,-0.15747,-0.81055
0.0061465,0.070158,0.026278,0.02182,0.40605,-0.50008,0.86933,-0.64194,0.054154,0.57089,-0.33398,1.751,-0.12598,3.2814,0.50695,0.9858,0.010431,-0.71882,-0.041169,0.090383,-0.015328,-0.31458,-0.16989,-0.94579
0.0053823,0.07698,0.034995,0.036146,0.59819,-0.61011,0.82348,-0.81244,0.061903,0.54887,-0.3042,1.8024,0.028617,3.7114,0.53002,1.4291,0.020267,-0.63644,0.013131,0.21778,-0.015183,-0.46531,-0.18009,-1.0115
0.007602,0.082403,0.043074,0.04865,0.78253,-0.65661,0.77188,-0.92916,0.084529,0.49366,-0.28359,1.8013,0.1324,3.7797,0.46051,1.7198,0.034855,-0.44332,0.11706,0.39665,-0.0015195,-0.57677,-0.17443,-1.002
0.011263,0.083773,0.044179,0.055304,0.90121,-0.65985,0.72131,-0.99122,0.11228,0.42018,-0.26801,1.7736,0.18778,3.4107,0.34785,1.799,0.049919,-0.19529,0.22388,0.58513,0.025871,-0.632,-0.14808,-0.94376
0.014145,0.079381,0.035616,0.054023,0.92781,-0.64469,0.67093,-1.0088,0.13468,0.34666,-0.24845,1.7492,0.20155,2.7531,0.26336,1.7054,0.061196,0.043,0.28479,0.7532,0.05846,-0.64278,-0.10922,-0.87563
0.014821,0.068841,0.020361,0.045916,0.88603,-0.63489,0.61652,-1.0071,0.1486,0.29155,-0.21481,1.7454,0.18081,2.0666,0.24421,1.5133,0.067679,0.226,0.27973,0.88996,0.083409,-0.64132,-0.073189,-0.82293
0.013476,0.053504,0.0050631,0.034988,0.83236,-0.6504,0.55427,-1.0191,0.15953,0.26832,-0.1604,1.7616,0.14025,1.5589,0.27101,1.2811,0.072649,0.34633,0.22767,1.0002,0.091832,-0.66108,-0.051779,-0.78408
0.01148,0.036341,-0.0045995,0.025975,0.81743,-0.70344,0.48214,-1.0682,0.17525,0.28122,-0.085099,1.7865,0.10876,1.2864,0.29209,1.04,0.080945,0.43362,0.17104,1.0959,0.084268,-0.71797,-0.046391,-0.73856
0.01012,0.020862,-0.0076067,0.02151,0.85441,-0.79248,0.39947,-1.1532,0.19759,0.32441,0.0040912,1.8112,0.12113,1.1679,0.26832,0.80603,0.094244,0.5312,0.14648,1.187,0.068975,-0.80265,-0.049786,-0.66935
0.009628,0.0095717,-0.0075097,0.020699,0.91541,-0.89969,0.30684,-1.2489,0.2193,0.38459,0.095165,1.8362,0.19549,1.0727,0.20017,0.5889,0.10849,0.66264,0.16253,1.273,0.054746,-0.8872,-0.053733,-0.58146
0.0092845,0.0030461,-0.0089189,0.020298,0.95455,-0.99732,0.20683,-1.3231,0.22913,0.44535,0.17542,1.8667,0.31456,0.90776,0.11887,0.38693,0.11635,0.80976,0.19796,1.3376,0.044498,-0.94044,-0.055351,-0.50048
0.0083945,0.00022183,-0.013686,0.017553,0.93884,-1.0615,0.10466,-1.3585,0.22117,0.49146,0.23664,1.9025,0.43035,0.64926,0.056472,0.18239,0.11305,0.91944,0.21904,1.3521,0.034821,-0.94175,-0.057177,-0.45056
0.0070881,-0.00052003,-0.019914,0.012347,0.86571,-1.0849,0.0076327,-1.3602,0.20058,0.5129,0.27869,1.9323,0.49382,0.32259,0.023375,-0.048876,0.10069,0.93831,0.20175,1.2896,0.021092,-0.88623,-0.062123,-0.42878
0.0061124,-0.00039204,-0.02428,0.0070002,0.75861,-1.0787,-0.077099,-1.3467,0.1808,0.50772,0.30918,1.9383,0.48824,-0.034975,0.0094468,-0.31794,0.086743,0.85328,0.14396,1.1453,0.002792,-0.78157,-0.06873,-0.39861
0.0058484,0.00012461,-0.025296,0.0041737,0.64724,-1.0624,-0.14568,-1.3321,0.17388,0.48261,0.3384,1.9063,0.43982,-0.39708,0.0010539,-0.61236,0.077943,0.70883,0.062104,0.94976,-0.016189,-0.64246,-0.071076,-0.31343
0.0056678,0.0011138,-0.024493,0.0049366,0.54785,-1.0506,-0.20054,-1.3161,0.18172,0.44995,0.37259,1.8331,0.39641,-0.75119,-0.0056173,-0.90619,0.074916,0.58594,-0.021629,0.76248,-0.032518,-0.48779,-0.063039,-0.15777
0.0044765,0.002927,-0.024642,0.0085812,0.45638,-1.045,-0.25192,-1.2878,0.19518,0.42229,0.40996,1.727,0.39222,-1.0921,-0.0061303,-1.1805,0.072688,0.55456,-0.090211,0.64554,-0.048695,-0.34031,-0.042929,0.023402
0.0020591,0.005871,-0.026889,0.013938,0.35726,-1.0377,-0.3161,-1.2381,0.20151,0.40755,0.44276,1.6027,0.42698,-1.4144,0.0015822,-1.4326,0.066534,0.63215,-0.13442,0.63452,-0.073077,-0.22388,-0.014808,0.13388
-0.00015743,0.0098124,-0.029687,0.020536,0.23996,-1.0202,-0.40923,-1.1665,0.19389,0.40797,0.46389,1.4765,0.47476,-1.7042,0.011365,-1.664,0.057492,0.77777,-0.14942,0.72543,-0.11358,-0.15467,0.013966,0.075876
4.9044e-005,0.013795,-0.030564,0.028336,0.11074,-0.99029,-0.53813,-1.0795,0.17515,0.42288,0.47298,1.3637,0.51113,-1.9307,0.014261,-1.8587,0.051899,0.92531,-0.1323,0.88562,-0.16973,-0.12949,0.036598,-0.18788
0.0037135,0.01603,-0.029017,0.036416,-0.0087679,-0.9535,-0.69292,-0.98392,0.15358,0.45219,0.4769,1.2748,0.53293,-2.0483,0.0085578,-1.9768,0.055045,1.0304,-0.084215,1.077,-0.22962,-0.12067,0.049544,-0.59983
0.0092975,0.014536,-0.027607,0.042227,-0.094638,-0.92013,-0.84754,-0.88597,0.13541,0.49698,0.4844,1.2103,0.55386,-2.0179,0.0027185,-1.9741,0.064903,1.0949,-0.013692,1.2722,-0.27493,-0.085245,0.053208,-1.0257
0.01334,0.0082646,-0.029947,0.04263,-0.13534,-0.90107,-0.97012,-0.79628,0.12087,0.55619,0.49939,1.1584,0.58283,-1.8433,0.0069453,-1.8329,0.072297,1.1505,0.0652,1.4533,-0.29114,0.013147,0.051254,-1.3152
0.012862,-0.001926,-0.037248,0.036258,-0.13738,-0.90395,-1.0377,-0.73277,0.10677,0.62223,0.51866,1.099,0.60721,-1.5957,0.020948,-1.5803,0.068061,1.2169,0.14101,1.6008,-0.27615,0.18149,0.049143,-1.3703
0.0076325,-0.013131,-0.046623,0.025229,-0.11914,-0.92874,-1.0453,-0.71302,0.09167,0.68012,0.53584,1.0176,0.59761,-1.3974,0.02994,-1.2765,0.051129,1.2704,0.21278,1.6888,-0.24196,0.38799,0.051974,-1.1807
0.00038111,-0.021411,-0.05289,0.014472,-0.099348,-0.96393,-1.0024,-0.73853,0.077989,0.71261,0.54786,0.9183,0.53028,-1.3589,0.013949,-0.98341,0.03032,1.2518,0.28935,1.6943,-0.20854,0.57255,0.061921,-0.81556
-0.0052265,-0.023619,-0.0525,0.0087345,-0.089472,-0.98693,-0.9199,-0.78462,0.068695,0.70934,0.55824,0.82449,0.40746,-1.505,-0.036007,-0.73605,0.018,1.1091,0.37914,1.6118,-0.19394,0.67156,0.076639,-0.38237
-0.0071757,-0.019143,-0.046271,0.0094133,-0.093667,-0.97199,-0.79984,-0.80863,0.062452,0.67401,0.5743,0.76408,0.25908,-1.7387,-0.10733,-0.53432,0.020861,0.84301,0.47943,1.4577,-0.20625,0.64398,0.090255,0.017217
-0.0061442,-0.010476,-0.038653,0.013787,-0.11239,-0.90313,-0.6386,-0.77488,0.052628,0.6233,0.60058,0.74734,0.12553,-1.8753,-0.16925,-0.35418,0.035343,0.51556,0.5754,1.2581,-0.24079,0.48705,0.097044,0.31435
-0.0043197,-0.0019693,-0.034219,0.017441,-0.14392,-0.78393,-0.44155,-0.67899,0.031878,0.57616,0.63426,0.75457,0.036215,-1.7317,-0.18864,-0.1644,0.050958,0.21439,0.65065,1.0327,-0.283,0.23731,0.095468,0.47935
-0.0032455,0.002728,-0.034371,0.017994,-0.18315,-0.63548,-0.23614,-0.55147,-0.0016554,0.54015,0.6662,0.74456,-0.0014052,-1.2186,-0.14885,0.061884,0.058076,-0.0019011,0.69907,0.79027,-0.31489,-0.040849,0.089408,0.51646
-0.0026739,0.00294,-0.036828,0.016955,-0.22268,-0.48219,-0.068024,-0.43585,-0.042122,0.5056,0.68709,0.67988,0.0014355,-0.38269,-0.060705,0.3396,0.053649,-0.1353,0.72656,0.54274,-0.32253,-0.27433,0.085297,0.4564
-0.0013357,0.0011854,-0.037973,0.018004,-0.2596,-0.33476,0.021535,-0.35655,-0.079684,0.45401,0.69382,0.55205,0.02473,0.61898,0.040259,0.66269,0.041086,-0.23384,0.74094,0.32299,-0.30187,-0.40319,0.087204,0.34821
0.0012847,0.00092167,-0.035914,0.023105,-0.30366,-0.18399,0.021681,-0.30125,-0.10682,0.37543,0.6914,0.38875,0.048017,1.5881,0.10941,0.99521,0.025889,-0.34458,0.74123,0.18393,-0.26074,-0.39986,0.093746,0.24706
0.0039839,0.0033992,-0.03183,0.02991,-0.37739,-0.011889,-0.039284,-0.23217,-0.1221,0.28055,0.6892,0.23739,0.055173,2.3542,0.11464,1.2743,0.011644,-0.47181,0.71839,0.17199,-0.21535,-0.27896,0.099348,0.19665
0.0046857,0.0062318,-0.028854,0.032952,-0.50302,0.1867,-0.11124,-0.1185,-0.12911,0.19573,0.69429,0.13575,0.038526,2.8142,0.053899,1.4334,-0.00058654,-0.57117,0.66845,0.29197,-0.1823,-0.092153,0.098881,0.21211
0.002369,0.0051659,-0.029614,0.02788,-0.68348,0.38799,-0.15368,0.03407,-0.13272,0.14398,0.70668,0.089667,0.0029697,2.9391,-0.041278,1.4369,-0.010334,-0.58007,0.60469,0.49375,-0.16973,0.091958,0.092026,0.27346
-0.0017185,-0.0020829,-0.034334,0.015263,-0.89297,0.54279,-0.1575,0.17939,-0.13628,0.12763,0.71943,0.072235,-0.034293,2.7653,-0.12024,1.3001,-0.016238,-0.45873,0.55407,0.6969,-0.17317,0.21464,0.084026,0.33577
-0.0047745,-0.013022,-0.040713,0.00075777,-1.0873,0.60072,-0.14136,0.25674,-0.14115,0.12815,0.72313,0.043947,-0.052484,2.3828,-0.14014,1.0756,-0.016796,-0.21485,0.53707,0.83796,-0.1791,0.24776,0.082275,0.35248
-0.0045842,-0.021192,-0.045527,-0.008551,-1.229,0.54075,-0.12808,0.22985,-0.1475,0.1227,0.71123,-0.021796,-0.041268,1.9205,-0.090512,0.81445,-0.012359,0.096901,0.54665,0.90384,-0.17435,0.19873,0.091267,0.2994
-0.001277,-0.020403,-0.046803,-0.008695,-1.3089,0.38825,-0.12265,0.11285,-0.15426,0.10141,0.68279,-0.12581,-0.0095652,1.5191,0.00054216,0.53404,-0.0060773,0.39083,0.54577,0.92368,-0.15482,0.099718,0.10936,0.1861
0.0028419,-0.0093334,-0.045148,-0.0008009,-1.3487,0.20584,-0.11054,-0.034071,-0.15849,0.069219,0.64141,-0.2497,0.019697,1.2923,0.084243,0.22507,-0.0026382,0.5719,0.48912,0.92656,-0.12736,-0.0096525,0.12939,0.049473
0.0052674,0.0071194,-0.043318,0.010643,-1.3832,0.062718,-0.075787,-0.13646,-0.15578,0.032611,0.59229,-0.37295,0.026619,1.287,0.12252,-0.10747,-0.0058276,0.5632,0.3542,0.90354,-0.10376,-0.095544,0.1425,-0.065128
0.0053517,0.021007,-0.044257,0.021363,-1.4386,0.0012081,-0.020293,-0.14453,-0.14256,-0.012277,0.54016,-0.48498,0.010015,1.4677,0.11158,-0.40741,-0.016843,0.34164,0.15817,0.81045,-0.092088,-0.1352,0.1428,-0.12358
0.004593,0.026757,-0.048922,0.029744,-1.5206,0.021345,0.034623,-0.055226,-0.11906,-0.074771,0.48919,-0.58395,-0.011467,1.7374,0.080928,-0.57517,-0.034299,-0.030922,-0.05202,0.61245,-0.09198,-0.11805,0.13014,-0.11387
0.004851,0.024771,-0.055468,0.036595,-1.6186,0.092396,0.066178,0.094908,-0.090194,-0.15148,0.44363,-0.66793,-0.014167,1.9889,0.069089,-0.52326,-0.055276,-0.40999,-0.22784,0.33181,-0.096921,-0.047919,0.10948,-0.04584
0.0061106,0.020419,-0.060502,0.043123,-1.7176,0.18179,0.070427,0.25882,-0.063165,-0.21543,0.4069,-0.73009,0.011731,2.1575,0.0947,-0.23812,-0.076199,-0.62418,-0.34346,0.053835,-0.10034,0.054362,0.08748,0.056281
0.0059949,0.019331,-0.061599,0.04923,-1.8045,0.28037,0.065222,0.40949,-0.04351,-0.22933,0.3793,-0.76314,0.054162,2.2422,0.14502,0.20157,-0.093136,-0.56605,-0.39918,-0.12034,-0.099801,0.15404,0.068462,0.16328
0.001799,0.022832,-0.059216,0.053494,-1.8694,0.40631,0.072327,0.55181,-0.032622,-0.17673,0.3563,-0.7665,0.087106,2.2805,0.18929,0.66481,-0.10216,-0.26081,-0.40595,-0.13896,-0.096348,0.21565,0.052212,0.24915
-0.0065427,0.027189,-0.056515,0.054437,-1.9038,0.58612,0.095091,0.71002,-0.028553,-0.083974,0.33036,-0.74649,0.086602,2.2959,0.20442,1.0327,-0.10051,0.14287,-0.36871,-0.031082,-0.090805,0.22173,0.035063,0.29742
-0.015343,0.027074,-0.057124,0.05166,-1.903,0.82865,0.11287,0.90264,-0.028919,-0.0096236,0.29574,-0.70826,0.042157,2.2597,0.19166,1.2387,-0.088229,0.46357,-0.28482,0.12007,-0.081636,0.18446,0.013338,0.30505
-0.019422,0.020026,-0.06244,0.04581,-1.8709,1.1127,0.098286,1.1248,-0.033134,-0.0054869,0.25264,-0.649,-0.042669,2.1022,0.17178,1.265,-0.069065,0.59808,-0.15824,0.23754,-0.066606,0.14042,-0.01331,0.28282
-0.016294,0.0080295,-0.070445,0.037678,-1.8196,1.3979,0.042264,1.3511,-0.042229,-0.079631,0.20699,-0.56207,-0.15658,1.7713,0.16513,1.1183,-0.04938,0.57127,-0.013559,0.29521,-0.046398,0.13008,-0.040996,0.25132
-0.0087424,-0.0048148,-0.076918,0.02752,-1.7632,1.6496,-0.035737,1.5551,-0.056988,-0.19209,0.16524,-0.45,-0.28582,1.2946,0.17487,0.82033,-0.03523,0.49012,0.10678,0.31453,-0.026182,0.17534,-0.063579,0.23377
-0.0031212,-0.01587,-0.078169,0.01542,-1.7111,1.858,-0.10174,1.7288,-0.076516,-0.28655,0.1285,-0.33306,-0.41494,0.79056,0.18687,0.42294,-0.029285,0.44447,0.16419,0.32534,-0.01303,0.26927,-0.075867,0.24797
-0.004287,-0.02516,-0.073378,0.0023707,-1.67,2.0387,-0.1332,1.887,-0.098579,-0.33052,0.091155,-0.24215,-0.5263,0.41163,0.18439,0.020023,-0.029647,0.43783,0.14841,0.33103,-0.011033,0.38243,-0.075834,0.29994
-0.011343,-0.033278,-0.064987,-0.009111,-1.6533,2.2149,-0.1341,2.055,-0.12103,-0.33066,0.045587,-0.19922,-0.60299,0.25333,0.16312,-0.27459,-0.031554,0.40067,0.084793,0.30863,-0.018245,0.47839,-0.064782,0.38021
-0.018138,-0.038714,-0.057007,-0.015795,-1.6894,2.3988,-0.12676,2.2494,-0.14266,-0.31323,-0.010473,-0.20115,-0.63512,0.29721,0.13379,-0.38127,-0.03092,0.26475,0.016982,0.23791,-0.028191,0.52729,-0.046058,0.46409
-0.01851,-0.038038,-0.052519,-0.015707,-1.8152,2.585,-0.12891,2.4682,-0.1626,-0.29135,-0.069695,-0.22116,-0.62455,0.43006,0.11176,-0.30158,-0.0273,0.027596,-0.022289,0.12738,-0.034866,0.51221,-0.023582,0.51773
-0.011855,-0.029332,-0.052,-0.0098147,-2.0533,2.7574,-0.13764,2.6939,-0.17905,-0.25103,-0.11745,-0.22661,-0.58345,0.52386,0.10451,-0.11779,-0.024156,-0.24784,-0.030425,0.010816,-0.037259,0.43125,-0.00087076,0.51057
-0.0039548,-0.015467,-0.053368,-0.0019299,-2.385,2.9,-0.13459,2.9026,-0.18907,-0.16898,-0.13922,-0.19872,-0.52752,0.51495,0.10801,0.058418,-0.026121,-0.49008,-0.030702,-0.081253,-0.039737,0.29964,0.019558,0.43106
-0.0020103,-0.0034287,-0.053472,0.0034161,-2.7376,3.0015,-0.10687,3.0717,-0.19006,-0.045054,-0.12858,-0.13973,-0.46875,0.42592,0.11339,0.14955,-0.035213,-0.67522,-0.049602,-0.14705,-0.04789,0.15086,0.036599,0.29737
-0.0081743,0.0004806,-0.049963,0.0037167,-2.9984,3.0546,-0.063617,3.1815,-0.18216,0.082017,-0.091028,-0.065366,-0.41203,0.32331,0.11582,0.14249,-0.048827,-0.8323,-0.094198,-0.21202,-0.063037,0.031433,0.050536,0.15512
-0.017461,-0.0045228,-0.042493,-0.000141,-3.0497,3.0578,-0.032056,3.2177,-0.16932,0.15223,-0.042111,0.007652,-0.35584,0.2543,0.11698,0.070947,-0.061123,-0.9989,-0.14631,-0.30246,-0.079752,-0.013908,0.062202,0.060047
-0.022093,-0.013381,-0.032738,-0.0049073,-2.8094,3.0224,-0.035644,3.177,-0.15777,0.12303,-0.00080851,0.06876,-0.29492,0.21507,0.1199,-0.025494,-0.066878,-1.1735,-0.17618,-0.41869,-0.088533,0.038804,0.071634,0.053905
-0.018462,-0.019913,-0.023377,-0.0076186,-2.2625,2.9773,-0.07347,3.0745,-0.15261,-0.001522,0.01871,0.11351,-0.22314,0.16842,0.12299,-0.12928,-0.064859,-1.3094,-0.16424,-0.53066,-0.081852,0.18127,0.077311,0.14677
-0.010382,-0.022351,-0.01662,-0.0079053,-1.4738,2.9592,-0.11959,2.9427,-0.15486,-0.17362,0.013192,0.14177,-0.13712,0.084845,0.11992,-0.24365,-0.058084,-1.3543,-0.11513,-0.59759,-0.059263,0.37743,0.07701,0.31571
-0.0056313,-0.024578,-0.013102,-0.008324,-0.57787,2.9869,-0.1439,2.8181,-0.16125,-0.33343,-0.008823,0.15865,-0.040366,-0.033628,0.10559,-0.37495,-0.050744,-1.2976,-0.055152,-0.59403,-0.0279,0.58192,0.069959,0.51923
-0.0089016,-0.031851,-0.011712,-0.01252,0.2537,3.0373,-0.13726,2.7203,-0.16684,-0.44424,-0.032139,0.17636,0.054493,-0.16469,0.081964,-0.52118,-0.044377,-1.1855,-0.016211,-0.52246,0.0018742,0.76066,0.058567,0.71757
-0.017503,-0.044881,-0.010378,-0.022452,0.86579,3.0461,-0.11958,2.641,-0.16851,-0.50538,-0.043312,0.21187,0.12902,-0.2954,0.057451,-0.67632,-0.036602,-1.0911,-0.017221,-0.40719,0.022477,0.90126,0.047876,0.88641
-0.023665,-0.057684,-0.0071646,-0.036467,1.1776,2.9414,-0.12338,2.5514,-0.16648,-0.53663,-0.037092,0.27893,0.16815,-0.43901,0.040163,-0.8403,-0.023738,-1.0657,-0.054671,-0.27854,0.032631,1.0085,0.042529,1.018
-0.021284,-0.061361,-0.00091986,-0.049508,1.2179,2.6926,-0.16589,2.4253,-0.16313,-0.55044,-0.016732,0.38018,0.17009,-0.62262,0.031035,-1.0195,-0.005259,-1.108,-0.10718,-0.15978,0.036342,1.0913,0.043342,1.113
-0.011122,-0.05088,0.008802,-0.05565,1.1107,2.3357,-0.23215,2.2603,-0.16046,-0.53529,0.011353,0.50652,0.14942,-0.85701,0.023004,-1.2142,0.013739,-1.1722,-0.15007,-0.061894,0.038717,1.1512,0.046382,1.1716
-2.4676e-005,-0.029418,0.022027,-0.051775,1.011,1.9558,-0.2827,2.0799,-0.15876,-0.46292,0.043241,0.64475,0.12948,-1.115,0.0066707,-1.4034,0.024641,-1.2033,-0.16982,0.015491,0.042076,1.1813,0.045878,1.1919
0.0048911,-0.0068007,0.038202,-0.040174,1.0241,1.6353,-0.27952,1.9136,-0.15733,-0.31288,0.077841,0.7862,0.12819,-1.3373,-0.022745,-1.5452,0.020938,-1.1732,-0.16908,0.080768,0.045236,1.1732,0.039142,1.1755
0.0019026,0.006843,0.055637,-0.02794,1.157,1.4061,-0.21014,1.7724,-0.15607,-0.096277,0.11141,0.92694,0.14708,-1.4622,-0.062814,-1.5954,0.0033319,-1.092,-0.15971,0.14512,0.046144,1.1274,0.029687,1.133
-0.0044548,0.0076408,0.071433,-0.022753,1.3349,1.2419,-0.092416,1.6379,-0.1559,0.1371,0.13226,1.0582,0.17144,-1.4609,-0.10675,-1.5368,-0.019709,-0.99197,-0.15024,0.21565,0.045284,1.0555,0.025657,1.083
-0.0075701,0.00023131,0.082658,-0.027453,1.466,1.0905,0.041471,1.4748,-0.1573,0.3129,0.12293,1.1563,0.18187,-1.3537,-0.14803,-1.3992,-0.036742,-0.89884,-0.13798,0.28943,0.046726,0.97452,0.034301,1.0411
-0.004067,-0.0056463,0.088342,-0.037497,1.5068,0.91803,0.16705,1.2566,-0.15854,0.36092,0.071154,1.1866,0.16874,-1.1999,-0.18256,-1.2547,-0.040253,-0.81256,-0.11228,0.35275,0.055601,0.89618,0.056538,1.0081
0.0040962,-0.0017536,0.09063,-0.043935,1.4811,0.72815,0.27818,0.98459,-0.15554,0.24635,-0.01802,1.1234,0.13931,-1.0648,-0.20774,-1.189,-0.03079,-0.71122,-0.065886,0.38689,0.073876,0.82177,0.085897,0.96818
0.011874,0.013302,0.093698,-0.040302,1.4469,0.54786,0.38,0.68909,-0.14393,-0.0092678,-0.11976,0.97522,0.11254,-0.98495,-0.2213,-1.2597,-0.015479,-0.5733,-0.0047089,0.37687,0.09796,0.74681,0.11274,0.90155
0.015245,0.033432,0.10082,-0.028053,1.4436,0.39669,0.47326,0.41275,-0.12195,-0.3278,-0.20114,0.79304,0.10616,-0.95005,-0.22232,-1.4651,-0.0023377,-0.401,0.052464,0.31676,0.12042,0.67215,0.13053,0.80368
0.013729,0.049384,0.11178,-0.015676,1.4652,0.26851,0.54532,0.18902,-0.091865,-0.59967,-0.23993,0.6493,0.12564,-0.9137,-0.2137,-1.7402,0.0051256,-0.22724,0.084082,0.20863,0.13478,0.61076,0.13925,0.6953
0.0098481,0.054979,0.12282,-0.011679,1.4754,0.13828,0.57625,0.027708,-0.058932,-0.72765,-0.23677,0.59763,0.16261,-0.82602,-0.20289,-1.9843,0.0090574,-0.1011,0.077589,0.057615,0.13966,0.58215,0.14362,0.61284
0.0067681,0.050976,0.12944,-0.017222,1.4447,-0.016934,0.55496,-0.086526,-0.028658,-0.67015,-0.21162,0.64001,0.20263,-0.66859,-0.19854,-2.1053,0.01382,-0.062047,0.034119,-0.1317,0.13915,0.5974,0.14804,0.58446
0.0063541,0.044068,0.12969,-0.024912,1.3748,-0.20153,0.49147,-0.18356,-0.0043969,-0.46043,-0.188,0.72595,0.23506,-0.46882,-0.20468,-2.0602,0.021411,-0.11992,-0.035394,-0.35488,0.13905,0.64688,0.1524,0.60962
0.0087537,0.042019,0.12549,-0.025096,1.2928,-0.39968,0.41476,-0.29068,0.013202,-0.18877,-0.17787,0.78517,0.25769,-0.28411,-0.21691,-1.8679,0.029836,-0.25176,-0.11671,-0.6045,0.14233,0.7018,0.15211,0.65877
0.013022,0.048623,0.12079,-0.0142,1.2263,-0.58409,0.35684,-0.41705,0.024891,0.043648,-0.17873,0.77066,0.27362,-0.16599,-0.22395,-1.5903,0.035564,-0.41348,-0.19495,-0.86805,0.14732,0.72966,0.1418,0.69339
0.017777,0.062001,0.11826,0.0022835,1.1847,-0.72643,0.33431,-0.54926,0.031152,0.17252,-0.1826,0.68226,0.28505,-0.12855,-0.21421,-1.2949,0.037357,-0.55557,-0.25354,-1.1289,0.14967,0.71182,0.11962,0.6905
0.021572,0.0769,0.11728,0.014782,1.1621,-0.80574,0.33995,-0.66284,0.031766,0.19306,-0.18659,0.55724,0.29026,-0.14228,-0.18328,-1.0214,0.03755,-0.63382,-0.27587,-1.3697,0.14623,0.6508,0.089014,0.65298
0.023342,0.088702,0.11487,0.017929,1.1543,-0.81627,0.34889,-0.74409,0.027053,0.14874,-0.19427,0.43969,0.28609,-0.15652,-0.1378,-0.7721,0.039414,-0.61557,-0.25396,-1.5763,0.13731,0.56411,0.057072,0.60005
0.023066,0.095941,0.10867,0.014627,1.1713,-0.77361,0.3339,-0.80597,0.019519,0.099123,-0.20746,0.35381,0.27266,-0.13505,-0.093343,-0.52468,0.043158,-0.4876,-0.19974,-1.74,0.12623,0.47241,0.031102,0.54903
0.022072,0.099917,0.099352,0.012526,1.2334,-0.71269,0.27935,-0.88252,0.01407,0.089806,-0.21796,0.29852,0.25486,-0.082123,-0.067189,-0.25435,0.044591,-0.26799,-0.14731,-1.8582,0.11677,0.39188,0.015571,0.50457
0.022274,0.10245,0.090389,0.01661,1.353,-0.67257,0.18653,-1.0016,0.016017,0.13972,-0.20949,0.26083,0.23881,-0.044473,-0.069936,0.050181,0.0381,-0.01324,-0.13877,-1.9342,0.11096,0.33334,0.010938,0.46194
0.024607,0.10398,0.085166,0.024928,1.52,-0.67379,0.070406,-1.1556,0.028075,0.24536,-0.16969,0.2319,0.22686,-0.089779,-0.10011,0.38027,0.021524,0.19278,-0.19915,-1.9767,0.10856,0.30287,0.014476,0.41725
0.027949,0.10344,0.083983,0.031056,1.7016,-0.70442,-0.04759,-1.2958,0.048642,0.39116,-0.10209,0.21163,0.21648,-0.27262,-0.14487,0.70391,-0.0013702,0.27275,-0.31763,-1.9987,0.1081,0.29925,0.022242,0.37246
0.029727,0.099521,0.083597,0.030439,1.857,-0.72795,-0.14611,-1.3594,0.072719,0.55687,-0.026875,0.20105,0.20448,-0.60149,-0.18667,0.96204,-0.023036,0.19837,-0.45022,-2.0158,0.10829,0.31011,0.031026,0.33101
0.027971,0.092143,0.079965,0.024426,1.9594,-0.71083,-0.20856,-1.313,0.094635,0.72051,0.030928,0.19318,0.19221,-1.019,-0.21216,1.074,-0.037123,0.013944,-0.54419,-2.0426,0.1089,0.31324,0.039241,0.29033
0.023129,0.082848,0.071939,0.018552,2.0093,-0.65041,-0.22702,-1.1795,0.11039,0.86061,0.056022,0.17201,0.18621,-1.4059,-0.218,0.96598,-0.042168,-0.17955,-0.56781,-2.0902,0.11063,0.28593,0.046418,0.24062
0.01795,0.074016,0.062641,0.017237,2.033,-0.58206,-0.20534,-1.0284,0.11811,0.95993,0.04858,0.12016,0.19283,-1.616,-0.21027,0.61906,-0.041264,-0.27601,-0.52512,-2.1625,0.11438,0.21666,0.051872,0.17162
0.015417,0.067446,0.057109,0.020115,2.0657,-0.55913,-0.15915,-0.93589,0.11708,1.0079,0.018115,0.027228,0.21207,-1.5364,-0.19849,0.10842,-0.038519,-0.2214,-0.44727,-2.2549,0.12038,0.10967,0.053809,0.080839
0.016459,0.063316,0.058133,0.023086,2.1283,-0.61957,-0.11056,-0.94328,0.10708,0.99857,-0.026962,-0.1092,0.23712,-1.1485,-0.18912,-0.40377,-0.03558,-0.040556,-0.36953,-2.3532,0.12789,-0.02088,0.049809,-0.024832
0.019388,0.060257,0.063906,0.022546,2.2122,-0.76213,-0.078407,-1.0421,0.088758,0.92433,-0.084114,-0.29042,0.26062,-0.55385,-0.18325,-0.73305,-0.030981,0.18219,-0.31173,-2.4349,0.13567,-0.16119,0.038471,-0.13483
0.021422,0.05655,0.06953,0.018553,2.2821,-0.94699,-0.06908,-1.1899,0.06429,0.77319,-0.15297,-0.52447,0.28171,0.060625,-0.17905,-0.7626,-0.022399,0.35334,-0.2735,-2.4732,0.14292,-0.30262,0.020913,-0.24149
0.020835,0.051555,0.070901,0.014252,2.2977,-1.1179,-0.074148,-1.3406,0.0369,0.53405,-0.22925,-0.82724,0.30599,0.50651,-0.17544,-0.50094,-0.0095898,0.41711,-0.24247,-2.4459,0.14976,-0.43806,0.00088145,-0.34102
0.017892,0.046133,0.067418,0.012577,2.2425,-1.2291,-0.076822,-1.4647,0.0092361,0.21025,-0.30427,-1.2147,0.3375,0.68109,-0.17292,-0.069252,0.0044602,0.37202,-0.20472,-2.3461,0.15668,-0.55618,-0.01666,-0.42942
0.014081,0.041542,0.061268,0.013535,2.1375,-1.2604,-0.063532,-1.5506,-0.017653,-0.16826,-0.37104,-1.6908,0.36995,0.60434,-0.17101,0.37083,0.015023,0.25634,-0.14967,-2.1856,0.16329,-0.64278,-0.027416,-0.49998
0.010737,0.037703,0.054439,0.014356,2.03,-1.2145,-0.033055,-1.5945,-0.043162,-0.54482,-0.43018,-2.2379,0.38704,0.38499,-0.16565,0.69791,0.018649,0.12233,-0.070235,-1.9859,0.16775,-0.69031,-0.029011,-0.54692
0.0084481,0.032571,0.046673,0.011952,1.9612,-1.1058,0.0028356,-1.593,-0.0645,-0.85261,-0.48856,-2.8146,0.37362,0.14367,-0.15026,0.87053,0.015658,0.019524,0.036612,-1.7592,0.16747,-0.70718,-0.021385,-0.57261
0.007456,0.023573,0.036393,0.0052939,1.9379,-0.95058,0.027465,-1.546,-0.075411,-1.041,-0.55082,-3.3608,0.3292,-0.051478,-0.12072,0.91333,0.010399,-0.0096249,0.16667,-1.4907,0.16081,-0.71603,-0.0068751,-0.58966
0.0081114,0.010076,0.023445,-0.0041324,1.9295,-0.76641,0.030473,-1.4629,-0.068579,-1.0984,-0.61178,-3.8069,0.27172,-0.19723,-0.080279,0.87541,0.0089104,0.06691,0.30657,-1.1429,0.14814,-0.73948,0.0097606,-0.61338
0.01052,-0.0054028,0.010641,-0.013657,1.8939,-0.57678,0.014528,-1.3651,-0.040812,-1.0592,-0.65807,-4.0885,0.22694,-0.32035,-0.039915,0.79634,0.015242,0.2596,0.43751,-0.68179,0.13135,-0.7837,0.021951,-0.64919
0.013716,-0.018617,0.0023303,-0.021019,1.8125,-0.41149,-0.0068563,-1.2773,0.0029233,-0.99245,-0.67869,-4.1621,0.21137,-0.43438,-0.013179,0.69615,0.028723,0.54449,0.54387,-0.11407,0.1123,-0.83338,0.023384,-0.68608
0.015546,-0.02654,0.0011782,-0.025016,1.7039,-0.2988,-0.018649,-1.2162,0.050352,-0.97578,-0.67589,-4.0223,0.22209,-0.52529,-0.0091243,0.58146,0.044153,0.86406,0.62009,0.49671,0.091802,-0.86279,0.011256,-0.70336
0.01389,-0.029213,0.0060823,-0.025254,1.6057,-0.2535,-0.014063,-1.184,0.087788,-1.0671,-0.6664,-3.7109,0.24087,-0.57059,-0.028292,0.45354,0.055102,1.1494,0.67061,1.0509,0.070273,-0.85391,-0.011159,-0.68582
0.0084308,-0.028871,0.012994,-0.021856,1.5381,-0.27026,0.0021665,-1.1715,0.10725,-1.2843,-0.6715,-3.3113,0.24828,-0.56518,-0.064036,0.3136,0.058167,1.3523,0.70398,1.4633,0.049236,-0.8063,-0.034925,-0.63478
0.0014016,-0.027423,0.017728,-0.015627,1.4809,-0.32734,0.019025,-1.1666,0.11006,-1.6011,-0.70373,-2.9229,0.23573,-0.52556,-0.10708,0.16936,0.05508,1.4645,0.72761,1.709,0.031983,-0.7309,-0.049511,-0.56508
-0.0035556,-0.024932,0.01827,-0.0083246,1.385,-0.39748,0.028585,-1.16,0.10494,-1.9611,-0.76055,-2.6267,0.20755,-0.47002,-0.1491,0.043253,0.050944,1.5111,0.74745,1.8333,0.022133,-0.63442,-0.048509,-0.49121
-0.0036924,-0.020603,0.014934,-0.002361,1.2087,-0.45764,0.031899,-1.144,0.10254,-2.3029,-0.82893,-2.4561,0.17448,-0.39923,-0.18308,-0.027323,0.04988,1.5237,0.76977,1.9149,0.020882,-0.51037,-0.033393,-0.41521
0.0010523,-0.01503,0.0089178,0.00016643,0.94946,-0.49252,0.036763,-1.1088,0.11013,-2.583,-0.89503,-2.3923,0.14636,-0.30154,-0.2016,-0.0068962,0.051541,1.5157,0.79889,2.0097,0.025218,-0.34723,-0.012663,-0.32738
0.0079887,-0.011113,0.0010463,-0.0015157,0.64398,-0.49356,0.04954,-1.0415,0.12901,-2.7827,-0.95051,-2.3849,0.12968,-0.1812,-0.19697,0.10993,0.051349,1.4768,0.82979,2.1152,0.028912,-0.14864,0.00325,-0.21875
0.013263,-0.012372,-0.0082002,-0.006547,0.33877,-0.45804,0.068468,-0.92959,0.15504,-2.8969,-0.99115,-2.3844,0.12883,-0.080797,-0.16474,0.28126,0.044305,1.3872,0.84269,2.1799,0.025989,0.0531,0.0080434,-0.093253
0.014008,-0.020014,-0.017856,-0.012956,0.05564,-0.38956,0.084661,-0.76737,0.18098,-2.9145,-1.0121,-2.3632,0.14591,-0.069668,-0.10881,0.43243,0.029261,1.2382,0.80953,2.149,0.014419,0.20604,0.0027136,0.031253
0.0098545,-0.031409,-0.02615,-0.01852,-0.21876,-0.29701,0.090264,-0.55724,0.1997,-2.8121,-1.0065,-2.3152,0.17742,-0.2,-0.043302,0.49993,0.010239,1.0438,0.71292,2.0115,-0.0024624,0.26865,-0.0059373,0.1338
0.0031079,-0.041343,-0.031303,-0.021413,-0.51391,-0.18995,0.086556,-0.30726,0.20742,-2.5693,-0.97075,-2.2397,0.21128,-0.46441,0.011951,0.47645,-0.0061788,0.8366,0.56466,1.814,-0.017638,0.24016,-0.010049,0.20277
-0.0025045,-0.045083,-0.032802,-0.020596,-0.84675,-0.074392,0.084422,-0.028422,0.20574,-2.1968,-0.91147,-2.1317,0.22958,-0.79264,0.040542,0.42235,-0.015173,0.6534,0.40643,1.632,-0.023969,0.1665,-0.0053531,0.23973
-0.0040173,-0.041037,-0.031948,-0.016142,-1.2096,0.044952,0.096124,0.26359,0.20074,-1.7567,-0.84667,-1.9879,0.21745,-1.0943,0.037495,0.43075,-0.016361,0.5196,0.28653,1.5218,-0.017461,0.11398,0.0071071,0.25328
-0.001238,-0.031389,-0.031119,-0.0095187,-1.5825,0.15543,0.12511,0.54381,0.19862,-1.3511,-0.79806,-1.823,0.17211,-1.3155,0.010489,0.56694,-0.013047,0.43974,0.22696,1.4867,0.0012485,0.12742,0.022638,0.25085
0.0028042,-0.020671,-0.032252,-0.0033551,-1.9523,0.22959,0.16264,0.77743,0.20018,-1.0825,-0.77908,-1.6728,0.10515,-1.4644,-0.026459,0.82128,-0.0091058,0.3988,0.20615,1.4814,0.027326,0.20261,0.036109,0.23654
0.0037178,-0.013245,-0.035598,-0.00027684,-2.315,0.23238,0.19446,0.92867,0.19829,-1.0078,-0.78756,-1.5751,0.035775,-1.5859,-0.061889,1.1062,-0.0062538,0.37369,0.17344,1.4492,0.053429,0.29286,0.04428,0.2159
-0.00096004,-0.010968,-0.039602,-0.0011702,-2.6536,0.14359,0.21194,0.97613,0.18133,-1.1155,-0.80888,-1.5391,-0.019578,-1.7081,-0.091642,1.2986,-0.0037278,0.34942,0.086646,1.3628,0.071958,0.34377,0.046163,0.2006
-0.0094073,-0.012153,-0.042016,-0.004083,-2.9119,-0.019487,0.21878,0.92459,0.14091,-1.3381,-0.82666,-1.5318,-0.053986,-1.8046,-0.11649,1.3023,-0.00019394,0.32962,-0.055488,1.2403,0.077456,0.32955,0.042163,0.20608
-0.016263,-0.012596,-0.041576,-0.0049625,-2.9979,-0.19952,0.22801,0.80428,0.078309,-1.5892,-0.83206,-1.4949,-0.069501,-1.8028,-0.13585,1.095,0.0041027,0.33201,-0.21163,1.1256,0.068564,0.26507,0.033545,0.24269
-0.016412,-0.0084627,-0.039126,-0.00023033,-2.8275,-0.32501,0.2525,0.65772,0.0045965,-1.7964,-0.82436,-1.3826,-0.072057,-1.6309,-0.14418,0.73936,0.0068946,0.36888,-0.32857,1.0507,0.048588,0.18805,0.022805,0.3074
-0.0090954,0.00061029,-0.037225,0.010394,-2.3909,-0.35017,0.29654,0.52282,-0.065564,-1.9138,-0.80339,-1.1876,-0.067318,-1.2675,-0.13395,0.35422,0.0054701,0.42562,-0.37995,1.0081,0.024016,0.12926,0.014041,0.38419
0.0010433,0.010625,-0.038256,0.023,-1.7904,-0.28158,0.35423,0.42223,-0.12109,-1.9143,-0.76223,-0.93426,-0.060409,-0.76056,-0.10302,0.064681,-0.0011424,0.45626,-0.38277,0.9541,0.0014238,0.094839,0.011956,0.45363
0.0071302,0.015808,-0.042324,0.031579,-1.2168,-0.1727,0.41363,0.36184,-0.15701,-1.7806,-0.68827,-0.64841,-0.057717,-0.20818,-0.059763,-0.048376,-0.011204,0.40538,-0.37991,0.83957,-0.015433,0.071694,0.019399,0.50499
0.0051625,0.013202,-0.046752,0.031951,-0.86384,-0.090963,0.46194,0.33388,-0.17162,-1.5079,-0.57316,-0.33317,-0.06677,0.28083,-0.020494,0.020591,-0.021208,0.24526,-0.40478,0.64463,-0.026523,0.046453,0.035148,0.54188
-0.0029602,0.0056694,-0.047954,0.024804,-0.83167,-0.081948,0.48809,0.31971,-0.16279,-1.1171,-0.4231,0.023574,-0.092547,0.6217,-0.00021427,0.20093,-0.027866,0.0022657,-0.45744,0.39245,-0.034074,0.018578,0.054027,0.57758
-0.010874,0.00051743,-0.044436,0.015531,-1.0804,-0.15429,0.48411,0.29219,-0.12868,-0.66048,-0.2599,0.41685,-0.13282,0.77139,-0.0032887,0.37652,-0.029596,-0.24967,-0.50993,0.13412,-0.04025,-0.0032891,0.069822,0.62426
-0.012486,0.0043271,-0.038412,0.010798,-1.4636,-0.29034,0.44801,0.22269,-0.072794,-0.20797,-0.11031,0.79949,-0.17709,0.73238,-0.021227,0.43839,-0.026636,-0.42738,-0.53337,-0.081516,-0.045915,-0.015614,0.079043,0.68444
-0.0062947,0.017865,-0.034455,0.014166,-1.8182,-0.4668,0.38801,0.094353,-0.0081166,0.18161,0.0082331,1.0934,-0.2113,0.55022,-0.03918,0.33825,-0.020172,-0.4838,-0.52238,-0.23086,-0.051104,-0.028799,0.082648,0.75099
0.003844,0.03512,-0.036073,0.023867,-2.0475,-0.66511,0.32345,-0.08446,0.045607,0.48371,0.094726,1.2349,-0.22565,0.30614,-0.046031,0.11666,-0.011572,-0.42979,-0.49682,-0.31804,-0.056036,-0.06039,0.084451,0.81488
0.011717,0.047299,-0.04301,0.034222,-2.1439,-0.86534,0.27798,-0.27768,0.071311,0.70774,0.15988,1.2207,-0.22006,0.099351,-0.040476,-0.1129,-0.002435,-0.31953,-0.4819,-0.36145,-0.061152,-0.11797,0.087617,0.87365
0.012962,0.048705,-0.051526,0.039604,-2.1456,-1.0355,0.26676,-0.43603,0.064184,0.87343,0.2151,1.1139,-0.20321,0.016895,-0.029198,-0.22098,0.0048622,-0.21341,-0.4853,-0.37944,-0.066096,-0.1874,0.092183,0.93314
0.0074605,0.040096,-0.057347,0.038062,-2.0731,-1.1337,0.28616,-0.52208,0.033592,0.9837,0.26485,1.0025,-0.18616,0.1004,-0.019701,-0.13046,0.0070686,-0.14573,-0.49071,-0.38564,-0.06908,-0.23791,0.0955,1.0001
-0.0013003,0.027312,-0.058704,0.03211,-1.9019,-1.129,0.31471,-0.52993,-0.0047241,1.0165,0.30746,0.93932,-0.17516,0.32835,-0.014186,0.14433,0.0010641,-0.11658,-0.47172,-0.39169,-0.067899,-0.24066,0.094981,1.0717
-0.0088589,0.016661,-0.057016,0.026371,-1.5927,-1.0257,0.32596,-0.48639,-0.040475,0.942,0.34056,0.90961,-0.16907,0.62746,-0.0090708,0.51302,-0.014346,-0.1055,-0.41279,-0.40773,-0.062026,-0.18644,0.09069,1.1309
-0.012385,0.010751,-0.055029,0.024006,-1.1477,-0.87137,0.30463,-0.43365,-0.075792,0.75253,0.36415,0.85205,-0.16281,0.90904,0.00042414,0.86782,-0.036972,-0.089448,-0.32008,-0.43516,-0.053724,-0.089124,0.08569,1.1538
-0.011838,0.0076043,-0.054434,0.024623,-0.63989,-0.73767,0.25454,-0.40658,-0.12238,0.4807,0.37866,0.71591,-0.15404,1.1085,0.015285,1.143,-0.061283,-0.050428,-0.2151,-0.45795,-0.046728,0.025491,0.084019,1.1263
-0.0094861,0.003105,-0.055128,0.025046,-0.18377,-0.68392,0.19386,-0.42031,-0.1915,0.19339,0.38196,0.5091,-0.14789,1.2041,0.031576,1.3328,-0.08034,0.026771,-0.11836,-0.44414,-0.043378,0.13487,0.087986,1.0577
-0.0084023,-0.005598,-0.056371,0.022099,0.13063,-0.72892,0.14299,-0.47303,-0.2843,-0.036142,0.37076,0.29995,-0.15581,1.2072,0.043638,1.4586,-0.088868,0.15518,-0.037199,-0.36206,-0.042776,0.22767,0.096729,0.98264
-0.010713,-0.018326,-0.058148,0.015063,0.28917,-0.84779,0.11487,-0.55634,-0.38904,-0.16067,0.34651,0.17281,-0.18826,1.1391,0.048424,1.5202,-0.085902,0.33696,0.033927,-0.20197,-0.041724,0.30182,0.10685,0.94595
-0.01634,-0.032558,-0.061025,0.0059256,0.35031,-0.99267,0.1132,-0.66079,-0.48586,-0.17749,0.31906,0.17332,-0.24526,1.0166,0.047372,1.4794,-0.075326,0.55144,0.10311,0.013531,-0.03764,0.35876,0.11442,0.97888
-0.022879,-0.045355,-0.064597,-0.0025101,0.39262,-1.1192,0.13576,-0.77255,-0.55511,-0.12361,0.30249,0.28351,-0.31099,0.85749,0.044804,1.2952,-0.063687,0.75438,0.17058,0.24003,-0.030768,0.40031,0.11695,1.0798
-0.02692,-0.054676,-0.066373,-0.0087618,0.45743,-1.2014,0.17697,-0.86813,-0.58389,-0.051198,0.3048,0.44016,-0.35753,0.69508,0.044779,0.98249,-0.056319,0.89562,0.22641,0.43529,-0.023764,0.42879,0.1142,1.2107
-0.026232,-0.05938,-0.062791,-0.01314,0.53048,-1.2306,0.22715,-0.91847,-0.56856,0.0021379,0.32039,0.57634,-0.35782,0.57847,0.049084,0.63709,-0.05424,0.94517,0.25726,0.57785,-0.019238,0.44626,0.10764,1.3135
-0.021408,-0.058705,-0.052034,-0.016381,0.57111,-1.2079,0.27232,-0.90434,-0.51388,0.031515,0.33351,0.65331,-0.30159,0.55032,0.057378,0.39649,-0.054131,0.9076,0.25569,0.66599,-0.017748,0.45156,0.099153,1.3373
-0.015575,-0.052405,-0.03629,-0.018144,0.55857,-1.1398,0.29857,-0.83221,-0.4306,0.061608,0.33111,0.66595,-0.20434,0.61568,0.068374,0.35774,-0.05157,0.81266,0.22508,0.70042,-0.017996,0.43906,0.09007,1.2647
-0.01214,-0.041654,-0.021234,-0.017154,0.51516,-1.0385,0.30033,-0.73506,-0.33234,0.12642,0.31483,0.62947,-0.10214,0.72955,0.080326,0.51499,-0.045077,0.69054,0.17719,0.66958,-0.018717,0.40419,0.08099,1.1203
-0.012222,-0.029538,-0.012667,-0.012919,0.49007,-0.92053,0.28509,-0.65314,-0.23193,0.24787,0.30145,0.56634,-0.034073,0.81859,0.090377,0.76602,-0.037538,0.55354,0.1255,0.55418,-0.020062,0.35393,0.072347,0.95685
-0.013891,-0.019996,-0.012785,-0.0070974,0.52221,-0.79865,0.26895,-0.60706,-0.13813,0.42883,0.31114,0.503,-0.022661,0.82523,0.094112,0.9819,-0.033621,0.3997,0.07962,0.34949,-0.023005,0.31325,0.065009,0.82665
-0.013905,-0.015574,-0.018981,-0.0027263,0.61543,-0.67389,0.26441,-0.58412,-0.054303,0.66321,0.3531,0.47033,-0.064785,0.7434,0.086949,1.0851,-0.035286,0.23201,0.044331,0.084821,-0.027489,0.31818,0.060281,0.75527
-0.01047,-0.015806,-0.026091,-0.0017447,0.7446,-0.536,0.27034,-0.54996,0.019711,0.94965,0.42034,0.49705,-0.13808,0.6214,0.067319,1.0788,-0.039486,0.070952,0.022256,-0.1811,-0.031436,0.39701,0.059247,0.73438
-0.0046201,-0.017832,-0.03019,-0.0032863,0.88279,-0.37559,0.27291,-0.47673,0.084252,1.2914,0.49697,0.59506,-0.21654,0.53295,0.039298,1.0159,-0.040397,-0.05637,0.016335,-0.39015,-0.03197,0.55184,0.061919,0.73643
0.00089005,-0.018973,-0.030886,-0.0047576,1.0231,-0.19849,0.2575,-0.36546,0.13777,1.6785,0.57041,0.74757,-0.28317,0.53855,0.011717,0.94512,-0.034494,-0.14395,0.028748,-0.51853,-0.027932,0.75423,0.066873,0.73831
0.0039226,-0.019138,-0.030525,-0.0049813,1.1765,-0.028585,0.22136,-0.24445,0.17788,2.0682,0.63771,0.91166,-0.33163,0.66049,-0.0068762,0.88183,-0.023944,-0.22559,0.056398,-0.58729,-0.021354,0.95787,0.07173,0.73491
0.0042545,-0.02092,-0.031359,-0.006298,1.3508,0.10649,0.1759,-0.14534,0.20403,2.3866,0.70104,1.0355,-0.35921,0.87851,-0.014318,0.82159,-0.015087,-0.36272,0.086604,-0.64124,-0.016273,1.1188,0.074369,0.73344
0.0028339,-0.027137,-0.0333,-0.013078,1.5321,0.19687,0.13654,-0.076784,0.21855,2.5599,0.75807,1.0794,-0.36048,1.1388,-0.016969,0.76895,-0.013085,-0.60479,0.097545,-0.71465,-0.015611,1.21,0.074212,0.73669
0.00024269,-0.037771,-0.034077,-0.027395,1.6868,0.26206,0.10913,-0.01651,0.22467,2.5576,0.79678,1.0287,-0.32891,1.3678,-0.02529,0.74573,-0.017387,-0.95049,0.065408,-0.8113,-0.018627,1.2259,0.072756,0.73283
-0.0036372,-0.048856,-0.031384,-0.045644,1.7829,0.34136,0.085206,0.07257,0.22358,2.416,0.80007,0.89382,-0.26464,1.4895,-0.045573,0.76689,-0.02203,-1.3402,-0.024311,-0.91176,-0.021164,1.1797,0.072777,0.70261
-0.0083448,-0.054398,-0.024915,-0.059645,1.8112,0.46817,0.050308,0.21514,0.21402,2.2199,0.75619,0.70092,-0.18036,1.4501,-0.074311,0.80815,-0.020632,-1.6863,-0.16729,-0.99528,-0.018685,1.1,0.076447,0.63787
-0.01171,-0.050134,-0.016567,-0.062094,1.7891,0.6453,-0.0019355,0.40488,0.19538,2.0538,0.66663,0.47963,-0.098827,1.2418,-0.10011,0.79988,-0.011826,-1.9191,-0.33867,-1.0532,-0.0098545,1.0239,0.083573,0.55345
-0.010825,-0.036568,-0.0088276,-0.052238,1.7443,0.83831,-0.062341,0.60595,0.17121,1.9556,0.54541,0.25128,-0.042929,0.91024,-0.11188,0.65857,-0.0005746,-2.0156,-0.50141,-1.0839,0.0021993,0.98549,0.091369,0.47977
-0.0047837,-0.019148,-0.0029515,-0.036994,1.6948,0.99214,-0.11158,0.77159,0.14897,1.9055,0.41105,0.02105,-0.025811,0.53383,-0.10657,0.33451,0.0055356,-1.9965,-0.62142,-1.0808,0.012014,0.99858,0.096245,0.44085
0.0034971,-0.0052579,0.0015266,-0.026213,1.6422,1.0607,-0.13355,0.86678,0.13546,1.8513,0.27775,-0.22158,-0.046966,0.18245,-0.090073,-0.15857,0.0017035,-1.9017,-0.68199,-1.0335,0.015787,1.0473,0.096361,0.43614
0.0087939,0.00021213,0.0057788,-0.025606,1.5816,1.0307,-0.12539,0.88145,0.13172,1.7497,0.15161,-0.49159,-0.094663,-0.11778,-0.071121,-0.7488,-0.011388,-1.7682,-0.68969,-0.94586,0.014123,1.0947,0.09282,0.44211
0.0077154,-0.0020834,0.01037,-0.032877,1.5173,0.92452,-0.096578,0.82816,0.13228,1.5905,0.033182,-0.79042,-0.15069,-0.38743,-0.053981,-1.3357,-0.029257,-1.626,-0.66891,-0.85158,0.011271,1.1087,0.088242,0.43217
0.0018536,-0.0064452,0.014938,-0.040101,1.4655,0.77987,-0.059486,0.7271,0.12971,1.3943,-0.07675,-1.0929,-0.19478,-0.66382,-0.036794,-1.8206,-0.047519,-1.5033,-0.64819,-0.80621,0.011338,1.0849,0.08376,0.3973
-0.0032453,-0.0061331,0.019045,-0.040315,1.4413,0.62108,-0.020515,0.58922,0.12057,1.1929,-0.17278,-1.3514,-0.20981,-0.96452,-0.01665,-2.1251,-0.064365,-1.4265,-0.64681,-0.85223,0.014406,1.048,0.077129,0.34925
-0.0027628,0.001672,0.023157,-0.032997,1.4416,0.44278,0.020848,0.40995,0.10754,1.0123,-0.24498,-1.5178,-0.18934,-1.2756,0.00376,-2.2034,-0.079996,-1.4056,-0.66886,-0.98308,0.015796,1.0269,0.063964,0.30396
0.0031336,0.013526,0.028589,-0.024139,1.4399,0.22009,0.06597,0.18007,0.096063,0.86578,-0.28367,-1.5714,-0.14459,-1.5717,0.01453,-2.0571,-0.094432,-1.4207,-0.70674,-1.1382,0.0093272,1.023,0.041526,0.26092
0.009384,0.022019,0.036252,-0.021172,1.402,-0.061294,0.11107,-0.092504,0.088929,0.75515,-0.28611,-1.5311,-0.10356,-1.8435,0.0039253,-1.7474,-0.10628,-1.4255,-0.74958,-1.2378,-0.0076773,1.0023,0.012095,0.19798
0.01052,0.021337,0.045269,-0.027012,1.3115,-0.37841,0.14717,-0.36795,0.083794,0.67215,-0.26069,-1.4422,-0.097789,-2.1009,-0.033328,-1.3884,-0.11339,-1.3727,-0.78992,-1.233,-0.031395,0.91934,-0.01686,0.087692
0.0055449,0.012009,0.052842,-0.037958,1.1845,-0.67232,0.16528,-0.5837,0.07542,0.60176,-0.22486,-1.3436,-0.14206,-2.3426,-0.091046,-1.1068,-0.11408,-1.2444,-0.82461,-1.1317,-0.052785,0.75707,-0.035996,-0.078432
-0.0011526,0.001078,0.055812,-0.046738,1.0624,-0.88103,0.16126,-0.68842,0.060066,0.52941,-0.19672,-1.2401,-0.22062,-2.5219,-0.15299,-0.98292,-0.10723,-1.063,-0.85161,-0.98206,-0.062225,0.54917,-0.038495,-0.27886
-0.0036099,-0.0026441,0.052882,-0.0479,0.98463,-0.98159,0.13593,-0.67943,0.037678,0.44977,-0.18491,-1.1007,-0.29224,-2.5469,-0.19907,-1.009,-0.091464,-0.87297,-0.86749,-0.83048,-0.054193,0.36451,-0.022714,-0.47435
0.00064539,0.0053116,0.045763,-0.041193,0.96309,-1.0078,0.091943,-0.61366,0.010028,0.36746,-0.18397,-0.88618,-0.31325,-2.3297,-0.2127,-1.0959,-0.065189,-0.71175,-0.86864,-0.68967,-0.029025,0.26441,0.0078842,-0.63334
0.0087109,0.022195,0.038195,-0.030715,0.97507,-1.0266,0.032065,-0.57753,-0.022888,0.28457,-0.1795,-0.58724,-0.26389,-1.8531,-0.18658,-1.1296,-0.028538,-0.5919,-0.85483,-0.54238,0.0086641,0.26565,0.046328,-0.74871
0.015049,0.040397,0.033447,-0.02116,0.97992,-1.0892,-0.038478,-0.63253,-0.064136,0.1845,-0.16033,-0.24577,-0.15972,-1.2028,-0.12607,-1.0409,0.014229,-0.50748,-0.83032,-0.37143,0.052822,0.33647,0.083744,-0.83182
0.016204,0.052942,0.032153,-0.014538,0.94582,-1.1948,-0.10888,-0.77543,-0.11683,0.031863,-0.12897,0.058977,-0.040485,-0.5334,-0.049014,-0.84341,0.054833,-0.45237,-0.79962,-0.18503,0.097639,0.42503,0.11077,-0.89038
0.013335,0.057819,0.032157,-0.0097216,0.86738,-1.2959,-0.16439,-0.9441,-0.17891,-0.20098,-0.10183,0.25122,0.054568,0.011265,0.019479,-0.61386,0.084761,-0.43033,-0.76035,-0.014094,0.13747,0.49413,0.11963,-0.9123
0.010619,0.058228,0.030429,-0.0045134,0.76382,-1.3412,-0.19438,-1.0661,-0.24028,-0.49577,-0.098297,0.29996,0.10751,0.36771,0.056978,-0.43278,0.10036,-0.44776,-0.70005,0.11419,0.1664,0.53435,0.10717,-0.87263
0.011247,0.059173,0.025449,0.002024,0.66267,-1.3201,-0.20139,-1.1126,-0.2853,-0.77254,-0.12633,0.23312,0.12567,0.56433,0.054446,-0.32709,0.10499,-0.49925,-0.60209,0.20006,0.17913,0.54969,0.077064,-0.75987
0.014683,0.063383,0.018156,0.0088545,0.58369,-1.2704,-0.20307,-1.1156,-0.29975,-0.91992,-0.17579,0.11632,0.12956,0.67352,0.020942,-0.25514,0.10611,-0.56231,-0.459,0.27055,0.17327,0.53504,0.039032,-0.59838
0.017442,0.069448,0.010841,0.013995,0.53436,-1.2455,-0.22329,-1.1359,-0.27787,-0.8596,-0.22511,0.012382,0.13605,0.74798,-0.021817,-0.14278,0.10944,-0.60741,-0.28379,0.35659,0.15133,0.47006,0.0044122,-0.4444
0.016426,0.073023,0.0051156,0.015994,0.51653,-1.2678,-0.27747,-1.2091,-0.2248,-0.59993,-0.2568,-0.05035,0.14876,0.79199,-0.052306,0.056811,0.11503,-0.61435,-0.10932,0.46884,0.12048,0.33674,-0.019355,-0.3544
0.011731,0.069866,0.00076552,0.014683,0.534,-1.3101,-0.36243,-1.315,-0.15305,-0.23507,-0.27005,-0.081678,0.15968,0.7832,-0.060958,0.32303,0.11813,-0.58191,0.026239,0.59145,0.089971,0.14397,-0.031406,-0.34864
0.0064547,0.058623,-0.0036318,0.011023,0.591,-1.318,-0.45774,-1.3946,-0.075979,0.11379,-0.28097,-0.10744,0.15747,0.71681,-0.053041,0.57621,0.1137,-0.5255,0.098988,0.69474,0.06771,-0.064584,-0.035212,-0.39854
0.0038222,0.041824,-0.0091085,0.0065675,0.68102,-1.2549,-0.5376,-1.3974,-0.0024275,0.37249,-0.31031,-0.14164,0.13527,0.62749,-0.041653,0.72881,0.10041,-0.46723,0.11037,0.75322,0.058082,-0.22969,-0.033277,-0.44811
0.0042848,0.024697,-0.015322,0.002943,0.77623,-1.128,-0.58445,-1.3204,0.064161,0.54739,-0.36784,-0.17432,0.094093,0.56877,-0.037089,0.74276,0.081107,-0.42431,0.082294,0.75643,0.061609,-0.30952,-0.023302,-0.45296
0.0052333,0.012456,-0.021093,0.0012957,0.82986,-0.97806,-0.59556,-1.2058,0.12287,0.69551,-0.44488,-0.18246,0.041819,0.56934,-0.040442,0.65239,0.060126,-0.39898,0.041262,0.71073,0.075745,-0.30181,0.00065065,-0.40718
0.0035932,0.0075719,-0.025827,0.0017592,0.79534,-0.84411,-0.57961,-1.1036,0.17171,0.86072,-0.51971,-0.15259,-0.0099427,0.6065,-0.044784,0.53782,0.040717,-0.37243,0.004477,0.63747,0.095797,-0.23923,0.042493,-0.33955
-0.0010268,0.0086331,-0.030287,0.0033469,0.65208,-0.73656,-0.54747,-1.0327,0.20645,1.0307,-0.57088,-0.09532,-0.049725,0.62144,-0.041215,0.4703,0.024644,-0.30827,-0.022406,0.56975,0.11589,-0.16331,0.098319,-0.28572
-0.005538,0.011607,-0.035786,0.0046398,0.42028,-0.64099,-0.50414,-0.9728,0.22267,1.1477,-0.58863,-0.039279,-0.070146,0.5643,-0.024556,0.47041,0.013422,-0.16974,-0.037379,0.54438,0.13049,-0.097391,0.15529,-0.26032
-0.0058257,0.012729,-0.042463,0.0048969,0.15272,-0.54476,-0.44692,-0.89102,0.21908,1.1592,-0.57719,-0.0093053,-0.070769,0.43234,0.0044655,0.50794,0.0089114,0.054991,-0.034312,0.58745,0.13652,-0.038312,0.19665,-0.25005
-0.00047295,0.010908,-0.048378,0.0045542,-0.092391,-0.45894,-0.36975,-0.77679,0.19935,1.0599,-0.54849,-0.0073558,-0.058136,0.27164,0.040267,0.53868,0.012071,0.33716,-0.00407,0.70041,0.13464,0.029841,0.20975,-0.22939
0.0074788,0.007774,-0.050592,0.0044676,-0.27982,-0.41356,-0.26983,-0.65399,0.1707,0.89235,-0.51347,-0.013501,-0.042298,0.14376,0.074931,0.54507,0.021197,0.61671,0.05648,0.85783,0.12854,0.11311,0.1918,-0.18278
0.012428,0.005355,-0.047589,0.0045589,-0.40813,-0.42974,-0.15208,-0.56038,0.1401,0.70945,-0.47731,-0.0078837,-0.03176,0.086066,0.10105,0.54837,0.031954,0.83448,0.13683,1.0212,0.12203,0.19516,0.14973,-0.11427
0.01039,0.0035508,-0.041033,0.0033956,-0.49737,-0.49338,-0.028776,-0.51367,0.11096,0.53604,-0.44034,0.004217,-0.030372,0.095549,0.11454,0.58578,0.039864,0.96481,0.2149,1.1596,0.11616,0.24503,0.095168,-0.039337
0.0020687,-0.00011696,-0.035169,-0.00049292,-0.56434,-0.55389,0.084918,-0.49393,0.082575,0.36194,-0.4019,-0.013237,-0.038198,0.14344,0.11653,0.67545,0.04335,1.0241,0.26824,1.2628,0.10869,0.23961,0.038212,0.030853
-0.0076999,-0.0079967,-0.034086,-0.0066074,-0.60368,-0.55109,0.17676,-0.45721,0.052853,0.16634,-0.3636,-0.10572,-0.054652,0.20233,0.11297,0.79917,0.044606,1.0508,0.28602,1.3373,0.096359,0.18379,-0.015711,0.09726
-0.013711,-0.019292,-0.038876,-0.011912,-0.58758,-0.45108,0.24112,-0.36878,0.021949,-0.054042,-0.32991,-0.29554,-0.079734,0.26207,0.11129,0.9149,0.047411,1.076,0.27306,1.3935,0.078128,0.11275,-0.065104,0.16605
-0.014271,-0.029593,-0.046832,-0.012772,-0.48422,-0.26607,0.27938,-0.22937,-0.0062435,-0.27998,-0.30674,-0.56463,-0.11088,0.32575,0.11598,0.98567,0.053752,1.1094,0.24435,1.4364,0.056325,0.072661,-0.10978,0.23448
-0.012082,-0.03388,-0.053258,-0.0080119,-0.28377,-0.046428,0.29796,-0.075088,-0.026271,-0.48932,-0.29891,-0.86707,-0.138,0.39752,0.12641,1.001,0.062106,1.1478,0.2154,1.4658,0.03487,0.091596,-0.14917,0.28393
-0.011526,-0.030587,-0.054506,-0.00023221,-0.016673,0.14715,0.30615,0.046739,-0.035376,-0.67893,-0.30754,-1.1603,-0.14271,0.47902,0.13864,0.97781,0.068642,1.1896,0.19491,1.4822,0.016178,0.15983,-0.18243,0.28826
-0.014719,-0.023047,-0.050104,0.0062146,0.24853,0.2723,0.31388,0.10618,-0.03621,-0.86677,-0.32825,-1.4288,-0.10607,0.57757,0.14963,0.94532,0.070106,1.2365,0.18261,1.4872,-0.00050702,0.2332,-0.20922,0.232
-0.019663,-0.016767,-0.042699,0.0090844,0.43125,0.31889,0.32819,0.10402,-0.035305,-1.0729,-0.35152,-1.681,-0.021816,0.71236,0.1596,0.9295,0.065929,1.2803,0.17142,1.4774,-0.018182,0.25819,-0.22959,0.12352
-0.021975,-0.014845,-0.036109,0.010374,0.4785,0.30506,0.3477,0.064589,-0.038101,-1.2986,-0.36651,-1.9271,0.09421,0.90243,0.17024,0.94375,0.058124,1.2936,0.15197,1.4388,-0.039797,0.20318,-0.24298,-0.0082085
-0.018697,-0.0157,-0.032922,0.014362,0.39561,0.26264,0.35814,0.018173,-0.044499,-1.5249,-0.36716,-2.1602,0.20735,1.1381,0.18005,0.98472,0.049534,1.2435,0.11837,1.3531,-0.066684,0.076751,-0.24798,-0.13087
-0.010994,-0.015232,-0.033159,0.022924,0.24553,0.22249,0.33467,-0.012685,-0.048896,-1.7307,-0.35678,-2.3597,0.28061,1.36,0.18156,1.0292,0.04209,1.123,0.07363,1.213,-0.098421,-0.07708,-0.24375,-0.2262
-0.0035488,-0.011339,-0.034744,0.032401,0.11241,0.2053,0.25384,-0.016055,-0.044989,-1.9151,-0.34708,-2.5114,0.29473,1.4719,0.16411,1.0354,0.036307,0.97263,0.03124,1.0348,-0.13309,-0.20177,-0.23207,-0.29375
-0.0011544,-0.0063814,-0.035298,0.035433,0.051306,0.21901,0.11033,0.013536,-0.031361,-2.1008,-0.35113,-2.6225,0.25834,1.3925,0.1211,0.95593,0.031963,0.86666,0.0096488,0.85429,-0.16682,-0.25383,-0.21762,-0.33997
-0.0052346,-0.0050888,-0.033952,0.026869,0.06014,0.26027,-0.073045,0.07829,-0.012923,-2.316,-0.3744,-2.7157,0.20139,1.1139,0.056703,0.76368,0.029009,0.86457,0.021143,0.70791,-0.19308,-0.21652,-0.20537,-0.3644
-0.012915,-0.0098143,-0.031774,0.0088842,0.095138,0.3182,-0.25185,0.17538,0.0031861,-2.5697,-0.41056,-2.8069,0.15678,0.72373,-0.013509,0.47507,0.0278,0.96486,0.062158,0.6113,-0.20375,-0.097484,-0.19694,-0.35637
-0.0192,-0.017723,-0.030488,-0.0094793,0.11629,0.3787,-0.38206,0.29309,0.013612,-2.8433,-0.44492,-2.8893,0.1429,0.36566,-0.069495,0.15267,0.028532,1.0996,0.1133,0.55394,-0.1926,0.082686,-0.18929,-0.30467
-0.020472,-0.022777,-0.030564,-0.018562,0.12355,0.4283,-0.44442,0.41043,0.021179,-3.1049,-0.46335,-2.9391,0.1577,0.16041,-0.097255,-0.12193,0.030469,1.1795,0.15095,0.51198,-0.15954,0.29979,-0.17728,-0.20953
-0.016722,-0.020829,-0.030471,-0.015233,0.15217,0.45639,-0.45475,0.50291,0.031358,-3.3346,-0.4601,-2.9376,0.18541,0.13978,-0.096401,-0.29029,0.031823,1.1571,0.16286,0.46792,-0.11216,0.52741,-0.15814,-0.085087
-0.011088,-0.013124,-0.027957,-0.0049497,0.23255,0.45597,-0.45306,0.55154,0.045951,-3.537,-0.43953,-2.8888,0.20848,0.239,-0.079984,-0.34753,0.030653,1.0586,0.15607,0.42051,-0.062755,0.73412,-0.13368,0.049842
-0.0072823,-0.0050154,-0.022352,0.0030749,0.35302,0.4244,-0.47891,0.55001,0.059807,-3.7271,-0.41149,-2.8163,0.21569,0.34913,-0.066749,-0.34141,0.026249,0.95993,0.15095,0.37898,-0.022292,0.88502,-0.10816,0.18225
-0.0069401,-0.0011675,-0.015747,0.0035044,0.46179,0.36517,-0.54948,0.50639,0.063741,-3.9012,-0.38433,-2.7415,0.20337,0.38743,-0.070771,-0.34292,0.019852,0.92593,0.16648,0.34965,0.0043794,0.95159,-0.08401,0.30603
-0.0087861,-0.0017526,-0.011706,-0.0011561,0.50813,0.29011,-0.65375,0.43977,0.051287,-4.0185,-0.36038,-2.6647,0.17245,0.33492,-0.094801,-0.40977,0.013884,0.96196,0.20871,0.32822,0.018933,0.92453,-0.059407,0.41349
-0.010092,-0.0029698,-0.012453,-0.0034588,0.48561,0.21861,-0.76384,0.3739,0.023615,-4.0145,-0.33597,-2.5629,0.12627,0.22208,-0.13091,-0.56417,0.010054,1.0154,0.27052,0.30391,0.025877,0.8187,-0.030388,0.48845
-0.0091621,-0.0010597,-0.017003,0.0020076,0.43758,0.17133,-0.85337,0.32956,-0.011316,-3.8412,-0.30528,-2.4067,0.070681,0.0876,-0.16696,-0.79187,0.0078863,1.0227,0.34061,0.26968,0.028122,0.66411,0.0046757,0.5107
-0.0068216,0.0041625,-0.022007,0.013729,0.41987,0.15941,-0.90993,0.31681,-0.044281,-3.5056,-0.26518,-2.1797,0.014451,-0.048573,-0.19391,-1.0546,0.0050716,0.96103,0.41171,0.22847,0.025257,0.48872,0.042436,0.46977
-0.0056599,0.0094431,-0.024574,0.02454,0.45524,0.17552,-0.93544,0.32926,-0.070332,-3.0759,-0.21861,-1.8871,-0.032416,-0.17812,-0.20894,-1.3042,-0.00050821,0.86347,0.48072,0.19048,0.015321,0.30644,0.07628,0.37528
-0.0076481,0.011423,-0.024453,0.027637,0.52051,0.19371,-0.93773,0.34432,-0.090344,-2.6472,-0.17427,-1.5507,-0.062551,-0.28095,-0.21343,-1.494,-0.0088651,0.7884,0.54273,0.1652,-0.0019545,0.11949,0.10074,0.2535
-0.012142,0.0098237,-0.023548,0.021976,0.57549,0.18033,-0.92221,0.33206,-0.10831,-2.2888,-0.1425,-1.1993,-0.074564,-0.31934,-0.20882,-1.5888,-0.017912,0.77066,0.58736,0.15557,-0.023328,-0.068853,0.11458,0.13298
-0.016045,0.0076217,-0.023342,0.012676,0.60377,0.11085,-0.8897,0.27059,-0.12729,-2.0089,-0.12859,-0.86093,-0.073315,-0.26346,-0.19451,-1.5757,-0.025423,0.79455,0.60328,0.15752,-0.043106,-0.2454,0.12009,0.032768
-0.016091,0.0083564,-0.022923,0.0066776,0.62592,-0.017045,-0.84019,0.16001,-0.14705,-1.7616,-0.12745,-0.55952,-0.066845,-0.12687,-0.16976,-1.4704,-0.031044,0.80703,0.58763,0.16243,-0.056237,-0.3934,0.1197,-0.03715
-0.011386,0.013165,-0.019786,0.0077486,0.67444,-0.18148,-0.77645,0.025749,-0.16418,-1.488,-0.12316,-0.31101,-0.062086,0.025463,-0.13707,-1.3118,-0.036336,0.75713,0.55102,0.15869,-0.061289,-0.51086,0.11343,-0.067469
-0.0041416,0.019981,-0.012811,0.014759,0.757,-0.34527,-0.70263,-0.092174,-0.17367,-1.1599,-0.094874,-0.1185,-0.061915,0.11272,-0.10329,-1.1421,-0.042803,0.63039,0.51254,0.13228,-0.061396,-0.62443,0.099243,-0.046876
0.001942,0.025162,-0.0044365,0.023704,0.84453,-0.46978,-0.61868,-0.15823,-0.17065,-0.79509,-0.026343,0.029952,-0.064816,0.094147,-0.076601,-0.98219,-0.0499,0.45575,0.48823,0.069791,-0.062634,-0.78289,0.075677,0.027127
0.0042125,0.025902,0.00046743,0.030841,0.89488,-0.52678,-0.51729,-0.15763,-0.15187,-0.43721,0.086114,0.15622,-0.066626,0.00053321,-0.061435,-0.81737,-0.055174,0.2855,0.48194,-0.034423,-0.070765,-1.0293,0.043951,0.13217
0.0025401,0.021731,-0.0015205,0.034254,0.88756,-0.50469,-0.38867,-0.10045,-0.11723,-0.12002,0.23138,0.28045,-0.062947,-0.086589,-0.055549,-0.60633,-0.056553,0.16586,0.48506,-0.17117,-0.08819,-1.3688,0.0077939,0.21743
-0.0011833,0.014498,-0.0091352,0.033553,0.8356,-0.40915,-0.23159,-0.012759,-0.07056,0.15286,0.38758,0.40937,-0.050877,-0.093525,-0.051832,-0.3105,-0.054599,0.11594,0.48321,-0.31662,-0.11271,-1.7533,-0.028469,0.22241
-0.00477,0.0072686,-0.016995,0.029228,0.76476,-0.25909,-0.061381,0.078369,-0.018935,0.39774,0.52977,0.53209,-0.029437,-0.005538,-0.043477,0.074628,-0.052368,0.12213,0.46342,-0.44287,-0.13863,-2.0952,-0.061406,0.10889
-0.0071688,0.002755,-0.019835,0.022707,0.68256,-0.080064,0.094233,0.15631,0.029906,0.62257,0.63778,0.62584,0.0011048,0.12882,-0.028391,0.50738,-0.052707,0.14541,0.41757,-0.53323,-0.15911,-2.3004,-0.088083,-0.11507
-0.0086508,0.0017966,-0.016812,0.016475,0.56861,0.10261,0.21084,0.21714,0.070553,0.80857,0.70206,0.66854,0.040186,0.24211,-0.0095316,0.91572,-0.055291,0.13662,0.34329,-0.59083,-0.16836,-2.3022,-0.10457,-0.39461
-0.0099704,0.0026131,-0.012051,0.013056,0.39466,0.2679,0.28333,0.26381,0.10143,0.92128,0.72612,0.65174,0.087248,0.30528,0.008542,1.2303,-0.0562,0.055905,0.24545,-0.63349,-0.16235,-2.081,-0.10565,-0.64928
-0.011447,0.0015771,-0.010883,0.013068,0.15332,0.39905,0.3287,0.29827,0.12399,0.94424,0.72446,0.58788,0.14102,0.35326,0.023489,1.4131,-0.050756,-0.10878,0.13738,-0.67895,-0.13881,-1.666,-0.087499,-0.80129
-0.012742,-0.0045379,-0.015209,0.014171,-0.13328,0.48233,0.3722,0.31791,0.14078,0.90673,0.71545,0.50818,0.19849,0.45952,0.036036,1.4659,-0.037512,-0.33303,0.037764,-0.73232,-0.097711,-1.126,-0.052036,-0.79812
-0.013381,-0.016231,-0.022154,0.012412,-0.43141,0.50967,0.42742,0.31804,0.15427,0.87845,0.71143,0.45059,0.25462,0.67878,0.047555,1.4187,-0.020155,-0.56531,-0.03925,-0.78554,-0.042932,-0.55404,-0.0094612,-0.62616
-0.01342,-0.030754,-0.027087,0.0052928,-0.71938,0.4858,0.48638,0.29717,0.16719,0.92957,0.71153,0.44193,0.30375,1,0.057217,1.3114,-0.0056211,-0.75265,-0.095221,-0.82729,0.016532,-0.046448,0.024547,-0.31734
-0.013589,-0.043986,-0.027932,-0.0059797,-0.99071,0.43356,0.52723,0.25985,0.18322,1.0836,0.70321,0.48403,0.34158,1.3445,0.061796,1.1825,0.00029214,-0.86873,-0.14921,-0.85305,0.068032,0.32383,0.036686,0.053473
-0.014688,-0.053147,-0.026583,-0.017057,-1.2334,0.3885,0.53268,0.21487,0.20642,1.2996,0.67324,0.55376,0.36644,1.6104,0.058487,1.066,-0.0034573,-0.92572,-0.22406,-0.86626,0.10023,0.53069,0.02413,0.38672
-0.0167,-0.058006,-0.026205,-0.023438,-1.41,0.38105,0.50385,0.17141,0.23951,1.4999,0.62121,0.62038,0.37861,1.7351,0.047948,0.9908,-0.012943,-0.9617,-0.32418,-0.87199,0.10899,0.60012,-0.0033345,0.59203
-0.018446,-0.059735,-0.027355,-0.023435,-1.4652,0.41699,0.45913,0.13779,0.28249,1.6236,0.56502,0.67033,0.37853,1.7302,0.034415,0.97598,-0.022445,-1.0135,-0.42261,-0.87238,0.099781,0.58834,-0.029603,0.62399
-0.018294,-0.059018,-0.026993,-0.01891,-1.3656,0.47222,0.42099,0.12367,0.33309,1.6653,0.53248,0.72121,0.36597,1.6681,0.022519,1.0231,-0.028417,-1.0957,-0.47185,-0.87111,0.084336,0.5436,-0.042916,0.49856
-0.015566,-0.055646,-0.021572,-0.013542,-1.1389,0.50888,0.40239,0.14169,0.38854,1.6681,0.54356,0.81118,0.3412,1.6269,0.013673,1.1096,-0.031241,-1.2006,-0.43562,-0.88324,0.07344,0.47821,-0.04296,0.27847
-0.011524,-0.050023,-0.011186,-0.010277,-0.87708,0.50205,0.40264,0.20333,0.4468,1.6798,0.59574,0.96788,0.30724,1.634,0.0054661,1.1893,-0.033742,-1.3163,-0.32003,-0.93926,0.071343,0.37327,-0.039011,0.03803
-0.0088487,-0.044591,-0.00056613,-0.0098499,-0.6913,0.45604,0.41347,0.30965,0.50601,1.7081,0.66335,1.1796,0.27009,1.6439,-0.0053698,1.1994,-0.038122,-1.4444,-0.17986,-1.0764,0.075616,0.21251,-0.040917,-0.1687
-0.0097062,-0.042982,0.0043665,-0.011089,-0.64781,0.39711,0.42747,0.44452,0.56327,1.7155,0.712,1.3937,0.23545,1.5663,-0.019212,1.0744,-0.044126,-1.6024,-0.092266,-1.3224,0.081742,0.015755,-0.05057,-0.3177
-0.013818,-0.047148,0.0014265,-0.01233,-0.7315,0.34939,0.4419,0.57858,0.61495,1.6573,0.71831,1.5497,0.20378,1.3246,-0.032535,0.76747,-0.049946,-1.8058,-0.11504,-1.6832,0.087722,-0.1602,-0.060817,-0.40448
-0.018286,-0.055195,-0.0059026,-0.012775,-0.86436,0.31595,0.45618,0.68413,0.65937,1.5302,0.68213,1.6236,0.16822,0.90788,-0.040473,0.27641,-0.054796,-2.0461,-0.25746,-2.144,0.09456,-0.25845,-0.062194,-0.43008
-0.019703,-0.06241,-0.011321,-0.012957,-0.96345,0.28155,0.46773,0.75055,0.69963,1.3877,0.62444,1.651,0.11855,0.38477,-0.04048,-0.33664,-0.060571,-2.2794,-0.48182,-2.6771,0.10276,-0.26806,-0.051233,-0.39773
-0.017069,-0.064956,-0.010838,-0.014217,-0.99249,0.23352,0.47081,0.7876,0.743,1.3078,0.57396,1.7043,0.049322,-0.12771,-0.033838,-0.94809,-0.070812,-2.438,-0.72976,-3.2456,0.10878,-0.24016,-0.033176,-0.31877
-0.013055,-0.062881,-0.0056978,-0.017667,-0.96972,0.17976,0.45957,0.81331,0.79546,1.3374,0.5516,1.8402,-0.034073,-0.52086,-0.024113,-1.4097,-0.087601,-2.4577,-0.95125,-3.7975,0.10514,-0.25856,-0.017253,-0.21588
-0.012196,-0.05951,-0.00068007,-0.023277,-0.93227,0.14638,0.43224,0.8369,0.85427,1.4611,0.56139,2.0546,-0.11679,-0.74456,-0.014483,-1.61,-0.1089,-2.3083,-1.1172,-4.258,0.084511,-0.38655,-0.0091956,-0.11521
-0.017148,-0.057687,0.0005534,-0.0296,-0.89371,0.15712,0.39249,0.85235,0.90429,1.6164,0.59115,2.2838,-0.18337,-0.82475,-0.0065299,-1.5315,-0.12857,-2.0086,-1.2134,-4.5358,0.04442,-0.62996,-0.0075816,-0.033411
-0.025972,-0.056503,-0.0010811,-0.034283,-0.83314,0.21467,0.34678,0.84951,0.92221,1.7423,0.62039,2.4505,-0.22754,-0.84138,-0.0010253,-1.2667,-0.13931,-1.6175,-1.2304,-4.548,-0.010699,-0.93956,-0.0066115,0.027913
-0.032901,-0.051872,-0.00078279,-0.035196,-0.72306,0.30186,0.29972,0.83291,0.88749,1.8176,0.63055,2.5202,-0.25571,-0.88074,0.0009525,-0.97752,-0.1366,-1.2077,-1.1608,-4.2555,-0.070942,-1.2416,-0.0020294,0.074537
-0.032363,-0.040752,0.0059385,-0.031726,-0.56639,0.40044,0.25087,0.82975,0.7936,1.8587,0.61225,2.5216,-0.28164,-0.98713,-0.0015692,-0.81314,-0.12109,-0.83673,-1.0079,-3.6877,-0.12419,-1.4663,0.0055348,0.10762
-0.023225,-0.025216,0.019128,-0.025581,-0.40519,0.5078,0.19496,0.87612,0.65191,1.8853,0.56686,2.5153,-0.31698,-1.137,-0.0076891,-0.83043,-0.098203,-0.53295,-0.7937,-2.9394,-0.15936,-1.5558,0.012585,0.12155
-0.0098809,-0.012366,0.033737,-0.020467,-0.29039,0.6343,0.1248,0.98969,0.48554,1.8873,0.50204,2.538,-0.36527,-1.2471,-0.013642,-0.96542,-0.075313,-0.30467,-0.55679,-2.1423,-0.16935,-1.4633,0.017624,0.11552
0.00080136,-0.0095541,0.043037,-0.020369,-0.23872,0.78416,0.034534,1.1507,0.31743,1.8261,0.42448,2.5665,-0.42345,-1.2138,-0.014531,-1.0776,-0.058194,-0.15925,-0.33934,-1.4233,-0.15389,-1.1634,0.023637,0.10654
0.0043119,-0.018511,0.043463,-0.027068,-0.21606,0.94051,-0.078382,1.309,0.16084,1.6669,0.33423,2.5338,-0.48851,-0.96877,-0.0083091,-1.0446,-0.048578,-0.11327,-0.1721,-0.86881,-0.12173,-0.6801,0.035279,0.12664
0.0013526,-0.033178,0.037275,-0.038428,-0.16368,1.0712,-0.21218,1.4141,0.018472,1.4101,0.22469,2.38,-0.56207,-0.52544,0.00099347,-0.84771,-0.043897,-0.18056,-0.067411,-0.5066,-0.090012,-0.1061,0.053083,0.20036
-0.0033907,-0.043331,0.031099,-0.049002,-0.046439,1.1508,-0.35944,1.4461,-0.11097,1.0924,0.088396,2.0971,-0.64758,0.010636,0.0041236,-0.5901,-0.03913,-0.34589,-0.021972,-0.30735,-0.07872,0.41818,0.070298,0.31922
-0.0053075,-0.041537,0.031465,-0.053187,0.11666,1.1776,-0.5054,1.4243,-0.22542,0.75504,-0.074976,1.7325,-0.74094,0.48371,-0.0077639,-0.4284,-0.029596,-0.54844,-0.023325,-0.20208,-0.1014,0.768,0.076165,0.43654
-0.0033202,-0.028363,0.040498,-0.049044,0.26367,1.1675,-0.62834,1.3878,-0.31796,0.41034,-0.25395,1.3521,-0.82168,0.7694,-0.03586,-0.46168,-0.013149,-0.69661,-0.053366,-0.1093,-0.15658,0.90137,0.063801,0.4918
-4.9522e-005,-0.011949,0.054601,-0.039959,0.33208,1.1307,-0.70458,1.365,-0.38183,0.036493,-0.42741,0.99606,-0.8538,0.85037,-0.070162,-0.65517,0.0092474,-0.71249,-0.088537,0.035234,-0.22573,0.87818,0.036327,0.44853
0.0010751,-0.0022675,0.066818,-0.032499,0.29841,1.0565,-0.71779,1.3557,-0.41627,-0.39227,-0.57258,0.66541,-0.80004,0.82955,-0.093269,-0.85746,0.034442,-0.57881,-0.10189,0.25539,-0.28063,0.81249,0.0057551,0.31744
-0.0009878,-0.0042311,0.071105,-0.03172,0.18738,0.92246,-0.66805,1.3372,-0.4271,-0.8672,-0.67399,0.34494,-0.64431,0.8569,-0.090189,-0.90288,0.05852,-0.35349,-0.07104,0.52771,-0.29719,0.7919,-0.014983,0.14776
-0.0041276,-0.014603,0.065763,-0.037404,0.049625,0.7232,-0.57428,1.2858,-0.42114,-1.3316,-0.72834,0.040174,-0.40924,1.0093,-0.057974,-0.72583,0.077807,-0.13705,0.010799,0.79513,-0.26791,0.82491,-0.02057,-0.0045568
-0.0051292,-0.02472,0.05413,-0.044198,-0.070549,0.49298,-0.46735,1.1943,-0.40008,-1.7041,-0.74308,-0.20735,-0.15578,1.2114,-0.0083293,-0.4005,0.08938,-0.011794,0.12893,0.99551,-0.20537,0.85357,-0.015589,-0.10638
-0.0024335,-0.026758,0.042418,-0.045688,-0.15416,0.2969,-0.3771,1.0736,-0.36039,-1.9214,-0.73062,-0.34084,0.038662,1.2673,0.038908,-0.073132,0.091567,0.0057601,0.2523,1.0897,-0.13439,0.81489,-0.009122,-0.15448
0.0028762,-0.018837,0.036209,-0.039241,-0.20646,0.19346,-0.32063,0.94148,-0.29997,-1.969,-0.70225,-0.32884,0.11399,0.99561,0.06658,0.16329,0.084653,-0.034374,0.34718,1.0735,-0.077888,0.69763,-0.0067501,-0.16142
0.0084503,-0.0054592,0.037564,-0.027878,-0.24424,0.19587,-0.29786,0.81089,-0.22577,-1.8838,-0.66509,-0.19287,0.05453,0.36753,0.067072,0.35359,0.071158,-0.061392,0.39045,0.96858,-0.045354,0.55001,-0.006785,-0.13804
0.012751,0.0065123,0.044209,-0.017833,-0.28329,0.26333,-0.29525,0.68712,-0.15479,-1.7318,-0.62281,0.00059277,-0.10594,-0.46147,0.040523,0.6512,0.054959,-0.040438,0.37424,0.80395,-0.031013,0.43891,-0.0032216,-0.088861
0.015755,0.012877,0.051112,-0.013853,-0.33065,0.33184,-0.29398,0.57439,-0.10634,-1.582,-0.57841,0.17869,-0.30344,-1.2599,-0.012395,1.1869,0.039399,0.0038826,0.30225,0.60549,-0.021531,0.39965,0.008183,-0.020514
0.017881,0.014352,0.053571,-0.015922,-0.38024,0.3631,-0.27842,0.4836,-0.091255,-1.4857,-0.53673,0.30366,-0.47445,-1.8823,-0.094423,1.9306,0.025797,0.015719,0.18437,0.40154,-0.006904,0.41706,0.026435,0.049959
0.018733,0.014834,0.050046,-0.019704,-0.41194,0.37526,-0.24221,0.43433,-0.10607,-1.4675,-0.5047,0.3883,-0.57951,-2.3471,-0.20612,2.6566,0.013717,-0.034999,0.036134,0.23531,0.013351,0.4469,0.046847,0.098956
0.017331,0.017618,0.043011,-0.020042,-0.3981,0.4319,-0.191,0.44869,-0.13633,-1.5217,-0.48907,0.4763,-0.60805,-2.7577,-0.33366,3.0552,0.0028657,-0.114,-0.11858,0.16443,0.03217,0.45309,0.065041,0.11082
0.013696,0.022735,0.037159,-0.014706,-0.31857,0.59633,-0.14083,0.54103,-0.16578,-1.6165,-0.49277,0.60283,-0.56658,-3.1323,-0.44135,2.9244,-0.0052396,-0.13662,-0.24873,0.23793,0.042157,0.42905,0.079218,0.090185
0.0098532,0.027257,0.036077,-0.0057619,-0.17677,0.88414,-0.11105,0.70916,-0.18425,-1.706,-0.51207,0.76323,-0.4634,-3.2994,-0.47994,2.3092,-0.0077755,-0.026591,-0.32623,0.46285,0.041662,0.39168,0.089193,0.060484
0.0086716,0.027908,0.039692,0.0020598,-0.0033923,1.2482,-0.11346,0.93171,-0.18947,-1.7498,-0.53644,0.91103,-0.30297,-2.9729,-0.41159,1.4862,-0.0032076,0.22534,-0.34055,0.78769,0.035231,0.36112,0.094382,0.048938
0.011284,0.023689,0.04442,0.0045611,0.15903,1.6052,-0.14307,1.1726,-0.18343,-1.7273,-0.55164,0.98636,-0.093193,-1.9725,-0.23809,0.79992,0.0063687,0.54943,-0.30617,1.1216,0.029089,0.3469,0.093643,0.069604
0.015642,0.016519,0.045927,0.00063689,0.28151,1.8827,-0.17746,1.3906,-0.1678,-1.6391,-0.54502,0.95653,0.14304,-0.41803,-0.012088,0.46557,0.015707,0.84194,-0.25458,1.3802,0.026229,0.3483,0.087159,0.11704
0.017984,0.0096299,0.042394,-0.0072454,0.36424,2.0514,-0.18722,1.5495,-0.14248,-1.4929,-0.51071,0.84239,0.36526,1.2703,0.18172,0.4745,0.019878,1.0321,-0.21496,1.5275,0.025311,0.36112,0.077892,0.1738
0.016159,0.0051634,0.035713,-0.014643,0.42914,2.1221,-0.15234,1.6256,-0.10745,-1.2905,-0.45249,0.71182,0.52822,2.5861,0.26978,0.65636,0.01798,1.1198,-0.19839,1.583,0.023693,0.37922,0.070371,0.22419
0.011683,0.0029739,0.029718,-0.017629,0.49572,2.1177,-0.073783,1.6106,-0.065383,-1.0272,-0.38295,0.64172,0.6037,3.2158,0.23243,0.83122,0.013802,1.1577,-0.1983,1.5929,0.0212,0.38922,0.06748,0.26293
0.0084504,0.0015225,0.026979,-0.014687,0.56168,2.0468,0.028307,1.5106,-0.022139,-0.70604,-0.31945,0.67047,0.59583,3.1806,0.11723,0.92489,0.012736,1.1987,-0.20591,1.59,0.020967,0.36775,0.068288,0.29342
0.009197,-4.9646e-005,0.026816,-0.0070761,0.60538,1.9017,0.12854,1.3422,0.015275,-0.35346,-0.27808,0.77172,0.53755,2.7506,0.010105,0.96643,0.017648,1.254,-0.22566,1.5747,0.02683,0.29012,0.069185,0.31903
0.013039,-0.00069148,0.026061,0.002269,0.60716,1.678,0.21223,1.1266,0.041705,-0.018682,-0.26823,0.86823,0.46959,2.2222,-0.019148,0.99566,0.027346,1.2949,-0.27552,1.528,0.040123,0.14838,0.067422,0.33621
0.016357,0.0015991,0.021799,0.01042,0.56903,1.3929,0.28134,0.88262,0.055756,0.24493,-0.28972,0.87861,0.41686,1.7423,0.039456,0.98292,0.038737,1.2892,-0.37095,1.4382,0.059077,-0.034716,0.063759,0.33517
0.016077,0.0073292,0.013749,0.01568,0.51403,1.0823,0.34649,0.62279,0.059713,0.40435,-0.33371,0.76606,0.37916,1.2989,0.13445,0.84188,0.050107,1.2328,-0.50727,1.3148,0.08114,-0.20909,0.061676,0.30714
0.012204,0.013927,0.0044471,0.017818,0.46637,0.77951,0.41286,0.3532,0.057921,0.45964,-0.38648,0.55693,0.34123,0.84132,0.19426,0.52242,0.061976,1.1469,-0.65687,1.1765,0.10539,-0.3194,0.063801,0.25223
0.0073826,0.016915,-0.0027118,0.01756,0.4317,0.49637,0.47249,0.079753,0.054728,0.43826,-0.43396,0.31864,0.29156,0.39341,0.17995,0.092097,0.074579,1.0463,-0.78435,1.0275,0.13212,-0.3326,0.068909,0.18238
0.0042515,0.013315,-0.0058355,0.015959,0.39625,0.22491,0.51049,-0.18434,0.052986,0.37831,-0.46486,0.11647,0.23327,0.050971,0.10976,-0.27785,0.084855,0.91393,-0.86611,0.84891,0.15982,-0.2531,0.072415,0.11879
0.0032994,0.0044383,-0.0054383,0.014057,0.34531,-0.040998,0.51999,-0.41636,0.053665,0.31305,-0.47189,-0.0192,0.1791,-0.11759,0.038732,-0.42101,0.086731,0.71106,-0.89738,0.61567,0.18314,-0.11596,0.070112,0.086428
0.0031078,-0.0046469,-0.0034334,0.012743,0.28238,-0.28617,0.51247,-0.59121,0.056519,0.26324,-0.45227,-0.096213,0.13744,-0.15607,0.013631,-0.29314,0.075445,0.41642,-0.8831,0.32491,0.19492,0.035565,0.061884,0.10787
0.0023555,-0.0089339,-0.0013499,0.012451,0.22921,-0.47693,0.51305,-0.6945,0.06116,0.23529,-0.40843,-0.14157,0.10404,-0.19907,0.04099,-0.00272,0.052356,0.057712,-0.82501,0.0080544,0.19154,0.17146,0.052004,0.19619
0.0013657,-0.0074874,0.00061791,0.012716,0.20508,-0.58627,0.54259,-0.73295,0.067587,0.22197,-0.3486,-0.18175,0.067111,-0.35984,0.092039,0.2687,0.025519,-0.29692,-0.72073,-0.28695,0.17721,0.28086,0.04567,0.34657
0.0017132,-0.004086,0.0030731,0.0121,0.20362,-0.62017,0.60025,-0.73369,0.075599,0.20656,-0.2854,-0.23728,0.02031,-0.62956,0.13478,0.39141,0.0047432,-0.5837,-0.57713,-0.52947,0.1627,0.36185,0.044856,0.53018
0.0044564,-0.0037368,0.0061667,0.0090198,0.1893,-0.62117,0.66099,-0.73223,0.083608,0.17259,-0.23172,-0.32735,-0.029751,-0.87903,0.16161,0.36179,-0.0051365,-0.78734,-0.42313,-0.72634,0.1589,0.408,0.047201,0.69697
0.0088129,-0.0080115,0.0090085,0.0032479,0.11933,-0.64405,0.69122,-0.75615,0.088186,0.11643,-0.19576,-0.46952,-0.068978,-0.96015,0.18864,0.27863,-0.0071436,-0.94731,-0.30475,-0.91007,0.16991,0.40616,0.048907,0.7916
0.012514,-0.013383,0.010346,-0.0030655,-0.025666,-0.72156,0.67126,-0.81396,0.085344,0.053656,-0.17839,-0.66767,-0.088988,-0.81865,0.23146,0.25363,-0.0087428,-1.1215,-0.25993,-1.1055,0.19132,0.34799,0.048793,0.77764
0.013458,-0.014217,0.0097803,-0.0061134,-0.22643,-0.84573,0.60754,-0.89415,0.073038,0.011766,-0.17468,-0.89815,-0.095169,-0.52771,0.28326,0.33145,-0.01518,-1.3376,-0.29102,-1.3043,0.21469,0.24291,0.049523,0.65589
0.011206,-0.0079359,0.0082092,-0.0029561,-0.43725,-0.9775,0.52546,-0.97296,0.053044,0.012936,-0.17804,-1.111,-0.10179,-0.22639,0.317,0.47268,-0.025385,-1.5688,-0.35821,-1.4689,0.23414,0.11743,0.054651,0.4636
0.0071628,0.0022089,0.0069972,0.0057753,-0.61498,-1.0748,0.44942,-1.0257,0.030457,0.060194,-0.18297,-1.2523,-0.11886,-0.025571,0.30854,0.5956,-0.033762,-1.7498,-0.40214,-1.5619,0.24935,-0.0011845,0.064227,0.25343
0.0034361,0.009313,0.0067208,0.015294,-0.74242,-1.1169,0.38676,-1.0365,0.010878,0.13832,-0.18452,-1.2943,-0.14317,0.041862,0.25826,0.63176,-0.035797,-1.8166,-0.3809,-1.5729,0.26294,-0.1017,0.073423,0.0669
0.0013716,0.0082382,0.0068335,0.019234,-0.83004,-1.1089,0.32807,-1.0023,-0.0028161,0.22745,-0.17623,-1.2521,-0.16212,0.0028461,0.19099,0.55593,-0.032168,-1.7404,-0.29479,-1.5217,0.27514,-0.18829,0.076037,-0.078493
0.00084447,-0.00029158,0.0066217,0.013957,-0.89907,-1.0668,0.26209,-0.93075,-0.011867,0.31555,-0.15069,-1.1733,-0.16626,-0.10351,0.13559,0.38419,-0.027774,-1.5382,-0.18155,-1.4378,0.28109,-0.26149,0.070132,-0.18022
0.00071022,-0.010341,0.0063889,0.0014416,-0.96201,-0.99992,0.19033,-0.8316,-0.020446,0.39805,-0.10421,-1.1115,-0.15896,-0.24973,0.10374,0.15943,-0.027058,-1.2591,-0.087398,-1.3379,0.27315,-0.30121,0.060587,-0.23107
-7.7621e-005,-0.015522,0.0074577,-0.011688,-1.0146,-0.90396,0.12717,-0.70851,-0.033059,0.46721,-0.042391,-1.1022,-0.15429,-0.40544,0.086411,-0.05967,-0.030275,-0.96047,-0.036645,-1.2238,0.24638,-0.27442,0.055717,-0.20977
-0.0016255,-0.013825,0.010797,-0.018599,-1.0407,-0.76867,0.084658,-0.55654,-0.05242,0.50522,0.019326,-1.1564,-0.1657,-0.51666,0.067925,-0.20885,-0.034111,-0.68903,-0.021319,-1.0999,0.20214,-0.16745,0.060356,-0.093453
-0.0031849,-0.0086279,0.015644,-0.01693,-1.0208,-0.59162,0.056306,-0.36954,-0.078753,0.49193,0.062609,-1.269,-0.19584,-0.51823,0.042034,-0.23866,-0.035652,-0.47278,-0.015402,-0.99235,0.14691,-0.014464,0.071304,0.118
-0.0040096,-0.0053495,0.019726,-0.010103,-0.9373,-0.38585,0.016472,-0.15255,-0.11013,0.42195,0.076718,-1.4285,-0.2356,-0.38083,0.014699,-0.1428,-0.035592,-0.32385,0.00044362,-0.94484,0.087069,0.11008,0.079372,0.38849
-0.0041454,-0.0068103,0.02116,-0.004234,-0.77786,-0.17669,-0.060846,0.071376,-0.14301,0.31404,0.064572,-1.6169,-0.27085,-0.15128,-0.0062839,0.026468,-0.037573,-0.24489,0.023649,-0.99063,0.024209,0.13773,0.076612,0.65841
-0.0043572,-0.011107,0.020384,-0.0031482,-0.54038,0.0086161,-0.17759,0.2684,-0.17267,0.20045,0.039278,-1.8017,-0.28888,0.058412,-0.021499,0.17754,-0.044464,-0.23281,0.034252,-1.1221,-0.0454,0.056326,0.06265,0.87552
-0.0052172,-0.013467,0.020187,-0.0056217,-0.24024,0.15158,-0.30227,0.41265,-0.19412,0.10266,0.013616,-1.9337,-0.27975,0.13662,-0.038299,0.23004,-0.055272,-0.27738,0.013038,-1.2858,-0.12625,-0.079789,0.04471,1.02
-0.0062619,-0.010264,0.023611,-0.0070628,0.088706,0.24882,-0.38587,0.50329,-0.20375,0.014296,-0.0093141,-1.959,-0.23551,0.046102,-0.05952,0.16473,-0.065554,-0.35871,-0.042446,-1.4112,-0.21699,-0.19122,0.031389,1.104
-0.0061863,-0.0019097,0.03139,-0.0040539,0.40446,0.31313,-0.393,0.56566,-0.20108,-0.091978,-0.037143,-1.8428,-0.15378,-0.15109,-0.07574,0.034835,-0.070802,-0.44949,-0.11614,-1.4546,-0.30633,-0.23246,0.02579,1.1495
-0.0040879,0.0074481,0.041083,0.0023011,0.67355,0.36928,-0.32579,0.63358,-0.18931,-0.23675,-0.080642,-1.5903,-0.04565,-0.338,-0.071105,-0.072353,-0.069553,-0.52343,-0.1853,-1.423,-0.37455,-0.21709,0.024121,1.1656
-0.00061852,0.012936,0.048578,0.0071771,0.88047,0.44432,-0.22271,0.72487,-0.17388,-0.40723,-0.14369,-1.2509,0.06087,-0.4215,-0.038623,-0.09655,-0.063577,-0.56442,-0.23465,-1.3595,-0.40095,-0.18774,0.020902,1.1457
0.0022502,0.012346,0.050743,0.0062029,1.0222,0.55389,-0.13341,0.82811,-0.15992,-0.55385,-0.21809,-0.90072,0.13138,-0.38527,0.0097691,-0.043367,-0.055387,-0.56914,-0.26115,-1.3035,-0.37386,-0.16025,0.015832,1.083
0.0029297,0.0075839,0.047276,-0.00074931,1.0948,0.69073,-0.088419,0.91009,-0.15024,-0.61482,-0.28619,-0.61257,0.14717,-0.28137,0.049191,0.02553,-0.045759,-0.5423,-0.26766,-1.26,-0.29797,-0.095792,0.01571,0.98909
0.0019165,0.0033915,0.040694,-0.009463,1.0895,0.82373,-0.084985,0.93797,-0.14551,-0.55203,-0.32857,-0.42709,0.12295,-0.17586,0.059963,0.039451,-0.033716,-0.49165,-0.25393,-1.2053,-0.19451,0.069935,0.029123,0.89412
0.0017006,0.0043143,0.034784,-0.014845,1.0042,0.91165,-0.0971,0.89971,-0.14611,-0.3741,-0.33206,-0.34015,0.10279,-0.097807,0.042467,-0.034683,-0.018857,-0.42968,-0.21501,-1.1227,-0.093213,0.3633,0.058161,0.8317
0.0045798,0.011876,0.032601,-0.014716,0.86173,0.92568,-0.099592,0.80987,-0.15373,-0.13233,-0.29406,-0.31056,0.13224,-0.030918,0.015996,-0.17777,-0.0036019,-0.37917,-0.14911,-1.0322,-0.019921,0.7302,0.094343,0.82058
0.010171,0.023624,0.034933,-0.010711,0.7116,0.8679,-0.08711,0.7003,-0.17107,0.10599,-0.22233,-0.28258,0.22512,0.054597,0.0030443,-0.33881,0.0071699,-0.37182,-0.066866,-0.98432,0.013145,1.0529,0.12265,0.85881
0.015048,0.034471,0.03981,-0.0059935,0.60647,0.77392,-0.074655,0.60588,-0.19928,0.28932,-0.13089,-0.21054,0.35062,0.16602,0.012778,-0.46774,0.0092656,-0.43302,0.0086447,-1.017,0.0088554,1.2141,0.13074,0.93035
0.015249,0.03941,0.043351,-0.0023509,0.56878,0.6981,-0.081123,0.55523,-0.23529,0.40089,-0.034034,-0.074115,0.4524,0.28212,0.036924,-0.53678,0.0026724,-0.56077,0.053623,-1.1121,-0.021743,1.1596,0.11592,1.0125
0.0097075,0.035991,0.041862,0.00067709,0.57481,0.68981,-0.10978,0.56736,-0.27124,0.45705,0.059067,0.11944,0.48611,0.37821,0.05944,-0.54297,-0.0077399,-0.71743,0.058482,-1.1931,-0.068763,0.91319,0.084657,1.0758
0.0015767,0.025287,0.034246,0.0043604,0.57239,0.77269,-0.14098,0.64877,-0.29718,0.49028,0.14651,0.34221,0.4471,0.45246,0.069745,-0.50128,-0.01539,-0.84654,0.033582,-1.1709,-0.12776,0.54469,0.045451,1.0804
-0.0039366,0.011124,0.02306,0.0089565,0.52006,0.93556,-0.14283,0.78785,-0.30561,0.52941,0.2315,0.55579,0.36805,0.52362,0.068141,-0.4384,-0.016862,-0.9063,0.00059809,-1.006,-0.19607,0.12545,0.0020064,0.98358
-0.0035548,-0.0018181,0.013028,0.013355,0.41624,1.1374,-0.092474,0.95177,-0.29523,0.58883,0.31771,0.7224,0.29016,0.60058,0.060955,-0.38778,-0.014566,-0.89523,-0.023544,-0.73887,-0.2655,-0.28965,-0.047269,0.76215
0.001606,-0.010031,0.0076864,0.016163,0.29524,1.3238,0.0067911,1.0948,-0.27156,0.67044,0.40542,0.81752,0.23227,0.65456,0.052391,-0.3797,-0.014734,-0.85006,-0.037353,-0.46412,-0.3193,-0.64901,-0.10318,0.4376
0.0070976,-0.012549,0.0066751,0.016761,0.19486,1.4499,0.12442,1.1793,-0.24431,0.77257,0.49107,0.84173,0.18172,0.62555,0.041481,-0.42544,-0.022084,-0.81769,-0.052533,-0.27091,-0.33784,-0.88776,-0.15917,0.081932
0.0086913,-0.011171,0.006091,0.015284,0.12429,1.4998,0.21819,1.1976,-0.22297,0.89606,0.56956,0.8241,0.1121,0.46411,0.025778,-0.50529,-0.035473,-0.82347,-0.082522,-0.19311,-0.30969,-0.93758,-0.20115,-0.20777
0.0053744,-0.0093887,0.0018576,0.011919,0.058866,1.4925,0.25636,1.1771,-0.21293,1.0413,0.6364,0.80928,0.010685,0.17508,0.0062682,-0.57263,-0.048344,-0.85899,-0.13226,-0.20326,-0.2394,-0.76374,-0.21507,-0.35401
-0.00049989,-0.010446,-0.0066614,0.0066394,-0.035928,1.4696,0.23257,1.1618,-0.21402,1.1993,0.68783,0.83051,-0.10792,-0.17599,-0.012593,-0.57676,-0.05378,-0.89516,-0.19646,-0.24641,-0.14571,-0.39992,-0.1967,-0.33447
-0.0055871,-0.015484,-0.016007,-0.0002377,-0.17435,1.4712,0.16565,1.1827,-0.22169,1.3469,0.71973,0.88426,-0.21254,-0.50276,-0.027886,-0.49253,-0.049935,-0.90667,-0.26483,-0.28192,-0.051498,0.051399,-0.15573,-0.18578
-0.0081109,-0.022882,-0.021585,-0.0074074,-0.34102,1.5151,0.086671,1.2408,-0.2299,1.4521,0.72743,0.92591,-0.28024,-0.75347,-0.042549,-0.33852,-0.04118,-0.8887,-0.32754,-0.30233,0.026998,0.45861,-0.11066,0.02361
-0.008521,-0.029273,-0.021624,-0.012761,-0.50917,1.593,0.022932,1.3148,-0.23414,1.49,0.70787,0.89315,-0.31347,-0.93636,-0.063453,-0.17315,-0.034022,-0.85671,-0.37642,-0.32259,0.084403,0.71527,-0.078314,0.2294
-0.0081658,-0.031554,-0.018577,-0.014417,-0.66817,1.6831,-0.011529,1.3858,-0.23293,1.4556,0.66227,0.74331,-0.33495,-1.0937,-0.093793,-0.071172,-0.031481,-0.83358,-0.40373,-0.35657,0.12312,0.77537,-0.065413,0.39226
-0.007641,-0.0286,-0.016759,-0.011737,-0.83352,1.7673,-0.015572,1.4554,-0.22701,1.3661,0.59672,0.47895,-0.3647,-1.2462,-0.12648,-0.092582,-0.030867,-0.83447,-0.40258,-0.40224,0.14787,0.65479,-0.067494,0.49698
-0.0064472,-0.021644,-0.018464,-0.0055625,-1.0281,1.8355,0.0057105,1.5382,-0.21709,1.2516,0.51983,0.14435,-0.39859,-1.3544,-0.14531,-0.25653,-0.026757,-0.85712,-0.37019,-0.44358,0.1629,0.40945,-0.074472,0.54249
-0.0040487,-0.013363,-0.022149,0.0022933,-1.2489,1.8765,0.047576,1.6378,-0.20195,1.1416,0.43923,-0.20283,-0.40714,-1.3326,-0.13466,-0.52855,-0.016276,-0.88063,-0.31032,-0.46259,0.17242,0.11108,-0.077647,0.53777
-0.0010094,-0.0064898,-0.024242,0.0096958,-1.4487,1.8677,0.10783,1.7281,-0.17875,1.0586,0.35949,-0.52232,-0.35675,-1.1064,-0.09094,-0.82616,-0.0019693,-0.87379,-0.23168,-0.45016,0.18087,-0.1685,-0.073361,0.50583
0.0010946,-0.0028513,-0.02277,0.014608,-1.5511,1.7803,0.18471,1.7624,-0.14559,1.0181,0.2825,-0.80293,-0.23799,-0.67536,-0.027355,-1.0452,0.010089,-0.81097,-0.14352,-0.41022,0.19059,-0.36859,-0.062259,0.4833
0.00094747,-0.0031094,-0.019371,0.015467,-1.494,1.6022,0.27343,1.7071,-0.10471,1.0291,0.20909,-1.0504,-0.079077,-0.13227,0.032061,-1.1024,0.015025,-0.68874,-0.052705,-0.35767,0.19885,-0.45239,-0.046597,0.50512
-0.0013242,-0.006957,-0.017923,0.011763,-1.2734,1.3608,0.36475,1.5724,-0.063187,1.0897,0.14009,-1.2648,0.066235,0.37473,0.065215,-0.97779,0.012642,-0.53192,0.03525,-0.3124,0.19847,-0.41807,-0.028439,0.58035
-0.0042657,-0.013428,-0.021164,0.0045645,-0.9565,1.122,0.44668,1.413,-0.029855,1.1805,0.076658,-1.427,0.14858,0.7142,0.063254,-0.73291,0.0070755,-0.38167,0.11424,-0.2906,0.18335,-0.29647,-0.0096146,0.67945
-0.0064349,-0.021259,-0.028424,-0.0037229,-0.65423,0.95966,0.50838,1.2947,-0.010084,1.2645,0.02061,-1.503,0.15054,0.83134,0.033766,-0.48879,0.0034732,-0.27047,0.17913,-0.29571,0.15499,-0.13081,0.0076872,0.74871
-0.0077059,-0.029397,-0.03634,-0.010648,-0.468,0.9109,0.54392,1.2501,-0.0022162,1.2984,-0.025025,-1.4631,0.09415,0.76062,-0.004902,-0.3694,0.004766,-0.2017,0.23104,-0.3144,0.12391,0.050114,0.020903,0.74573
-0.0093021,-0.03748,-0.041591,-0.015273,-0.44391,0.94934,0.5538,1.2569,0.0010224,1.2504,-0.0563,-1.3028,0.025564,0.58912,-0.033562,-0.44243,0.01084,-0.15008,0.2804,-0.32232,0.10334,0.24439,0.027733,0.6697
-0.012519,-0.045793,-0.04302,-0.018591,-0.56064,0.99767,0.54341,1.2547,0.0067022,1.1113,-0.070664,-1.055,-0.010886,0.40006,-0.040371,-0.69313,0.019967,-0.083485,0.34189,-0.29786,0.09966,0.46471,0.026673,0.56215
-0.017286,-0.054285,-0.04144,-0.022093,-0.75567,0.97335,0.51954,1.1885,0.015847,0.89234,-0.070354,-0.78626,0.0079526,0.23501,-0.023797,-1.0461,0.030569,0.011518,0.42259,-0.23474,0.10721,0.71168,0.017076,0.47634
-0.021843,-0.061111,-0.037844,-0.025473,-0.96921,0.83752,0.4871,1.0449,0.022526,0.61322,-0.063869,-0.57719,0.080632,0.093993,0.0093614,-1.4166,0.041678,0.12128,0.51252,-0.14366,0.11162,0.95614,-0.00072504,0.43796
-0.023841,-0.062147,-0.032154,-0.025701,-1.1751,0.6149,0.4481,0.85872,0.019039,0.29319,-0.063105,-0.48999,0.1904,-0.0374,0.048393,-1.7552,0.052163,0.21954,0.58724,-0.042126,0.098922,1.1463,-0.024739,0.42585
-0.022025,-0.052849,-0.023847,-0.018917,-1.3787,0.37339,0.403,0.68542,0.0031075,-0.048201,-0.07716,-0.53714,0.31647,-0.16255,0.08294,-2.0571,0.060051,0.29049,0.62223,0.058077,0.063051,1.2339,-0.050583,0.38428
-0.01726,-0.032083,-0.013676,-0.0042482,-1.5857,0.17973,0.35288,0.56399,-0.019042,-0.38411,-0.1072,-0.66867,0.43918,-0.27188,0.10572,-2.3372,0.062979,0.33988,0.60905,0.15493,0.0062897,1.1989,-0.072013,0.25529
-0.012161,-0.0052161,-0.0044497,0.013608,-1.7698,0.062669,0.30007,0.49547,-0.036617,-0.67785,-0.14653,-0.79134,0.5394,-0.36147,0.11346,-2.5968,0.059554,0.38684,0.56061,0.2498,-0.065969,1.0557,-0.083352,0.0087381
-0.0095592,0.016874,0.00033632,0.025832,-1.8672,0.006429,0.24657,0.44993,-0.042244,-0.89104,-0.18605,-0.81444,0.59859,-0.44979,0.10643,-2.8079,0.050397,0.44687,0.50199,0.33971,-0.14999,0.84174,-0.082555,-0.34471
-0.010763,0.023695,-0.00087954,0.024822,-1.808,-0.026317,0.192,0.39267,-0.03764,-0.99962,-0.22065,-0.69756,0.60417,-0.57135,0.087109,-2.9253,0.037966,0.52277,0.45473,0.41805,-0.24293,0.60158,-0.072533,-0.75745
-0.014702,0.012485,-0.0061186,0.0097701,-1.5669,-0.063649,0.13351,0.30788,-0.032706,-1.0092,-0.25164,-0.47031,0.55762,-0.74851,0.058756,-2.9109,0.025339,0.60901,0.42662,0.48372,-0.33735,0.3785,-0.059319,-1.1578
-0.018504,-0.0087827,-0.010886,-0.011967,-1.195,-0.10999,0.068613,0.20351,-0.039267,-0.96265,-0.2836,-0.21176,0.47769,-0.9646,0.024313,-2.7498,0.01494,0.70036,0.41294,0.54797,-0.4173,0.21216,-0.048263,-1.4665
-0.019207,-0.02601,-0.011267,-0.029279,-0.80578,-0.15609,-0.00087339,0.096742,-0.064662,-0.9372,-0.31914,-0.0043236,0.39381,-1.1649,-0.014258,-2.4477,0.0079778,0.79288,0.40491,0.62927,-0.46157,0.13349,-0.041187,-1.6186
-0.015564,-0.028549,-0.0067479,-0.034523,-0.51742,-0.2004,-0.067361,-0.0057874,-0.10938,-1.027,-0.35647,0.10672,0.33211,-1.2914,-0.056456,-2.0184,0.0045582,0.87657,0.39674,0.73851,-0.45405,0.15291,-0.036624,-1.5874
-0.0088267,-0.016548,-0.00052799,-0.028241,-0.38855,-0.25983,-0.1204,-0.11665,-0.1687,-1.3101,-0.39178,0.12441,0.30342,-1.3272,-0.10348,-1.4808,0.0039548,0.931,0.38643,0.86811,-0.39419,0.24977,-0.032509,-1.4012
-0.0020257,-0.00016368,0.0029242,-0.017924,-0.39025,-0.35872,-0.15256,-0.25852,-0.23514,-1.8043,-0.42394,0.082313,0.30078,-1.3145,-0.15747,-0.87091,0.0047743,0.93365,0.37274,0.99633,-0.29955,0.37629,-0.028592,-1.1374
0.0017964,0.0087804,0.0011603,-0.012039,-0.43448,-0.50497,-0.16422,-0.44473,-0.29926,-2.4337,-0.45664,0.01746,0.30724,-1.3242,-0.21872,-0.25634,0.0052473,0.8767,0.35384,1.1041,-0.19735,0.4792,-0.026397,-0.8889
0.0013228,0.0058956,-0.0046245,-0.014061,-0.43834,-0.67519,-0.16386,-0.66425,-0.34945,-3.0333,-0.49505,-0.045603,0.30716,-1.392,-0.28142,0.27077,0.0038833,0.77671,0.32922,1.189,-0.11032,0.52654,-0.027111,-0.71778
-0.0023193,-0.0032072,-0.01076,-0.020884,-0.37756,-0.82479,-0.16341,-0.88274,-0.37353,-3.4075,-0.53869,-0.093595,0.29333,-1.4671,-0.33085,0.63386,0.0001778,0.66611,0.3015,1.263,-0.046769,0.51978,-0.029833,-0.62623
-0.0062362,-0.0084742,-0.013991,-0.026213,-0.29238,-0.91805,-0.17168,-1.0599,-0.36287,-3.42,-0.57558,-0.11515,0.26647,-1.4196,-0.34605,0.82462,-0.0053098,0.5722,0.27422,1.3368,-0.0015385,0.4821,-0.032131,-0.56517
-0.0074573,-0.0038706,-0.013786,-0.025651,-0.24616,-0.95552,-0.18979,-1.1723,-0.31681,-3.0642,-0.583,-0.095235,0.22997,-1.1154,-0.30995,0.92646,-0.011739,0.50195,0.24679,1.4054,0.0337,0.43307,-0.032407,-0.47587
-0.0047135,0.0084463,-0.012354,-0.019379,-0.27299,-0.97617,-0.21101,-1.2265,-0.24384,-2.4644,-0.53643,-0.017391,0.18465,-0.51503,-0.22239,1.0769,-0.018926,0.44603,0.21293,1.4502,0.05994,0.37137,-0.031637,-0.33437
0.00075137,0.021154,-0.012553,-0.010848,-0.3555,-1.0306,-0.22455,-1.2549,-0.15802,-1.8011,-0.42245,0.13045,0.12746,0.27107,-0.1071,1.3783,-0.02738,0.39727,0.16681,1.4553,0.069104,0.27995,-0.032567,-0.16624
0.0059573,0.028528,-0.015489,-0.0033204,-0.44594,-1.1445,-0.22071,-1.2961,-0.0731,-1.2097,-0.24794,0.35177,0.054427,1.022,-0.0044018,1.8128,-0.037169,0.36518,0.11352,1.4245,0.052372,0.14826,-0.036923,-0.022914
0.0082309,0.030708,-0.019735,0.0024727,-0.50768,-1.3007,-0.19478,-1.3726,0.00185,-0.72104,-0.039003,0.6394,-0.033597,1.5268,0.049479,2.2255,-0.046712,0.37188,0.073522,1.3808,0.010957,-0.0087009,-0.04323,0.059075
0.0071774,0.032142,-0.022701,0.0078215,-0.5403,-1.4523,-0.14812,-1.4811,0.063137,-0.28189,0.17061,0.9733,-0.12518,1.7156,0.044675,2.4047,-0.052956,0.43255,0.074205,1.3494,-0.04067,-0.15166,-0.047495,0.082523
0.0050215,0.036339,-0.022926,0.013699,-0.5699,-1.5577,-0.087077,-1.5988,0.11052,0.16861,0.3543,1.3189,-0.19624,1.7116,0.0052255,2.2176,-0.053207,0.53833,0.13174,1.3379,-0.08262,-0.23862,-0.046454,0.080506
0.0048059,0.042103,-0.021319,0.019123,-0.61848,-1.6099,-0.021132,-1.7013,0.14508,0.63079,0.50106,1.631,-0.21551,1.7617,-0.025813,1.7135,-0.047174,0.6577,0.23702,1.3312,-0.10234,-0.25055,-0.040662,0.085158
0.0077136,0.044581,-0.020335,0.02182,-0.68231,-1.6386,0.038704,-1.7782,0.16844,1.0375,0.61257,1.8677,-0.15857,2.0791,-0.015163,1.117,-0.037256,0.75555,0.35797,1.3061,-0.10185,-0.20261,-0.034692,0.10176
0.011779,0.039869,-0.02181,0.020489,-0.7373,-1.6846,0.081552,-1.8363,0.18275,1.3076,0.69347,2.0098,-0.025256,2.697,0.038272,0.70304,-0.026602,0.81407,0.45842,1.2529,-0.094014,-0.13506,-0.034055,0.10666
0.013334,0.02888,-0.025322,0.016458,-0.76231,-1.7693,0.099146,-1.8889,0.19054,1.4118,0.7439,2.0727,0.15027,3.4287,0.10418,0.62931,-0.016651,0.8387,0.52023,1.1861,-0.091421,-0.091769,-0.041246,0.065045
0.010189,0.017084,-0.028457,0.013125,-0.75573,-1.8808,0.089039,-1.9421,0.1943,1.3949,0.76077,2.0982,0.30733,3.9646,0.14411,0.83718,-0.0065389,0.84603,0.55209,1.136,-0.097481,-0.1006,-0.053994,-0.049424
0.0038049,0.010506,-0.028808,0.013603,-0.72979,-1.986,0.056784,-1.9875,0.19642,1.3413,0.74498,2.1275,0.38505,4.0482,0.13894,1.0916,0.0048714,0.84615,0.5787,1.1286,-0.10587,-0.1641,-0.066951,-0.24498
-0.0016658,0.011487,-0.026038,0.018549,-0.69093,-2.0556,0.0149,-2.0067,0.19963,1.3143,0.70633,2.1696,0.35401,3.6195,0.099488,1.1356,0.016165,0.83523,0.61909,1.1679,-0.10699,-0.26122,-0.075299,-0.50917
-0.0028457,0.017586,-0.022306,0.025896,-0.62841,-2.0806,-0.02178,-1.9838,0.20703,1.3182,0.66017,2.1917,0.23297,2.8371,0.053554,0.85402,0.022629,0.80406,0.67017,1.235,-0.094735,-0.35651,-0.077508,-0.80487
-9.4534e-005,0.02413,-0.020629,0.032482,-0.52463,-2.0699,-0.042001,-1.916,0.22095,1.3079,0.61814,2.139,0.077883,1.9737,0.022478,0.33496,0.018854,0.75409,0.70675,1.3001,-0.068449,-0.41334,-0.075521,-1.0672
0.0028072,0.02789,-0.022429,0.03603,-0.37792,-2.0344,-0.041665,-1.8158,0.24104,1.2334,0.5811,1.9752,-0.051573,1.2581,0.0072668,-0.20757,0.0029727,0.7057,0.69652,1.3387,-0.030752,-0.4083,-0.072825,-1.215
0.002092,0.028786,-0.026263,0.035978,-0.21469,-1.975,-0.023452,-1.7047,0.26341,1.0814,0.53989,1.7142,-0.12606,0.769,-0.0058232,-0.58557,-0.02089,0.69004,0.61865,1.3387,0.014519,-0.34159,-0.072218,-1.1843
-0.0025578,0.02857,-0.028882,0.032921,-0.077101,-1.8854,0.0059476,-1.6029,0.28225,0.88296,0.48256,1.4193,-0.15883,0.43716,-0.028343,-0.74972,-0.044182,0.72862,0.47427,1.2968,0.061794,-0.23721,-0.074713,-0.96945
-0.0078,0.028157,-0.02795,0.02763,0.0047083,-1.7663,0.037951,-1.5223,0.29299,0.68753,0.40126,1.1675,-0.18941,0.13464,-0.058222,-0.78766,-0.058571,0.81512,0.28409,1.2104,0.10269,-0.13123,-0.07971,-0.63941
-0.0098843,0.026226,-0.024246,0.020646,0.031253,-1.6343,0.062446,-1.4643,0.29476,0.52471,0.29428,1.0036,-0.25215,-0.22522,-0.083345,-0.8263,-0.060212,0.91285,0.07746,1.0718,0.12804,-0.054296,-0.08569,-0.30723
-0.0082677,0.020287,-0.021401,0.012532,0.026721,-1.5166,0.068443,-1.4223,0.28998,0.3841,0.16407,0.91641,-0.35238,-0.64689,-0.094459,-0.92782,-0.05048,0.9709,-0.11938,0.86693,0.13357,-0.019476,-0.090815,-0.066563
-0.0060856,0.0090939,-0.023083,0.0041596,0.013577,-1.4317,0.047786,-1.3843,0.28168,0.22639,0.015242,0.85336,-0.4651,-1.0824,-0.093699,-1.0621,-0.033006,0.94891,-0.28946,0.58001,0.12464,-0.022635,-0.093451,0.061102
-0.0069908,-0.005858,-0.029823,-0.0034444,-0.0069361,-1.3738,0.0015044,-1.3347,0.2707,0.016461,-0.1455,0.76027,-0.5538,-1.4863,-0.090953,-1.1643,-0.0099177,0.83489,-0.42489,0.20014,0.11496,-0.052177,-0.092816,0.12872
-0.01143,-0.021037,-0.038209,-0.0095339,-0.050169,-1.3132,-0.05581,-1.2561,0.25526,-0.24495,-0.30918,0.61665,-0.59397,-1.8419,-0.093067,-1.212,0.019218,0.64617,-0.52362,-0.26808,0.11815,-0.097957,-0.089538,0.21376
-0.01601,-0.033061,-0.043304,-0.013872,-0.12466,-1.2152,-0.099056,-1.1342,0.23314,-0.51185,-0.46644,0.44164,-0.58553,-2.1412,-0.097403,-1.2483,0.054864,0.41568,-0.58747,-0.79231,0.13808,-0.15188,-0.085562,0.35526
-0.016598,-0.040467,-0.042359,-0.016591,-0.2139,-1.0633,-0.10402,-0.96642,0.20445,-0.71115,-0.61038,0.27093,-0.5486,-2.3527,-0.095743,-1.3316,0.09386,0.1746,-0.62307,-1.3061,0.16566,-0.20239,-0.083131,0.52591
-0.012161,-0.04372,-0.036621,-0.017965,-0.28288,-0.86937,-0.061331,-0.76916,0.17259,-0.77624,-0.73703,0.12723,-0.508,-2.4205,-0.083563,-1.4652,0.1283,-0.058243,-0.64317,-1.7198,0.1852,-0.23217,-0.083294,0.65715
-0.0056608,-0.043813,-0.029685,-0.018373,-0.30528,-0.66616,0.016198,-0.57746,0.14263,-0.67705,-0.84209,0.0077459,-0.47743,-2.3031,-0.064738,-1.5743,0.14858,-0.27842,-0.66453,-1.9531,0.18583,-0.2252,-0.085025,0.69264
-0.0012434,-0.04098,-0.024018,-0.018336,-0.28691,-0.48761,0.098557,-0.43213,0.11833,-0.43258,-0.9175,-0.10532,-0.45217,-2.0168,-0.047291,-1.5535,0.14867,-0.4942,-0.70068,-1.9779,0.16914,-0.17944,-0.085706,0.62629
-0.00051956,-0.034792,-0.01897,-0.018317,-0.26289,-0.3528,0.15363,-0.35899,0.10022,-0.10357,-0.95294,-0.22513,-0.41364,-1.6363,-0.035376,-1.3427,0.13009,-0.72531,-0.75332,-1.8442,0.14698,-0.1135,-0.082811,0.49825
-0.0014581,-0.025486,-0.012146,-0.018328,-0.26949,-0.26199,0.1631,-0.35211,0.086087,0.22744,-0.94329,-0.34993,-0.34304,-1.2484,-0.026216,-0.96913,0.10187,-0.99957,-0.8087,-1.6661,0.13137,-0.058982,-0.07564,0.3583
-0.00074999,-0.015162,-0.0027349,-0.017873,-0.31401,-0.20269,0.12938,-0.37362,0.073397,0.47994,-0.89602,-0.46815,-0.23653,-0.89908,-0.014852,-0.52628,0.076682,-1.3414,-0.84325,-1.5664,0.12463,-0.041784,-0.06574,0.23
0.0028218,-0.0075019,0.0066191,-0.016588,-0.36824,-0.15762,0.070051,-0.37318,0.061781,0.5967,-0.83091,-0.56931,-0.11283,-0.58438,-0.00097421,-0.11572,0.06541,-1.7525,-0.8363,-1.6124,0.1176,-0.065923,-0.055519,0.10314
0.0072242,-0.0058469,0.011483,-0.015156,-0.39042,-0.10839,0.0047765,-0.31615,0.054051,0.559,-0.7699,-0.6478,-0.0072272,-0.29282,0.010139,0.19781,0.07252,-2.1951,-0.78224,-1.7811,0.097292,-0.11261,-0.045984,-0.044848
0.0091392,-0.010893,0.0094949,-0.015382,-0.35673,-0.036881,-0.055631,-0.20216,0.055267,0.3923,-0.72385,-0.69677,0.046048,-0.054959,0.014049,0.39142,0.093904,-2.5938,-0.69468,-1.9813,0.057977,-0.15565,-0.035432,-0.22036
0.0070181,-0.019736,0.0028376,-0.01885,-0.2766,0.070406,-0.1109,-0.061448,0.070528,0.15856,-0.68679,-0.70218,0.033326,0.054846,0.014143,0.46415,0.11817,-2.8598,-0.60033,-2.1145,0.0070977,-0.18107,-0.020498,-0.40213
0.0023933,-0.027168,-0.0031052,-0.025061,-0.18116,0.21403,-0.16391,0.068002,0.10248,-0.065841,-0.64261,-0.64857,-0.029572,-0.026,0.021072,0.42508,0.13148,-2.931,-0.52689,-2.1363,-0.038336,-0.19558,0.00083157,-0.55366
-0.0015439,-0.028575,-0.003866,-0.030934,-0.096785,0.37581,-0.21125,0.1659,0.14939,-0.22129,-0.57918,-0.53595,-0.10477,-0.28358,0.043781,0.30268,0.12448,-2.8024,-0.4922,-2.0761,-0.062055,-0.21783,0.026443,-0.64675
-0.0025864,-0.022647,0.00081415,-0.032705,-0.026191,0.52421,-0.23998,0.23985,0.20457,-0.29198,-0.49873,-0.39335,-0.15144,-0.61521,0.080023,0.15666,0.0978,-2.5302,-0.49996,-2.0094,-0.058009,-0.2603,0.050053,-0.67706
-0.0009934,-0.012134,0.0073309,-0.029006,0.048606,0.63143,-0.23371,0.31476,0.25789,-0.31375,-0.41669,-0.27279,-0.14495,-0.88573,0.11563,0.065092,0.062255,-2.2082,-0.54297,-2.0052,-0.032786,-0.3171,0.064566,-0.66196
0.0012668,-0.0021216,0.011688,-0.022371,0.14622,0.69124,-0.18394,0.41127,0.2992,-0.35402,-0.35046,-0.22163,-0.08618,-1.0062,0.13421,0.084076,0.032457,-1.9297,-0.61038,-2.0869,-0.00038818,-0.36671,0.066742,-0.62553
0.0025587,0.003156,0.012859,-0.017413,0.26612,0.72324,-0.097982,0.53009,0.32234,-0.47064,-0.30745,-0.25062,0.0012795,-0.96942,0.12932,0.20971,0.017478,-1.7568,-0.69409,-2.2269,0.025948,-0.38657,0.059689,-0.58361
0.0030097,0.0029553,0.013141,-0.016918,0.3846,0.75837,0.0028764,0.65286,0.32738,-0.67158,-0.28119,-0.32241,0.081694,-0.81965,0.10875,0.37807,0.015077,-1.7088,-0.79008,-2.3691,0.039129,-0.36734,0.050977,-0.53877
0.0041982,0.00041043,0.015521,-0.019281,0.46849,0.81657,0.094502,0.75729,0.31923,-0.90158,-0.25748,-0.37226,0.1201,-0.59374,0.087428,0.50927,0.014075,-1.7714,-0.89436,-2.4584,0.038377,-0.31686,0.047526,-0.48613
0.0075518,0.00034816,0.020745,-0.019808,0.49557,0.89501,0.16281,0.83412,0.3036,-1.0683,-0.22469,-0.34882,0.094181,-0.2959,0.075202,0.56297,0.0033773,-1.9132,-0.99691,-2.4583,0.02606,-0.25326,0.051006,-0.42374
0.012904,0.0059308,0.026772,-0.014949,0.46709,0.97652,0.20959,0.89398,0.28313,-1.0945,-0.18043,-0.24623,0.0028049,0.072144,0.070167,0.56047,-0.019175,-2.0974,-1.0792,-2.353,0.0048284,-0.19466,0.057264,-0.35999
0.018371,0.016414,0.030834,-0.0057428,0.40543,1.05,0.24727,0.96017,0.25667,-0.96356,-0.13077,-0.10456,-0.13204,0.46262,0.062698,0.55601,-0.04496,-2.2847,-1.1193,-2.1419,-0.022819,-0.15294,0.060089,-0.31351
0.02157,0.027621,0.031934,0.0026972,0.34022,1.1233,0.28706,1.0529,0.22224,-0.72664,-0.084249,0.020671,-0.27325,0.77356,0.046017,0.58309,-0.060973,-2.4286,-1.1028,-1.8345,-0.053231,-0.13313,0.056225,-0.30541
0.021188,0.034812,0.031408,0.005309,0.29312,1.2159,0.32917,1.1752,0.18111,-0.46889,-0.045994,0.095811,-0.38496,0.90118,0.023683,0.62147,-0.059267,-2.4781,-1.0325,-1.4512,-0.080718,-0.13508,0.047613,-0.34739
0.017827,0.035811,0.031281,0.0012407,0.26968,1.3367,0.3624,1.3085,0.13927,-0.25968,-0.015779,0.12595,-0.44901,0.81227,0.0074992,0.61173,-0.042206,-2.3919,-0.92967,-1.0251,-0.098528,-0.154,0.039369,-0.4315
0.013655,0.032114,0.032247,-0.005492,0.2609,1.468,0.37273,1.4203,0.10515,-0.12456,0.0098822,0.14197,-0.47045,0.57273,0.0078264,0.50347,-0.020129,-2.1626,-0.82476,-0.60199,-0.10128,-0.18046,0.035499,-0.5278
0.011217,0.027337,0.033269,-0.0092406,0.25134,1.5704,0.354,1.4795,0.084923,-0.056116,0.034359,0.17278,-0.46802,0.3057,0.024648,0.29701,-0.0040569,-1.8338,-0.74311,-0.23353,-0.087267,-0.20272,0.036008,-0.59368
0.012128,0.024503,0.032987,-0.0069436,0.22827,1.6071,0.3129,1.472,0.079273,-0.046785,0.058932,0.22703,-0.45661,0.11465,0.046782,0.047727,0.000674,-1.4943,-0.69591,0.035657,-0.059101,-0.21242,0.037482,-0.59218
0.016247,0.02438,0.031283,0.00010207,0.18811,1.5668,0.26521,1.4061,0.083728,-0.10867,0.083074,0.29688,-0.43605,0.03465,0.059642,-0.16577,-0.0042369,-1.2456,-0.6813,0.18168,-0.022404,-0.21053,0.036115,-0.51059
0.021677,0.02581,0.029301,0.0079315,0.1381,1.4658,0.2267,1.3058,0.092289,-0.25891,0.10601,0.37541,-0.39537,0.043797,0.055126,-0.28196,-0.013352,-1.1565,-0.69249,0.20872,0.016689,-0.20858,0.030398,-0.36782
0.025591,0.02714,0.027981,0.013162,0.093236,1.3306,0.20517,1.1938,0.10158,-0.48409,0.12808,0.46796,-0.32871,0.11024,0.036044,-0.27777,-0.021906,-1.2314,-0.72402,0.14455,0.053762,-0.22275,0.021545,-0.20524
0.02565,0.027198,0.026803,0.01504,0.069386,1.1759,0.19829,1.0776,0.11274,-0.72049,0.15094,0.58575,-0.24754,0.22319,0.01251,-0.1638,-0.028076,-1.4098,-0.76991,0.026293,0.086968,-0.26373,0.012059,-0.066223
0.021347,0.025311,0.024234,0.015074,0.074644,1.0011,0.19731,0.94986,0.13014,-0.87659,0.17679,0.72802,-0.17684,0.38159,-0.0059317,0.034325,-0.032458,-1.5962,-0.81651,-0.11441,0.11632,-0.3283,0.004205,0.022824
0.014488,0.021147,0.019532,0.015182,0.10269,0.80732,0.19351,0.8025,0.15798,-0.88701,0.20702,0.87028,-0.13633,0.56182,-0.016004,0.29272,-0.036265,-1.7034,-0.83931,-0.2568,0.14225,-0.39835,-0.00046536,0.058846
0.0082774,0.015151,0.013992,0.016139,0.13235,0.61723,0.18331,0.64501,0.19711,-0.75599,0.24105,0.9712,-0.1227,0.70632,-0.020588,0.59728,-0.040016,-1.6853,-0.8107,-0.38469,0.16469,-0.44829,-0.00092923,0.055437
0.0053879,0.0091573,0.010135,0.017333,0.1357,0.47469,0.16975,0.5076,0.24344,-0.55341,0.27575,0.99478,-0.10966,0.74961,-0.024243,0.94421,-0.043342,-1.5454,-0.71597,-0.47709,0.18314,-0.45684,0.0031039,0.032034
0.0061888,0.0058776,0.0093924,0.017534,0.092761,0.41977,0.16001,0.42402,0.28867,-0.36403,0.30599,0.93174,-0.068784,0.6575,-0.028799,1.3343,-0.045489,-1.3224,-0.56558,-0.50846,0.19747,-0.41696,0.010461,0.008007
0.0084656,0.0068679,0.010458,0.015783,0.0056831,0.45789,0.16058,0.40556,0.32233,-0.22946,0.326,0.80552,0.0041582,0.44152,-0.032372,1.7594,-0.045954,-1.0636,-0.39245,-0.46236,0.20818,-0.33887,0.018268,0.0016709
0.0090001,0.010429,0.0099943,0.011805,-0.09638,0.55035,0.17336,0.42861,0.33471,-0.12845,0.33126,0.65982,0.079016,0.13787,-0.031766,2.1845,-0.044959,-0.79901,-0.23379,-0.34907,0.21568,-0.24529,0.023145,0.026678
0.0059925,0.011725,0.0052363,0.0059416,-0.16729,0.63712,0.1949,0.44866,0.31979,-0.0085053,0.32005,0.53694,0.1075,-0.22255,-0.025686,2.5365,-0.043628,-0.52947,-0.10974,-0.21023,0.21923,-0.16209,0.023324,0.08153
0.00051961,0.0058753,-0.0036796,-0.0010508,-0.16637,0.67454,0.21938,0.43138,0.27742,0.16012,0.2938,0.45952,0.055564,-0.61816,-0.016146,2.7172,-0.043607,-0.23308,-0.014941,-0.1022,0.21674,-0.10902,0.019946,0.1398
-0.0041873,-0.0079626,-0.013588,-0.0080603,-0.082201,0.65789,0.24269,0.37547,0.21365,0.35299,0.25593,0.42378,-0.070886,-1.0098,-0.0072331,2.6425,-0.046081,0.11183,0.070531,-0.066788,0.20622,-0.0941,0.016239,0.15548
-0.0052006,-0.024904,-0.020374,-0.013583,0.056619,0.61188,0.26388,0.30798,0.13851,0.50539,0.21001,0.4046,-0.22473,-1.3144,-0.0021579,2.2899,-0.050614,0.49979,0.15982,-0.10916,0.18795,-0.11272,0.015133,0.08911
-0.0021921,-0.036907,-0.021562,-0.015915,0.19287,0.56022,0.28335,0.25631,0.06184,0.55641,0.1584,0.36885,-0.34104,-1.417,-0.00042847,1.7239,-0.054662,0.88514,0.24563,-0.19818,0.1656,-0.15078,0.017311,-0.059705
0.0023056,-0.038087,-0.017601,-0.013822,0.27086,0.50225,0.30032,0.22154,-0.010031,0.48723,0.10257,0.29146,-0.3698,-1.2265,0.0029131,1.0768,-0.054398,1.1947,0.30587,-0.28757,0.14485,-0.19035,0.021294,-0.23945
0.0049129,-0.028846,-0.011316,-0.0074829,0.26907,0.41554,0.31341,0.17598,-0.074523,0.32839,0.044696,0.16878,-0.29955,-0.74119,0.014805,0.49508,-0.046647,1.3616,0.32349,-0.34201,0.13045,-0.21636,0.025233,-0.36967
0.0040092,-0.015596,-0.0062528,0.0010645,0.21528,0.27887,0.32429,0.086394,-0.12958,0.13894,-0.010753,0.022393,-0.16174,-0.073424,0.039082,0.082119,-0.030876,1.3601,0.30267,-0.35149,0.12348,-0.22196,0.028636,-0.38814
0.00073571,-0.0061958,-0.0050595,0.0086683,0.17302,0.093063,0.33954,-0.057903,-0.17014,-0.021506,-0.057266,-0.1105,-0.016637,0.58885,0.071869,-0.12823,-0.0099776,1.2187,0.26627,-0.32873,0.12108,-0.21052,0.032546,-0.28963
-0.0023721,-0.0046086,-0.0085418,0.012836,0.20597,-0.11752,0.36594,-0.23491,-0.18828,-0.11063,-0.088509,-0.19773,0.07233,1.0646,0.10149,-0.15957,0.010753,1.003,0.23641,-0.29703,0.11879,-0.19325,0.038302,-0.1273
-0.0037705,-0.0088185,-0.015551,0.013313,0.3412,-0.32026,0.40092,-0.40351,-0.17823,-0.10974,-0.10109,-0.23294,0.066316,1.2588,0.11452,-0.059678,0.025981,0.7815,0.21575,-0.27921,0.11374,-0.18382,0.046202,0.023571
-0.0041,-0.013429,-0.023619,0.012085,0.55379,-0.48978,0.42698,-0.52642,-0.14294,-0.025515,-0.095656,-0.24289,-0.030001,1.194,0.10479,0.12619,0.032755,0.59598,0.18694,-0.29284,0.10654,-0.1928,0.055077,0.11182
-0.0051896,-0.014608,-0.030155,0.011596,0.7817,-0.61187,0.41794,-0.58427,-0.096171,0.11043,-0.075368,-0.27467,-0.16852,0.98238,0.078374,0.36145,0.03168,0.45241,0.1314,-0.34938,0.10076,-0.2245,0.06268,0.13332
-0.0079998,-0.013273,-0.033755,0.012523,0.9604,-0.67888,0.35555,-0.57502,-0.057185,0.24973,-0.043284,-0.36918,-0.28052,0.75862,0.050041,0.61067,0.026299,0.33223,0.050913,-0.45269,0.10043,-0.27675,0.066203,0.11846
-0.0116,-0.014055,-0.034903,0.012985,1.0548,-0.68786,0.24421,-0.50709,-0.040358,0.34608,-0.0012235,-0.53701,-0.31261,0.61393,0.032885,0.83571,0.021187,0.21316,-0.027699,-0.59586,0.10742,-0.34284,0.062782,0.10014
-0.014148,-0.021127,-0.035508,0.0099059,1.07,-0.64594,0.11108,-0.39621,-0.047031,0.3762,0.048429,-0.75179,-0.25496,0.5668,0.029374,1.0044,0.019879,0.087371,-0.069323,-0.75977,0.11995,-0.41377,0.050463,0.089927
-0.014767,-0.034467,-0.037425,0.0015143,1.0373,-0.57483,-0.0099804,-0.2659,-0.065599,0.3473,0.099726,-0.96463,-0.14283,0.57964,0.031181,1.1044,0.023679,-0.03026,-0.054523,-0.91744,0.13291,-0.48001,0.029765,0.07856
-0.014284,-0.04947,-0.040901,-0.01093,0.98927,-0.50371,-0.098322,-0.14326,-0.079983,0.28398,0.14273,-1.1296,-0.029375,0.6028,0.02791,1.1474,0.031675,-0.1062,0.0091881,-1.0441,0.13962,-0.53227,0.0048441,0.054363
-0.014042,-0.059878,-0.044098,-0.0234,0.94127,-0.45143,-0.1552,-0.046626,-0.080349,0.20592,0.16795,-1.2243,0.050519,0.61154,0.017008,1.1553,0.041607,-0.10426,0.096493,-1.1275,0.13449,-0.56171,-0.017246,0.020222
-0.01412,-0.061466,-0.04416,-0.031091,0.88927,-0.41323,-0.1959,0.026272,-0.068391,0.11669,0.17346,-1.254,0.098787,0.61086,0.0060958,1.1376,0.050911,-0.0083116,0.18365,-1.1717,0.11547,-0.56076,-0.029532,-0.0055436
-0.013045,-0.053942,-0.039201,-0.030871,0.82045,-0.36664,-0.234,0.095656,-0.05395,0.014448,0.16871,-1.2414,0.14214,0.61054,0.0057984,1.0781,0.057436,0.1602,0.26063,-1.1896,0.085125,-0.52599,-0.028643,-0.0034067
-0.0096143,-0.040515,-0.029823,-0.022914,0.72604,-0.29563,-0.2716,0.1789,-0.046367,-0.087102,0.17044,-1.2098,0.20137,0.59796,0.019638,0.94375,0.059703,0.34418,0.32747,-1.1896,0.049427,-0.46273,-0.016302,0.03082
-0.0050025,-0.026272,-0.019029,-0.010807,0.60786,-0.21362,-0.30155,0.2661,-0.047552,-0.15071,0.19191,-1.1721,0.26851,0.53715,0.039993,0.71101,0.056901,0.47714,0.38206,-1.1652,0.014519,-0.38851,0.0023265,0.079692
-0.0026684,-0.01645,-0.010509,-5.0609e-005,0.47771,-0.16428,-0.31672,0.31431,-0.051631,-0.13314,0.23335,-1.1293,0.31066,0.39835,0.053546,0.38941,0.048852,0.52173,0.41329,-1.0956,-0.016967,-0.33052,0.021891,0.11149
-0.0055458,-0.014607,-0.0064215,0.0045324,0.35291,-0.19616,-0.31637,0.27039,-0.050456,-0.016511,0.28131,-1.0759,0.29612,0.19209,0.051395,0.024695,0.036057,0.49587,0.40718,-0.95878,-0.047665,-0.31504,0.038841,0.09566
-0.012886,-0.020635,-0.0061903,0.001299,0.25105,-0.32921,-0.30529,0.10877,-0.039962,0.17325,0.31829,-1.0071,0.22021,-0.025785,0.035361,-0.32206,0.019694,0.46611,0.35996,-0.74741,-0.083933,-0.35304,0.050727,0.017687
-0.019963,-0.029793,-0.0070971,-0.0072967,0.18448,-0.53856,-0.28916,-0.14427,-0.022525,0.37825,0.33505,-0.9238,0.11002,-0.18805,0.015743,-0.60435,0.0014253,0.50921,0.28544,-0.47644,-0.13174,-0.43188,0.054305,-0.11279
-0.021491,-0.03463,-0.006179,-0.016224,0.15512,-0.76744,-0.2717,-0.41986,-0.0044329,0.54231,0.3355,-0.83489,0.0060593,-0.26429,0.0029451,-0.8091,-0.016991,0.66428,0.20924,-0.17877,-0.19259,-0.5209,0.045281,-0.26389
-0.016022,-0.029919,-0.0020678,-0.021079,0.15237,-0.95909,-0.25488,-0.64424,0.0085062,0.6396,0.33074,-0.75827,-0.062994,-0.28351,-0.00013168,-0.95422,-0.03405,0.90553,0.15397,0.10641,-0.26226,-0.58967,0.020842,-0.3937
-0.0073602,-0.017396,0.0044218,-0.020808,0.15656,-1.084,-0.23887,-0.7779,0.013439,0.67635,0.32781,-0.71792,-0.093016,-0.31096,0.00059491,-1.0704,-0.048559,1.1523,0.12652,0.34384,-0.33319,-0.62701,-0.017162,-0.46995
-0.0014511,-0.0057517,0.011137,-0.017965,0.14683,-1.1457,-0.21974,-0.82903,0.0098333,0.66812,0.32345,-0.73577,-0.098475,-0.39684,-0.0043318,-1.1816,-0.059463,1.3097,0.11656,0.50807,-0.39874,-0.64654,-0.061841,-0.48853
-0.0013697,-0.0044511,0.01604,-0.016365,0.1075,-1.1648,-0.18776,-0.83459,-0.002298,0.61587,0.30778,-0.8192,-0.096825,-0.53767,-0.020411,-1.2944,-0.065834,1.3171,0.1062,0.58831,-0.45613,-0.67366,-0.10482,-0.4791
-0.0048783,-0.0156,0.018207,-0.018046,0.027472,-1.1587,-0.13157,-0.82705,-0.022594,0.50387,0.2736,-0.95014,-0.097178,-0.6799,-0.044903,-1.398,-0.067317,1.1762,0.083485,0.59512,-0.50562,-0.72338,-0.14086,-0.4898
-0.0067687,-0.030926,0.017909,-0.021864,-0.10584,-1.1318,-0.048374,-0.81314,-0.04842,0.32179,0.22254,-1.084,-0.099598,-0.76069,-0.068515,-1.4714,-0.0648,0.94713,0.050802,0.56385,-0.54633,-0.78647,-0.16918,-0.55651
-0.0038029,-0.037403,0.016099,-0.024546,-0.31014,-1.0802,0.047258,-0.77844,-0.073085,0.091605,0.16322,-1.163,-0.10082,-0.75283,-0.081623,-1.4931,-0.060507,0.71551,0.023559,0.54523,-0.57192,-0.83563,-0.19014,-0.67534
0.0023396,-0.027563,0.013856,-0.023054,-0.60156,-1.0044,0.12527,-0.70939,-0.087031,-0.1256,0.10464,-1.1416,-0.098469,-0.68093,-0.080584,-1.4541,-0.056927,0.55068,0.020326,0.58061,-0.57008,-0.84738,-0.20082,-0.79976
0.0068191,-0.0058401,0.012041,-0.016403,-0.97931,-0.91498,0.15463,-0.6112,-0.082388,-0.25239,0.051789,-1.0119,-0.090529,-0.60203,-0.069762,-1.3696,-0.055028,0.47785,0.050344,0.67568,-0.52761,-0.822,-0.19481,-0.86779
0.0063794,0.014773,0.010996,-0.0059696,-1.4136,-0.82778,0.12136,-0.50654,-0.057917,-0.23532,0.0066889,-0.81654,-0.072953,-0.57035,-0.057967,-1.2813,-0.053248,0.47759,0.10576,0.79376,-0.43855,-0.78395,-0.16794,-0.84274
0.0025614,0.023122,0.010244,0.0053606,-1.8501,-0.75331,0.0367,-0.41766,-0.020353,-0.078752,-0.028676,-0.63935,-0.040048,-0.61322,-0.052149,-1.2428,-0.048505,0.50925,0.16379,0.87867,-0.31009,-0.76069,-0.12528,-0.7383
0.00033339,0.018448,0.0085262,0.014365,-2.233,-0.69076,-0.070907,-0.3491,0.019316,0.14753,-0.053043,-0.57314,0.011583,-0.73084,-0.053288,-1.2935,-0.038856,0.54075,0.19862,0.89335,-0.16185,-0.75622,-0.082433,-0.60947
0.0034072,0.0098503,0.0045993,0.01857,-2.532,-0.63157,-0.17343,-0.28628,0.051931,0.33134,-0.07081,-0.67757,0.078789,-0.9118,-0.057637,-1.4362,-0.025646,0.56552,0.19631,0.8454,-0.018501,-0.74189,-0.058107,-0.51621
0.010612,0.0075205,-0.0014894,0.017203,-2.7535,-0.56855,-0.25698,-0.21008,0.073969,0.3611,-0.095482,-0.9475,0.15097,-1.146,-0.06189,-1.6368,-0.013011,0.59831,0.16316,0.7799,0.099728,-0.67523,-0.0626,-0.48689
0.016695,0.013726,-0.0077041,0.011706,-2.9238,-0.50148,-0.32259,-0.11354,0.086471,0.17081,-0.14547,-1.3106,0.21337,-1.4234,-0.067356,-1.8486,-0.0047425,0.65707,0.1214,0.74649,0.18282,-0.53408,-0.091172,-0.5073
0.016844,0.02132,-0.010919,0.005212,-3.0538,-0.43366,-0.37674,-0.0056702,0.090833,-0.23109,-0.23277,-1.6595,0.25276,-1.72,-0.079008,-2.0399,-0.0011097,0.74551,0.094366,0.76773,0.23087,-0.33915,-0.1277,-0.53945
0.010848,0.020537,-0.0092021,0.0008142,-3.1134,-0.36298,-0.42198,0.099901,0.085814,-0.76067,-0.35277,-1.9023,0.26319,-1.9867,-0.099908,-2.2012,0.001394,0.84695,0.091293,0.83175,0.25052,-0.14453,-0.15577,-0.55276
0.0032482,0.0076511,-0.0038107,-0.00038027,-3.0368,-0.27656,-0.45562,0.20034,0.068554,-1.2874,-0.48378,-2.0036,0.25032,-2.1522,-0.12608,-2.3231,0.0069058,0.92991,0.10177,0.90844,0.25208,-0.00043641,-0.16847,-0.54355
-0.00054555,-0.012001,0.00096602,0.00014269,-2.7618,-0.15512,-0.47512,0.3091,0.038282,-1.6825,-0.59776,-1.9903,0.23213,-2.1482,-0.14705,-2.3662,0.016396,0.9593,0.10325,0.96922,0.24871,0.083469,-0.1698,-0.53131
0.0012934,-0.028643,0.00049251,-0.00027275,-2.2808,0.015193,-0.48264,0.44726,-0.0013262,-1.8677,-0.67476,-1.9223,0.2335,-1.9465,-0.15272,-2.2588,0.026725,0.90769,0.075772,0.99288,0.25492,0.14466,-0.16788,-0.53815
0.0057723,-0.035708,-0.006779,-0.0030824,-1.6653,0.23257,-0.48365,0.62897,-0.043777,-1.8411,-0.71105,-1.8488,0.27367,-1.5902,-0.14146,-1.9402,0.033425,0.76429,0.013926,0.95913,0.28149,0.23753,-0.167,-0.56794
0.0078923,-0.033968,-0.017781,-0.007264,-1.045,0.47876,-0.4823,0.8525,-0.08396,-1.6694,-0.71672,-1.7835,0.35102,-1.1965,-0.1229,-1.4244,0.03444,0.53964,-0.070457,0.84615,0.32795,0.38949,-0.16519,-0.59947
0.0049207,-0.029358,-0.026598,-0.010257,-0.5485,0.72773,-0.4801,1.1019,-0.12079,-1.4502,-0.70659,-1.7131,0.43541,-0.91894,-0.11235,-0.83208,0.031164,0.26262,-0.15477,0.64256,0.3786,0.57773,-0.15833,-0.59749
-0.0014774,-0.027315,-0.028415,-0.010238,-0.24356,0.95647,-0.48074,1.3551,-0.15565,-1.2656,-0.69151,-1.6249,0.47725,-0.87677,-0.12054,-0.35024,0.025887,-0.030862,-0.21608,0.36516,0.40781,0.74314,-0.14591,-0.5356
-0.0067977,-0.028837,-0.022793,-0.0076656,-0.11562,1.1498,-0.49576,1.5896,-0.18807,-1.1496,-0.67483,-1.5265,0.43298,-1.087,-0.14587,-0.13234,0.018559,-0.31157,-0.2402,0.063188,0.3938,0.82762,-0.13256,-0.41761
-0.0073634,-0.031149,-0.01389,-0.0048064,-0.097954,1.2965,-0.543,1.7843,-0.21317,-1.0861,-0.65323,-1.4368,0.29304,-1.4396,-0.17477,-0.20328,0.0066493,-0.56163,-0.22605,-0.20017,0.33252,0.80401,-0.12423,-0.28376
-0.0029897,-0.031528,-0.0074891,-0.0038562,-0.12907,1.3819,-0.63543,1.9168,-0.2235,-1.0327,-0.61964,-1.3588,0.093263,-1.7398,-0.18986,-0.43922,-0.011322,-0.76521,-0.18468,-0.37709,0.24152,0.67892,-0.12305,-0.19408
0.003319,-0.030368,-0.0070653,-0.0054536,-0.19438,1.3852,-0.76761,1.9648,-0.21422,-0.95134,-0.5665,-1.2613,-0.10084,-1.8024,-0.18028,-0.64236,-0.032074,-0.89463,-0.13328,-0.4527,0.15042,0.47481,-0.1258,-0.19539
0.0079845,-0.030843,-0.011688,-0.0087503,-0.32308,1.2859,-0.91143,1.9103,-0.18674,-0.82795,-0.48942,-1.0924,-0.22858,-1.5439,-0.14735,-0.66074,-0.047973,-0.90997,-0.086511,-0.43925,0.08394,0.21443,-0.12748,-0.2904
0.0093862,-0.035868,-0.017085,-0.012587,-0.54757,1.0779,-1.0265,1.7481,-0.14786,-0.67148,-0.39077,-0.8168,-0.2651,-1.0194,-0.10278,-0.47052,-0.052137,-0.78121,-0.049693,-0.35639,0.048674,-0.07772,-0.12644,-0.43009
0.008363,-0.045362,-0.018831,-0.016446,-0.86127,0.78185,-1.0797,1.4926,-0.10523,-0.49984,-0.28096,-0.44905,-0.2293,-0.38722,-0.06163,-0.16875,-0.044111,-0.51919,-0.018084,-0.21794,0.031634,-0.36424,-0.12638,-0.53653
0.006742,-0.056213,-0.015218,-0.020447,-1.2084,0.44678,-1.0593,1.18,-0.063222,-0.32778,-0.17535,-0.052524,-0.16617,0.17182,-0.035231,0.10616,-0.030884,-0.18663,0.016774,-0.035242,0.0099883,-0.59405,-0.13319,-0.54282
0.0055713,-0.064733,-0.0078544,-0.024821,-1.5093,0.13676,-0.97619,0.86341,-0.022709,-0.16564,-0.087907,0.29538,-0.11953,0.5259,-0.027798,0.25925,-0.021879,0.12798,0.05861,0.17108,-0.035233,-0.7218,-0.14928,-0.42519
0.004634,-0.069229,6.3781e-005,-0.029659,-1.6955,-0.091344,-0.85181,0.59909,0.015926,-0.024754,-0.025514,0.54688,-0.11482,0.62144,-0.037286,0.27012,-0.021898,0.3598,0.10313,0.3677,-0.10974,-0.73459,-0.16998,-0.20914
0.0033516,-0.070516,0.0061667,-0.035008,-1.7268,-0.20766,-0.70481,0.42906,0.049941,0.082028,0.013098,0.70483,-0.15982,0.4725,-0.058295,0.16362,-0.027907,0.50269,0.14307,0.52081,-0.20476,-0.66153,-0.18503,0.0489
0.0018882,-0.070278,0.010129,-0.040753,-1.5862,-0.21604,-0.54664,0.36656,0.074194,0.15052,0.033584,0.80964,-0.25436,0.13716,-0.084718,-0.037087,-0.032173,0.60074,0.17702,0.61458,-0.30243,-0.55455,-0.18422,0.28756
0.0012812,-0.069108,0.013045,-0.046056,-1.2734,-0.14632,-0.38679,0.39222,0.083485,0.19801,0.040927,0.90629,-0.39495,-0.29881,-0.11117,-0.3275,-0.028818,0.70266,0.21309,0.65942,-0.3834,-0.45388,-0.16328,0.45859
0.0025302,-0.066075,0.015892,-0.049042,-0.815,-0.039758,-0.23913,0.46356,0.07474,0.26369,0.037286,1.0168,-0.56872,-0.73227,-0.1334,-0.6976,-0.018215,0.81754,0.26255,0.68268,-0.43268,-0.36637,-0.12622,0.53384
0.0055753,-0.060038,0.018598,-0.047627,-0.28432,0.062984,-0.12038,0.53253,0.047409,0.38977,0.023834,1.1338,-0.74489,-1.0587,-0.148,-1.0951,-0.0059757,0.90874,0.32804,0.70961,-0.4426,-0.27366,-0.082828,0.50808
0.0091176,-0.051318,0.020418,-0.041306,0.20049,0.12909,-0.040083,0.5627,0.0028818,0.59372,0.003924,1.2342,-0.877,-1.1956,-0.1519,-1.4152,0.001896,0.92871,0.39707,0.74902,-0.41338,-0.16054,-0.043417,0.4024
0.011429,-0.042165,0.020985,-0.032414,0.5196,0.14064,0.0087782,0.53942,-0.05523,0.85209,-0.016055,1.2977,-0.92052,-1.1026,-0.14216,-1.5306,0.003212,0.86157,0.44846,0.79232,-0.35267,-0.036762,-0.013971,0.26309
0.0115,-0.035598,0.020794,-0.025394,0.61863,0.10465,0.048265,0.47176,-0.11971,1.1096,-0.029343,1.321,-0.85668,-0.78451,-0.11721,-1.3466,7.6203e-006,0.73603,0.46829,0.82281,-0.27441,0.067768,0.0055649,0.14785
0.0096843,-0.033531,0.02059,-0.024153,0.54965,0.05911,0.10152,0.38768,-0.17924,1.3079,-0.032785,1.3187,-0.7057,-0.28351,-0.079465,-0.84744,-0.0042219,0.59977,0.46267,0.82592,-0.19624,0.1286,0.019488,0.09994
0.0074282,-0.035496,0.02036,-0.029341,0.44555,0.062242,0.17621,0.32318,-0.22102,1.4142,-0.028632,1.3153,-0.51879,0.32993,-0.0372,-0.11181,-0.007328,0.48199,0.45541,0.79454,-0.13475,0.14802,0.032578,0.1246
0.0063015,-0.03879,0.019152,-0.037673,0.43655,0.16067,0.25867,0.3062,-0.2359,1.4314,-0.022514,1.3292,-0.35234,0.96125,-0.0027668,0.71156,-0.0090266,0.37872,0.46953,0.72925,-0.09968,0.15105,0.046732,0.18513
0.0069788,-0.039975,0.016097,-0.043949,0.56654,0.35268,0.32375,0.34027,-0.22283,1.3863,-0.019123,1.3576,-0.24044,1.5024,0.013954,1.4584,-0.0095663,0.27187,0.50541,0.6372,-0.089919,0.15912,0.059828,0.22403
0.0088412,-0.036889,0.011682,-0.044406,0.77122,0.57567,0.35304,0.39841,-0.18907,1.3087,-0.018958,1.3702,-0.18265,1.8598,0.013161,2.0126,-0.0086952,0.16077,0.53309,0.53063,-0.094657,0.16637,0.067273,0.1959
0.010488,-0.029982,0.0078561,-0.03912,0.93299,0.73582,0.34702,0.43564,-0.14549,1.2153,-0.018522,1.3188,-0.154,1.9923,0.0072712,2.3488,-0.0061655,0.074164,0.5076,0.4243,-0.099915,0.14197,0.06519,0.090489
0.010835,-0.021997,0.0065986,-0.031833,0.96761,0.76602,0.32264,0.4166,-0.10048,1.1072,-0.013674,1.1633,-0.12888,1.9307,0.013731,2.5271,-0.0028184,0.050827,0.39921,0.33115,-0.096837,0.058765,0.05326,-0.067327
0.01,-0.015973,0.0081687,-0.027325,0.87624,0.67183,0.29934,0.34033,-0.056545,0.97866,-0.0035445,0.89748,-0.10133,1.7587,0.042013,2.6367,-0.00042447,0.10674,0.21774,0.25862,-0.086117,-0.076066,0.035425,-0.23626
0.0092548,-0.012809,0.010765,-0.028023,0.72935,0.52893,0.28583,0.24251,-0.011948,0.82782,0.0077562,0.56048,-0.087211,1.5629,0.084495,2.7226,7.1549e-005,0.21889,0.012062,0.20821,-0.075407,-0.21616,0.017883,-0.37993
0.0099565,-0.010321,0.012096,-0.032118,0.60603,0.43119,0.27758,0.17069,0.034741,0.66363,0.012751,0.22134,-0.10731,1.3893,0.11948,2.7478,0.00011042,0.34021,-0.1569,0.1787,-0.071915,-0.30319,0.005607,-0.4777
0.012246,-0.0048476,0.011488,-0.03458,0.543,0.42724,0.26517,0.15007,0.081044,0.50464,0.0044178,-0.053237,-0.16494,1.2371,0.12548,2.6254,0.0028141,0.43233,-0.25159,0.16944,-0.076233,-0.30498,-0.0002772,-0.52395
0.014625,0.0055124,0.010518,-0.030641,0.52972,0.49259,0.2446,0.16638,0.12079,0.37094,-0.020144,-0.22856,-0.23632,1.088,0.096388,2.299,0.010125,0.48787,-0.27666,0.18018,-0.082293,-0.23418,-0.0024269,-0.52345
0.014969,0.018637,0.011442,-0.019458,0.54037,0.55579,0.22038,0.17924,0.14743,0.273,-0.058356,-0.31119,-0.28221,0.93738,0.045696,1.8081,0.020363,0.52504,-0.2683,0.20704,-0.083113,-0.13335,-0.0046867,-0.48909
0.012318,0.029286,0.014845,-0.0052788,0.56423,0.55488,0.19933,0.15443,0.15738,0.20382,-0.10383,-0.33498,-0.27291,0.7977,-0.0034248,1.2805,0.028831,0.56254,-0.26401,0.23889,-0.077104,-0.040401,-0.0090976,-0.44023
0.0079783,0.03292,0.018765,0.0050762,0.60647,0.47961,0.18189,0.088505,0.15066,0.14029,-0.15003,-0.33647,-0.20779,0.67228,-0.034017,0.85151,0.031349,0.59925,-0.27722,0.25873,-0.06948,0.037216,-0.014903,-0.39644
0.0048008,0.029592,0.020235,0.0068629,0.66622,0.37085,0.15904,0.0072711,0.12921,0.055337,-0.19357,-0.33644,-0.11486,0.5327,-0.04473,0.57115,0.02768,0.61681,-0.29613,0.25122,-0.06784,0.12053,-0.02011,-0.3662
0.0049974,0.024628,0.01788,0.0008982,0.72145,0.28484,0.11814,-0.05745,0.095282,-0.06598,-0.23503,-0.33691,-0.03093,0.32819,-0.046481,0.37625,0.021656,0.60109,-0.30514,0.21172,-0.076012,0.23446,-0.023844,-0.33848
0.0082503,0.025163,0.013135,-0.0067721,0.74042,0.25438,0.053144,-0.091248,0.051894,-0.21776,-0.27693,-0.33108,0.022571,0.025447,-0.051037,0.14971,0.017782,0.56054,-0.30816,0.14997,-0.091397,0.38284,-0.027106,-0.28675
0.011861,0.034977,0.0089371,-0.0088912,0.70897,0.27484,-0.028396,-0.10215,0.0046173,-0.38039,-0.32046,-0.3167,0.051092,-0.35439,-0.061963,-0.18023,0.017416,0.52311,-0.3326,0.084785,-0.10751,0.54255,-0.031294,-0.18589
0.013004,0.051519,0.0071205,-0.0018362,0.64544,0.31781,-0.10643,-0.10724,-0.038369,-0.53998,-0.36391,-0.30352,0.079546,-0.73587,-0.074688,-0.58038,0.017981,0.51323,-0.41008,0.03257,-0.11881,0.6792,-0.036231,-0.030584
0.011189,0.06744,0.0069707,0.012104,0.58629,0.35428,-0.15671,-0.11683,-0.069654,-0.70575,-0.40453,-0.31066,0.13366,-1.0306,-0.083568,-0.93744,0.015774,0.52911,-0.55037,-0.0021559,-0.12336,0.77054,-0.040045,0.15977
0.0086522,0.075465,0.0062303,0.026413,0.55435,0.36799,-0.16115,-0.13124,-0.087538,-0.91046,-0.44223,-0.35559,0.22402,-1.189,-0.088157,-1.142,0.009564,0.54093,-0.73039,-0.026903,-0.12178,0.82085,-0.041351,0.35433
0.0082002,0.073017,0.0034707,0.034565,0.53919,0.35447,-0.11503,-0.15077,-0.098168,-1.1913,-0.48187,-0.44158,0.34204,-1.2231,-0.093019,-1.1614,0.0015845,0.51222,-0.90707,-0.051565,-0.11455,0.858,-0.041634,0.53139
0.010423,0.063354,-0.00053884,0.033833,0.50751,0.31483,-0.02838,-0.18563,-0.11213,-1.5642,-0.53108,-0.55208,0.4671,-1.1839,-0.10218,-1.0475,-0.0048066,0.42702,-1.0428,-0.076539,-0.10107,0.91621,-0.045152,0.68866
0.01296,0.052756,-0.0037817,0.026397,0.43382,0.25451,0.077827,-0.25284,-0.13753,-2.0087,-0.59425,-0.65764,0.57731,-1.1153,-0.11419,-0.88384,-0.0082872,0.3008,-1.1228,-0.088837,-0.08146,1.0143,-0.055778,0.834
0.012656,0.046129,-0.0052534,0.017471,0.3236,0.18725,0.17865,-0.3605,-0.17499,-2.4742,-0.66684,-0.73328,0.65673,-1.0232,-0.12255,-0.72491,-0.010395,0.1669,-1.153,-0.070768,-0.058731,1.1409,-0.073198,0.96528
0.0086795,0.044177,-0.0062245,0.011974,0.20917,0.13684,0.25272,-0.49302,-0.21861,-2.8993,-0.73499,-0.77609,0.69679,-0.88526,-0.12079,-0.57706,-0.013317,0.050508,-1.1429,-0.015666,-0.038423,1.2542,-0.091821,1.0581
0.0036334,0.043808,-0.0091898,0.011851,0.12388,0.13003,0.28803,-0.61218,-0.26161,-3.2312,-0.78178,-0.81063,0.69463,-0.68832,-0.10752,-0.42743,-0.017022,-0.049103,-1.0918,0.061593,-0.02543,1.3006,-0.10372,1.0745
0.0014499,0.04097,-0.015482,0.015428,0.078558,0.18312,0.28408,-0.67658,-0.30112,-3.4355,-0.79665,-0.87666,0.65169,-0.45793,-0.087109,-0.28173,-0.01876,-0.1546,-0.98953,0.1288,-0.020791,1.2423,-0.10359,0.98874
0.0038834,0.033592,-0.02388,0.018864,0.059772,0.29114,0.24968,-0.6664,-0.33774,-3.4979,-0.78148,-1.0062,0.57448,-0.24987,-0.066024,-0.17011,-0.015605,-0.28884,-0.82983,0.15416,-0.021493,1.0811,-0.091965,0.81035
0.0087827,0.022598,-0.031614,0.018574,0.048163,0.42827,0.19761,-0.59507,-0.37073,-3.4248,-0.74915,-1.2049,0.47605,-0.10845,-0.048412,-0.11632,-0.0076081,-0.45237,-0.62395,0.12551,-0.023536,0.86075,-0.07431,0.58785
0.011779,0.01066,-0.036849,0.013149,0.037844,0.56008,0.13902,-0.49803,-0.39414,-3.2442,-0.71523,-1.4484,0.37563,-0.028235,-0.034523,-0.10513,0.0016092,-0.6169,-0.40093,0.05724,-0.025417,0.64539,-0.057022,0.38829
0.0099638,3.2737e-005,-0.040272,0.0038209,0.039285,0.66032,0.080701,-0.40635,-0.39865,-3.0027,-0.68891,-1.6964,0.29447,0.044061,-0.022632,-0.086484,0.0076588,-0.73949,-0.19444,-0.020432,-0.028852,0.48557,-0.043488,0.26619
0.0043825,-0.0087445,-0.044186,-0.0064397,0.065211,0.72182,0.026035,-0.32475,-0.37816,-2.7521,-0.669,-1.9103,0.24843,0.16465,-0.011993,-0.019909,0.0091343,-0.78748,-0.026818,-0.081961,-0.036263,0.39448,-0.033138,0.24034
-0.00076278,-0.016414,-0.049956,-0.014388,0.1148,0.75497,-0.022424,-0.2313,-0.33564,-2.5303,-0.64753,-2.0652,0.24093,0.34105,-0.0039354,0.07803,0.0087792,-0.75735,0.097734,-0.12232,-0.047551,0.34817,-0.023534,0.29071
-0.0014558,-0.023505,-0.056253,-0.017712,0.17207,0.77487,-0.062223,-0.099745,-0.28274,-2.3481,-0.6175,-2.1498,0.26096,0.5188,-0.00030633,0.12866,0.010832,-0.67505,0.18705,-0.15791,-0.0592,0.30724,-0.013165,0.37375
0.0030637,-0.029254,-0.059944,-0.015676,0.22019,0.78647,-0.093612,0.07244,-0.23314,-2.1917,-0.57911,-2.1623,0.28873,0.61999,-0.00092804,0.040018,0.016871,-0.57894,0.24931,-0.21395,-0.066463,0.24223,-0.0024113,0.44543
0.0099129,-0.031903,-0.058986,-0.0092983,0.25866,0.7785,-0.1229,0.25305,-0.19487,-2.0389,-0.54025,-2.1085,0.30656,0.60258,-0.0024802,-0.22503,0.023955,-0.49821,0.28623,-0.30912,-0.066624,0.14573,0.0077558,0.47908
0.014924,-0.030068,-0.054748,-0.0010246,0.30711,0.73196,-0.16175,0.39176,-0.16767,-1.8763,-0.51145,-2.0067,0.30809,0.49086,8.4977e-005,-0.61392,0.026824,-0.4421,0.29582,-0.44765,-0.060615,0.027423,0.01757,0.47143
0.015622,-0.023899,-0.051497,0.0062623,0.39113,0.63779,-0.21999,0.45326,-0.14662,-1.7043,-0.49916,-1.8883,0.29917,0.35289,0.010525,-1.0093,0.022166,-0.40617,0.28021,-0.62059,-0.051975,-0.097991,0.028622,0.43692
0.012479,-0.015032,-0.053228,0.010791,0.52097,0.51001,-0.29558,0.44175,-0.12831,-1.5289,-0.50193,-1.7886,0.28969,0.24649,0.028801,-1.2938,0.011096,-0.38722,0.25057,-0.80971,-0.044362,-0.21768,0.04203,0.3961
0.0077765,-0.0054495,-0.060394,0.013133,0.68034,0.38241,-0.36989,0.39702,-0.1138,-1.3523,-0.51171,-1.727,0.28284,0.1801,0.050855,-1.4059,-0.0022591,-0.39169,0.22418,-0.9877,-0.039686,-0.31911,0.056399,0.36479
0.0034341,0.0036397,-0.069272,0.015923,0.83463,0.28863,-0.41426,0.36434,-0.1063,-1.1753,-0.51893,-1.693,0.27082,0.11773,0.07092,-1.3536,-0.014525,-0.42808,0.21655,-1.1165,-0.037866,-0.38701,0.067785,0.34852
-0.0002426,0.011836,-0.074588,0.021719,0.95234,0.23961,-0.40579,0.36141,-0.10644,-1.0094,-0.51787,-1.6507,0.24098,0.015558,0.084873,-1.1875,-0.025479,-0.48944,0.2344,-1.1521,-0.037705,-0.407,0.072141,0.34298
-0.0040383,0.018506,-0.07332,0.030234,1.0229,0.21654,-0.3419,0.36833,-0.10988,-0.88468,-0.50866,-1.5635,0.18708,-0.14738,0.092244,-0.96512,-0.036849,-0.54319,0.27398,-1.0618,-0.037755,-0.37546,0.0684,0.3381
-0.0083812,0.02176,-0.066738,0.0372,1.0576,0.18613,-0.24229,0.34791,-0.10971,-0.83724,-0.49506,-1.4205,0.11603,-0.36889,0.095246,-0.73452,-0.048877,-0.54217,0.32399,-0.84686,-0.036623,-0.30683,0.059583,0.32233
-0.012534,0.018717,-0.059169,0.036322,1.0743,0.12749,-0.13562,0.27922,-0.10139,-0.87832,-0.47948,-1.2432,0.044115,-0.64247,0.095376,-0.53725,-0.058305,-0.45387,0.3698,-0.55445,-0.033022,-0.22937,0.050847,0.28574
-0.015196,0.0073077,-0.054643,0.023542,1.0808,0.049737,-0.040207,0.17714,-0.08587,-0.96688,-0.45897,-1.0672,-0.013781,-0.96376,0.090519,-0.41088,-0.060227,-0.28784,0.3969,-0.26474,-0.026043,-0.17023,0.046051,0.22216
-0.015833,-0.011554,-0.054056,0.00077865,1.0698,-0.013405,0.046474,0.083328,-0.067964,-1.0135,-0.42519,-0.91421,-0.052027,-1.3091,0.075804,-0.37408,-0.052551,-0.099501,0.3937,-0.056845,-0.015665,-0.1398,0.045721,0.1312
-0.015349,-0.033198,-0.054893,-0.023834,1.0317,-0.027456,0.1405,0.037749,-0.051578,-0.92272,-0.36885,-0.78021,-0.07245,-1.6072,0.048788,-0.4,-0.039058,0.035701,0.35485,0.026455,-0.0029987,-0.12671,0.048064,0.01998
-0.015353,-0.050872,-0.053442,-0.040034,0.96978,0.019748,0.25127,0.054888,-0.036006,-0.65128,-0.28585,-0.64844,-0.075625,-1.7415,0.015359,-0.40299,-0.027909,0.061752,0.28461,-0.0077298,0.010115,-0.10673,0.051898,-0.097269
-0.016698,-0.059212,-0.047611,-0.041622,0.90552,0.11292,0.36416,0.12245,-0.016594,-0.23991,-0.18104,-0.51312,-0.055158,-1.6008,-0.0094436,-0.26219,-0.026303,-0.030464,0.19785,-0.1179,0.022009,-0.058981,0.058494,-0.20278
-0.018657,-0.05739,-0.038266,-0.030631,0.86634,0.2236,0.44131,0.21967,0.010856,0.20659,-0.066637,-0.38883,-0.0023694,-1.1493,-0.0087348,0.11754,-0.035406,-0.20364,0.11677,-0.25896,0.032009,0.021059,0.070297,-0.28103
-0.019543,-0.049681,-0.028303,-0.016262,0.86576,0.32979,0.44245,0.33603,0.045737,0.58117,0.04381,-0.29482,0.08153,-0.46359,0.024255,0.73715,-0.049632,-0.39741,0.063702,-0.40481,0.040642,0.11849,0.087536,-0.32386
-0.01817,-0.042706,-0.020424,-0.0087806,0.89263,0.42447,0.35214,0.47322,0.081994,0.83544,0.1419,-0.23016,0.17715,0.29858,0.078366,1.4734,-0.060783,-0.55506,0.052845,-0.54821,0.049167,0.2056,0.10609,-0.33235
-0.014812,-0.040909,-0.015329,-0.012331,0.91902,0.50818,0.19329,0.63005,0.11162,0.99734,0.22682,-0.16688,0.25228,0.97731,0.12837,2.1193,-0.06353,-0.63727,0.084721,-0.68297,0.058723,0.25349,0.11922,-0.3147
-0.010844,-0.043357,-0.01157,-0.021937,0.92072,0.57492,0.015833,0.78662,0.12942,1.1361,0.30235,-0.072808,0.27944,1.483,0.14984,2.4848,-0.057894,-0.62231,0.14582,-0.78688,0.069604,0.24366,0.12232,-0.28178
-0.0075743,-0.044349,-0.0069741,-0.027256,0.89414,0.60566,-0.13226,0.9052,0.13546,1.3054,0.37134,0.054695,0.25307,1.8114,0.13499,2.5006,-0.047249,-0.505,0.21373,-0.82194,0.081016,0.17574,0.11665,-0.24268
-0.0054685,-0.037685,-0.00043907,-0.020624,0.85674,0.57656,-0.23074,0.94999,0.134,1.5082,0.43208,0.17701,0.19313,1.9998,0.097532,2.2541,-0.034316,-0.304,0.26573,-0.75367,0.091469,0.068741,0.10873,-0.20218
-0.0044296,-0.021599,0.0072412,-0.0033195,0.83184,0.47617,-0.29124,0.91114,0.13035,1.707,0.47959,0.24078,0.13223,2.0696,0.062113,1.9255,-0.019067,-0.071879,0.28714,-0.57656,0.099546,-0.045233,0.10534,-0.1607
-0.0045607,-0.00060706,0.01404,0.015003,0.83083,0.31873,-0.33862,0.81297,0.12868,1.8617,0.5105,0.22393,0.096257,2.0086,0.046354,1.6662,-0.00025789,0.10831,0.27536,-0.32778,0.10457,-0.13357,0.10824,-0.11647
-0.0063203,0.017234,0.018201,0.023489,0.84652,0.14214,-0.38652,0.69831,0.13175,1.9602,0.5273,0.16187,0.092798,1.8037,0.049671,1.5078,0.021249,0.15063,0.23767,-0.079031,0.1067,-0.17647,0.1131,-0.068582
-0.009699,0.025608,0.019337,0.018308,0.86062,-0.010533,-0.42825,0.59933,0.14176,2.0175,0.53858,0.12859,0.11369,1.4887,0.057461,1.3721,0.040835,0.0078957,0.18456,0.090589,0.10653,-0.17385,0.11326,-0.01891
-0.013279,0.023807,0.018325,0.005362,0.85718,-0.11609,-0.44945,0.51585,0.16013,2.0506,0.55496,0.18552,0.14618,1.155,0.056297,1.1669,0.051963,-0.29922,0.12416,0.1276,0.10461,-0.14132,0.10513,0.028473
-0.014446,0.016509,0.016286,-0.0045801,0.83023,-0.18696,-0.44909,0.41632,0.18568,2.0588,0.58387,0.33905,0.1814,0.90779,0.046454,0.88248,0.050113,-0.68879,0.062097,0.026968,0.10144,-0.098116,0.090664,0.069816
-0.011055,0.010156,0.013723,-0.0042143,0.781,-0.26574,-0.44765,0.26002,0.21274,2.0303,0.6266,0.54033,0.21408,0.79961,0.040853,0.60592,0.035647,-1.058,0.006213,-0.16617,0.097668,-0.05546,0.075208,0.10367
-0.0033845,0.0089931,0.010569,0.0053161,0.70999,-0.39967,-0.4735,0.024153,0.23193,1.9655,0.67887,0.72515,0.23745,0.79697,0.051917,0.44299,0.013496,-1.3305,-0.02989,-0.3771,0.094154,-0.013772,0.063014,0.12989
0.0054008,0.013486,0.0068708,0.016532,0.61307,-0.61037,-0.53945,-0.28266,0.23443,1.8921,0.73382,0.85852,0.24176,0.80968,0.078668,0.42283,-0.0097957,-1.4791,-0.030611,-0.5352,0.091453,0.030466,0.054463,0.14629
0.01103,0.0214,0.00316,0.022501,0.48606,-0.87968,-0.63156,-0.62735,0.21752,1.8527,0.78497,0.94804,0.22027,0.75916,0.106,0.4724,-0.029239,-1.5137,0.011241,-0.60412,0.089347,0.075605,0.047092,0.14676
0.011034,0.029879,-3.8436e-005,0.022393,0.33414,-1.1619,-0.72057,-0.97166,0.18737,1.8735,0.82781,1.0201,0.17723,0.63136,0.1168,0.4818,-0.0427,-1.4513,0.08531,-0.59288,0.087043,0.11284,0.038915,0.12452
0.006548,0.036811,-0.0029784,0.021224,0.17768,-1.4131,-0.78504,-1.2878,0.15623,1.9417,0.86007,1.0857,0.12871,0.4751,0.10608,0.39867,-0.050177,-1.2988,0.16417,-0.54205,0.084108,0.13384,0.030622,0.079483
0.0014261,0.041095,-0.0066552,0.02457,0.048492,-1.6133,-0.82373,-1.5599,0.13559,2.0134,0.88134,1.129,0.092875,0.35399,0.084717,0.26617,-0.052502,-1.0634,0.21407,-0.49491,0.081178,0.14092,0.024532,0.023399
-0.00077263,0.042425,-0.011626,0.03323,-0.022175,-1.7644,-0.84614,-1.7737,0.12964,2.0452,0.89239,1.127,0.076465,0.29631,0.069937,0.17508,-0.050883,-0.77793,0.2082,-0.4735,0.0795,0.1494,0.021314,-0.023477
0.00043924,0.041099,-0.016698,0.042398,-0.017326,-1.8666,-0.85253,-1.9078,0.13379,2.0236,0.89463,1.08,0.068868,0.28206,0.071401,0.17903,-0.0473,-0.51515,0.13396,-0.47587,0.079524,0.17859,0.017606,-0.044052
0.0022813,0.037772,-0.018954,0.04575,0.057846,-1.8995,-0.8267,-1.9386,0.13877,1.9671,0.88957,1.0211,0.049517,0.27014,0.084628,0.25097,-0.044583,-0.36957,-0.0065276,-0.49317,0.079976,0.23839,0.0069389,-0.036325
0.0013275,0.033032,-0.015496,0.040694,0.17758,-1.8319,-0.75194,-1.8581,0.13736,1.903,0.87884,0.99645,0.0032226,0.23519,0.096373,0.31528,-0.045166,-0.41314,-0.19696,-0.52786,0.078643,0.32301,-0.016308,-0.015824
-0.0032765,0.027089,-0.0056915,0.030391,0.306,-1.6554,-0.63607,-1.691,0.12873,1.8407,0.86461,1.0324,-0.068714,0.18191,0.096065,0.31875,-0.049107,-0.65078,-0.40485,-0.5932,0.074486,0.41662,-0.052666,-0.0060049
-0.0088789,0.020079,0.0079441,0.021172,0.41218,-1.4147,-0.51867,-1.4943,0.11804,1.768,0.84983,1.1196,-0.15013,0.13119,0.083349,0.27276,-0.053222,-1.0053,-0.58215,-0.69175,0.069175,0.50481,-0.095929,-0.023984
-0.011626,0.01282,0.020974,0.017782,0.48334,-1.1998,-0.44746,-1.3347,0.11212,1.6694,0.8376,1.225,-0.22205,0.097769,0.066579,0.23246,-0.05271,-1.3436,-0.67686,-0.79345,0.066443,0.58042,-0.13509,-0.072765
-0.010018,0.0071554,0.029447,0.020319,0.52904,-1.0963,-0.44009,-1.2552,0.11473,1.5484,0.82944,1.3203,-0.2745,0.082066,0.055393,0.23998,-0.044558,-1.5315,-0.65563,-0.83785,0.069562,0.63922,-0.15848,-0.14483
-0.0064404,0.0051221,0.0317,0.025017,0.57224,-1.1295,-0.46461,-1.2551,0.12452,1.4306,0.82346,1.3995,-0.30833,0.079804,0.054422,0.28867,-0.030106,-1.4885,-0.52302,-0.76589,0.079109,0.6721,-0.15791,-0.2316
-0.0050911,0.007298,0.028471,0.027744,0.6308,-1.2457,-0.45894,-1.2961,0.13638,1.3431,0.81383,1.4717,-0.32682,0.094005,0.062339,0.3386,-0.014474,-1.2139,-0.31998,-0.55897,0.093014,0.66518,-0.13109,-0.32837
-0.0080766,0.011749,0.021623,0.027123,0.70154,-1.3505,-0.37724,-1.331,0.14477,1.2895,0.79276,1.5401,-0.32615,0.1336,0.074794,0.36225,-0.0030382,-0.77557,-0.098584,-0.25408,0.10884,0.61132,-0.082423,-0.42998
-0.013303,0.014771,0.012704,0.024867,0.76023,-1.3758,-0.22663,-1.3353,0.14652,1.2446,0.75435,1.5892,-0.29464,0.1988,0.087139,0.37181,0.0022669,-0.27311,0.10891,0.077729,0.12611,0.5236,-0.022156,-0.52228
-0.016312,0.013157,0.0023542,0.023434,0.78086,-1.3243,-0.06467,-1.3183,0.14143,1.1715,0.69822,1.596,-0.22284,0.26859,0.094973,0.40219,0.003814,0.2015,0.30133,0.37184,0.14654,0.43673,0.035805,-0.58
-0.01453,0.0062804,-0.0092631,0.023319,0.76072,-1.2587,0.040676,-1.3101,0.13049,1.0484,0.63025,1.5538,-0.11602,0.30448,0.094053,0.4687,0.0057917,0.58603,0.49129,0.598,0.1717,0.39078,0.077818,-0.57656
-0.0099997,-0.0036901,-0.021593,0.022384,0.72986,-1.2469,0.056887,-1.3353,0.11371,0.88025,0.55932,1.4857,0.0023197,0.27002,0.08191,0.54242,0.010747,0.85047,0.67645,0.75833,0.2003,0.4074,0.095314,-0.50045
-0.0078544,-0.013592,-0.033179,0.017732,0.73369,-1.3084,0.0040834,-1.3934,0.089345,0.68879,0.49138,1.4315,0.10063,0.15051,0.06081,0.56739,0.018213,0.99027,0.82755,0.86542,0.22734,0.47598,0.088278,-0.36614
-0.011704,-0.0215,-0.041978,0.0084097,0.79976,-1.4034,-0.065725,-1.4592,0.055593,0.49375,0.42511,1.4143,0.15614,-0.042661,0.038864,0.50251,0.026281,1.0217,0.90627,0.92517,0.24592,0.55994,0.064893,-0.21003
-0.020067,-0.027523,-0.04636,-0.0034276,0.91577,-1.4662,-0.1067,-1.4976,0.013436,0.30286,0.35256,1.4163,0.16589,-0.28516,0.026608,0.34794,0.034154,0.98084,0.89765,0.93871,0.25021,0.61734,0.036896,-0.07264
-0.027157,-0.032725,-0.046113,-0.013884,1.0383,-1.4504,-0.10394,-1.483,-0.031764,0.11713,0.26531,1.3839,0.14406,-0.55787,0.030205,0.13284,0.042995,0.91893,0.8269,0.91556,0.23741,0.61928,0.013312,0.021602
