-2.1222e-011,5.8072e-010,3.0425e-009,-1.8714e-010,6.5307e-009,2.4195e-008,1.2867e-008,-1.418e-009,-9.087e-010,-1.3332e-009,-3.957e-009,1.7408e-008,-2.7454e-009,-1.3717e-009,5.4387e-009,-2.511e-008,2.2245e-009,3.2277e-009,2.0692e-008,1.7171e-010,2.0586e-009,1.8695e-009,-2.3094e-009,8.3057e-009
-7.1764e-010,1.6437e-008,8.4226e-008,-5.3451e-009,1.8402e-007,6.6951e-007,3.5541e-007,-4.0386e-008,-2.5084e-008,-3.6844e-008,-1.0982e-007,4.8282e-007,-7.5688e-008,-3.7551e-008,1.5127e-007,-6.9383e-007,6.1664e-008,9.1193e-008,5.722e-007,4.8838e-009,5.6724e-008,5.1406e-008,-6.4029e-008,2.2923e-007
-1.1318e-008,2.262e-007,1.1335e-006,-7.3871e-008,2.5249e-006,9.0072e-006,4.7719e-006,-5.6002e-007,-3.3649e-007,-4.9482e-007,-1.4821e-006,6.5121e-006,-1.0147e-006,-4.9924e-007,2.0464e-006,-9.3163e-006,8.3126e-007,1.2552e-006,7.6921e-006,6.7703e-008,7.5976e-007,6.8696e-007,-8.6277e-007,3.0746e-006
-1.1191e-007,2.0164e-006,9.8801e-006,-6.582e-007,2.2477e-005,7.8494e-005,4.149e-005,-5.0382e-006,-2.9221e-006,-4.3023e-006,-1.296e-005,5.6909e-005,-8.8144e-006,-4.2944e-006,1.7941e-005,-8.0978e-005,7.2606e-006,1.1217e-005,6.6969e-005,6.0957e-007,6.5902e-006,5.9438e-006,-7.5268e-006,2.6698e-005
-7.8318e-007,1.3086e-005,6.2687e-005,-4.2503e-006,0.00014596,0.00049802,0.00026254,-3.3059e-005,-1.8461e-005,-2.7217e-005,-8.2522e-005,0.0003622,-5.5775e-005,-2.6862e-005,0.00011456,-0.00051203,4.6186e-005,7.3174e-005,0.00042437,4.0075e-006,4.1608e-005,3.7422e-005,-4.7779e-005,0.00016865
-4.1393e-006,6.5874e-005,0.00030845,-2.1198e-005,0.00073687,0.0024511,0.001288,-0.00016861,-9.0384e-005,-0.00013346,-0.00040771,0.0017889,-0.00027398,-0.00013019,0.00056773,-0.0025088,0.000228,0.00037143,0.0020853,2.0504e-005,0.00020372,0.00018267,-0.00023509,0.0008257
-1.7169e-005,0.0002676,0.0012242,-8.4984e-005,0.0030095,0.0097348,0.0050958,-0.00069554,-0.00035662,-0.00052758,-0.0016258,0.0071337,-0.0010871,-0.00050859,0.0022716,-0.0099055,0.00090869,0.001527,0.0082651,8.4967e-005,0.00080464,0.000719,-0.00093258,0.0032581
-5.7159e-005,0.00090076,0.0040239,-0.00028141,0.010215,0.032034,0.01669,-0.0023839,-0.0011639,-0.0017261,-0.0053728,0.023587,-0.0035792,-0.0016445,0.007535,-0.032347,0.0030027,0.0052245,0.027125,0.00029299,0.0026323,0.0023431,-0.0030617,0.010635
-0.00015426,0.0025595,0.011155,-0.00078505,0.029369,0.088968,0.046081,-0.0069191,-0.0031989,-0.0047597,-0.01499,0.065884,-0.0099637,-0.0044848,0.021109,-0.088943,0.0083821,0.01517,0.075068,0.00085713,0.007265,0.0064387,-0.0084709,0.029241
-0.00033608,0.0062208,0.026413,-0.001873,0.072515,0.21127,0.10861,-0.017241,-0.007494,-0.011201,-0.035767,0.15757,-0.023771,-0.010455,0.050603,-0.20844,0.020031,0.037929,0.17741,0.0021579,0.017135,0.01511,-0.02,0.068551
-0.00057414,0.01305,0.053868,-0.0038689,0.15529,0.43281,0.22028,-0.037253,-0.015076,-0.022683,-0.073643,0.32574,-0.049053,-0.021038,0.10474,-0.41949,0.041362,0.082558,0.36102,0.0047261,0.034836,0.030542,-0.040629,0.1381
-0.00069413,0.023768,0.095066,-0.0069936,0.29038,0.76899,0.38608,-0.070281,-0.026125,-0.039696,-0.13155,0.58579,-0.088047,-0.036794,0.18823,-0.72751,0.074258,0.1578,0.6353,0.0090793,0.061365,0.053426,-0.071318,0.23998
-0.00031418,0.037677,0.14529,-0.01118,0.47606,1.1875,0.58472,-0.11628,-0.038909,-0.060038,-0.2043,0.91981,-0.13764,-0.056193,0.29441,-1.0858,0.11629,0.2667,0.96704,0.0154,0.093812,0.08096,-0.10821,0.35948
0.0010632,0.051961,0.19155,-0.015991,0.68526,1.5912,0.76097,-0.16906,-0.049299,-0.078062,-0.27542,1.263,-0.18648,-0.075176,0.40038,-1.3841,0.15896,0.40101,1.2668,0.023185,0.12421,0.10592,-0.14126,0.46141
0.003718,0.062092,0.21561,-0.020753,0.86479,1.8395,0.83898,-0.21602,-0.051783,-0.086037,-0.32037,1.516,-0.21515,-0.088315,0.47099,-1.4795,0.18933,0.53976,1.4093,0.031131,0.14151,0.11849,-0.1568,0.50014
0.0072544,0.063786,0.20281,-0.024851,0.95223,1.8125,0.75894,-0.24232,-0.042093,-0.077836,-0.31749,1.5897,-0.2007,-0.091399,0.47435,-1.2718,0.19576,0.65533,1.2918,0.037454,0.13708,0.11107,-0.14441,0.44429
0.010399,0.055716,0.15245,-0.027941,0.90662,1.4903,0.51932,-0.23873,-0.020151,-0.053128,-0.26189,1.461,-0.1238,-0.083888,0.40203,-0.78287,0.17532,0.72545,0.90501,0.040576,0.11105,0.083668,-0.10472,0.30292
0.011461,0.041117,0.082032,-0.029862,0.73563,0.98699,0.19241,-0.20891,0.0088999,-0.018922,-0.17223,1.1995,0.025494,-0.069216,0.28008,-0.17555,0.13734,0.74336,0.3624,0.039765,0.074662,0.045654,-0.052026,0.13198
0.0094322,0.026596,0.019764,-0.030315,0.49795,0.49962,-0.10833,-0.17056,0.036928,0.013538,-0.083074,0.93475,0.24586,-0.052422,0.15921,0.32508,0.099284,0.71781,-0.14598,0.035256,0.045371,0.011491,-0.0078624,0.0084723
0.0050526,0.018304,-0.011817,-0.028676,0.27333,0.19156,-0.29575,-0.14804,0.057281,0.035131,-0.025224,0.77539,0.52576,-0.036885,0.08659,0.5697,0.076146,0.66114,-0.45946,0.027802,0.036529,-0.0078466,0.011987,-0.016255
0.00085404,0.017963,-0.01015,-0.024301,0.11652,0.089931,-0.36476,-0.16009,0.068326,0.044074,-0.0073839,0.73743,0.84304,-0.02296,0.077508,0.5815,0.070516,0.57474,-0.54118,0.018089,0.048532,-0.011815,0.0080879,0.048481
-0.00020164,0.021833,0.0064475,-0.01726,0.027116,0.079005,-0.39052,-0.21027,0.073261,0.045919,-0.01311,0.73784,1.1611,-0.0095859,0.10811,0.52692,0.07118,0.44534,-0.48867,0.0066175,0.068411,-0.01015,-0.0029174,0.13874
0.0032617,0.023761,0.012881,-0.0089508,-0.041663,-2.17e-007,-0.46509,-0.28658,0.076308,0.048249,-0.015883,0.66408,1.4262,0.0029867,0.13555,0.5731,0.062053,0.2584,-0.44933,-0.0058184,0.078946,-0.015289,-0.0001782,0.18251
0.0098788,0.020065,-0.0042875,-0.0019572,-0.14105,-0.22024,-0.62044,-0.36968,0.078512,0.054378,-0.0001661,0.46566,1.5746,0.012404,0.12996,0.74596,0.034907,0.019324,-0.50683,-0.017649,0.070748,-0.033073,0.026634,0.15246
0.016284,0.012277,-0.038666,0.0010651,-0.28403,-0.51658,-0.80075,-0.44352,0.076792,0.061207,0.028866,0.19374,1.5542,0.016309,0.093264,0.91106,-0.0041431,-0.23594,-0.6295,-0.026762,0.048033,-0.058916,0.071056,0.083483
0.019336,0.0054223,-0.072142,-0.0010617,-0.43508,-0.75015,-0.90813,-0.50102,0.067013,0.062752,0.054297,-0.042697,1.3528,0.015043,0.051255,0.8962,-0.039549,-0.45343,-0.71815,-0.031579,0.023776,-0.08215,0.11627,0.041696
0.018199,0.0033573,-0.091364,-0.0070575,-0.53919,-0.82995,-0.88368,-0.5428,0.048275,0.055954,0.066058,-0.16419,1.0139,0.011783,0.028459,0.64745,-0.058428,-0.59057,-0.70519,-0.032175,0.0086281,-0.094479,0.14788,0.071388
0.01472,0.0053485,-0.097974,-0.01362,-0.56458,-0.78421,-0.75527,-0.57227,0.024648,0.043722,0.071908,-0.17683,0.62501,0.0096403,0.028688,0.27844,-0.059851,-0.64126,-0.61538,-0.030429,0.0028955,-0.095438,0.1619,0.16341
0.011905,0.0069766,-0.10443,-0.017264,-0.52386,-0.72277,-0.61251,-0.59213,0.002966,0.032898,0.091144,-0.15346,0.27923,0.008685,0.036812,-0.030712,-0.054092,-0.63718,-0.53818,-0.028906,-0.0021967,-0.090882,0.16259,0.26769
0.011715,0.0044792,-0.12063,-0.016486,-0.45796,-0.73128,-0.5328,-0.60382,-0.011277,0.029347,0.13735,-0.16453,0.032492,0.006123,0.036949,-0.19003,-0.053286,-0.62417,-0.54367,-0.029257,-0.01587,-0.086786,0.15435,0.33441
0.013812,-0.0015676,-0.14448,-0.012727,-0.3996,-0.79606,-0.52303,-0.60792,-0.016676,0.034381,0.20616,-0.22434,-0.11704,-0.0005168,0.028301,-0.2672,-0.061813,-0.63164,-0.62178,-0.031314,-0.039656,-0.084223,0.13688,0.34733
0.016055,-0.0067398,-0.16455,-0.009267,-0.34876,-0.82445,-0.52492,-0.6033,-0.015718,0.044907,0.27857,-0.29745,-0.21411,-0.010671,0.024277,-0.40665,-0.074077,-0.65739,-0.69742,-0.033468,-0.066396,-0.079564,0.10829,0.3248
0.016211,-0.007031,-0.17149,-0.0087119,-0.28017,-0.73583,-0.47403,-0.58597,-0.012679,0.056279,0.33631,-0.35072,-0.30814,-0.021461,0.037364,-0.67967,-0.080491,-0.67631,-0.70144,-0.033856,-0.086375,-0.068845,0.07179,0.29509
0.013578,-0.0029027,-0.16651,-0.01094,-0.17328,-0.53716,-0.35753,-0.55064,-0.011586,0.065062,0.37497,-0.39565,-0.41893,-0.030855,0.065071,-1.0064,-0.075691,-0.66271,-0.62969,-0.031427,-0.094754,-0.051856,0.037757,0.27211
0.0093953,0.00076718,-0.15943,-0.013172,-0.036751,-0.31814,-0.22206,-0.49555,-0.015154,0.069922,0.40431,-0.47974,-0.52818,-0.039322,0.089962,-1.2201,-0.06211,-0.60762,-0.53962,-0.026301,-0.094354,-0.032469,0.018146,0.25047
0.005914,-0.001022,-0.15893,-0.012179,0.094155,-0.1776,-0.1305,-0.42682,-0.024237,0.070963,0.43694,-0.63701,-0.59823,-0.0477,0.093342,-1.2112,-0.046873,-0.52027,-0.49531,-0.019453,-0.092593,-0.015547,0.018066,0.21698
0.0048755,-0.0086736,-0.16485,-0.0068869,0.18358,-0.15115,-0.11079,-0.35727,-0.037277,0.068875,0.4764,-0.84575,-0.60123,-0.053554,0.070393,-1.0181,-0.035737,-0.41738,-0.5153,-0.012162,-0.096097,-0.0035484,0.032745,0.16255
0.0065035,-0.017174,-0.16972,0.00073014,0.22082,-0.20004,-0.14112,-0.29898,-0.050317,0.064657,0.51488,-1.0335,-0.53856,-0.050739,0.034243,-0.78864,-0.029552,-0.3123,-0.56766,-0.005482,-0.10728,0.0044429,0.052696,0.084555
0.0095986,-0.020093,-0.16713,0.0072068,0.2237,-0.25969,-0.17845,-0.25509,-0.058593,0.05958,0.54087,-1.1251,-0.44097,-0.033938,0.0060451,-0.65209,-0.025632,-0.2123,-0.60764,0.0001494,-0.12435,0.011103,0.071945,-0.015788
0.012485,-0.015023,-0.15831,0.010324,0.21802,-0.29561,-0.19814,-0.21822,-0.059508,0.054844,0.54862,-1.0934,-0.35402,-0.0044049,-0.0012321,-0.62021,-0.021857,-0.12248,-0.61645,0.005059,-0.14337,0.018567,0.091472,-0.13139
0.014013,-0.0057746,-0.15063,0.010849,0.2121,-0.31806,-0.2079,-0.17755,-0.055019,0.050946,0.54098,-0.97196,-0.3187,0.029097,0.0062353,-0.59899,-0.019323,-0.04927,-0.60601,0.010093,-0.16018,0.027298,0.11517,-0.24304
0.013961,0.00059424,-0.14988,0.01193,0.18826,-0.35294,-0.22735,-0.12855,-0.051059,0.047371,0.5247,-0.82543,-0.35569,0.056187,0.0047239,-0.49015,-0.021211,0.00080325,-0.59315,0.01597,-0.17186,0.036501,0.14312,-0.31983
0.012779,-0.00062056,-0.1544,0.016666,0.11815,-0.40627,-0.258,-0.076511,-0.053629,0.043131,0.50392,-0.70587,-0.45759,0.072906,-0.033625,-0.28795,-0.029191,0.025251,-0.57542,0.022578,-0.17761,0.045149,0.16933,-0.3343
0.011098,-0.0082744,-0.15669,0.025736,-0.011464,-0.45768,-0.27364,-0.0304,-0.064097,0.037966,0.47827,-0.6303,-0.59198,0.084472,-0.12316,-0.091539,-0.040849,0.02765,-0.53491,0.028704,-0.17931,0.052583,0.18603,-0.28395
0.0094198,-0.016807,-0.15073,0.036852,-0.18262,-0.48276,-0.23933,0.0077675,-0.077443,0.033387,0.44633,-0.59131,-0.71673,0.09968,-0.25289,-0.032418,-0.050584,0.015536,-0.46425,0.032452,-0.18054,0.058397,0.1901,-0.19887
0.0080265,-0.021154,-0.13757,0.04637,-0.35154,-0.47583,-0.13979,0.048316,-0.085236,0.032556,0.40972,-0.58356,-0.80316,0.1215,-0.38758,-0.18268,-0.053384,-0.003511,-0.38605,0.032089,-0.1841,0.062024,0.18525,-0.12353
0.0069029,-0.020792,-0.12386,0.051798,-0.47054,-0.44906,0.0079649,0.10876,-0.081391,0.038614,0.37313,-0.6188,-0.8546,0.14224,-0.48214,-0.5112,-0.048454,-0.024137,-0.34368,0.02683,-0.18947,0.062635,0.17801,-0.084111
0.0055958,-0.019532,-0.11506,0.053393,-0.51153,-0.41261,0.16607,0.20161,-0.066346,0.052194,0.34037,-0.71543,-0.90543,0.14777,-0.50192,-0.90403,-0.039785,-0.043053,-0.36974,0.017101,-0.19251,0.059588,0.17164,-0.069541
0.0032205,-0.021528,-0.10991,0.05384,-0.47765,-0.36066,0.29813,0.3244,-0.046414,0.069843,0.31061,-0.87262,-0.99624,0.12743,-0.43762,-1.2175,-0.033304,-0.058381,-0.4595,0.0042266,-0.18817,0.053136,0.16387,-0.044869
-0.0011282,-0.027238,-0.10174,0.056443,-0.39889,-0.28004,0.38369,0.45906,-0.028901,0.084965,0.27916,-1.0525,-1.1388,0.081197,-0.30682,-1.3265,-0.032933,-0.070027,-0.57139,-0.01018,-0.17414,0.044805,0.15,0.013355
-0.0076615,-0.032969,-0.085021,0.063181,-0.31638,-0.17199,0.41805,0.58058,-0.016957,0.091242,0.24213,-1.1875,-1.2965,0.018566,-0.14252,-1.1544,-0.038613,-0.080083,-0.65255,-0.024739,-0.15251,0.036987,0.12803,0.091708
-0.015406,-0.034304,-0.0608,0.073756,-0.26368,-0.062327,0.40519,0.66871,-0.0081542,0.086392,0.20053,-1.2115,-1.3976,-0.048905,0.023031,-0.69431,-0.04756,-0.091298,-0.66729,-0.038383,-0.128,0.031804,0.10093,0.14853
-0.022473,-0.030232,-0.036021,0.085854,-0.25273,0.013503,0.35445,0.71581,0.0024453,0.073311,0.15967,-1.0936,-1.3763,-0.11413,0.16936,-0.022089,-0.057252,-0.10379,-0.60815,-0.04994,-0.10456,0.029872,0.07429,0.14872
-0.027073,-0.024229,-0.0175,0.096131,-0.27027,0.038577,0.28229,0.7281,0.017604,0.057432,0.12432,-0.8549,-1.2132,-0.17432,0.28896,0.71194,-0.067259,-0.11298,-0.48701,-0.05754,-0.083196,0.029857,0.051959,0.091737
-0.028601,-0.021354,-0.0064101,0.10141,-0.28678,0.02939,0.21157,0.72201,0.035501,0.042228,0.094212,-0.5553,-0.94647,-0.22547,0.38181,1.3268,-0.078171,-0.11143,-0.31991,-0.058397,-0.062679,0.029254,0.033778,0.0060382
-0.027932,-0.02394,0.001793,0.099879,-0.27477,0.022799,0.16269,0.71812,0.051217,0.026584,0.064249,-0.26314,-0.64648,-0.25838,0.44948,1.6788,-0.088673,-0.093865,-0.12,-0.049467,-0.041617,0.026002,0.01686,-0.083536
-0.026651,-0.029677,0.012393,0.092146,-0.22659,0.045882,0.14124,0.7346,0.060452,0.0063298,0.029157,-0.026129,-0.37404,-0.26193,0.49281,1.7171,-0.093841,-0.060961,0.098969,-0.028927,-0.019749,0.019867,-0.0012869,-0.18268
-0.025843,-0.03366,0.026439,0.08142,-0.16061,0.094857,0.13353,0.78029,0.062271,-0.021343,-0.01189,0.13916,-0.15184,-0.23223,0.51244,1.4906,-0.087047,-0.018629,0.31728,0.0022002,0.0024526,0.012575,-0.020857,-0.32154
-0.025438,-0.032508,0.040386,0.072295,-0.11064,0.14037,0.11679,0.84973,0.058997,-0.05445,-0.05519,0.23798,0.034226,-0.17953,0.50927,1.1063,-0.06483,0.026646,0.51108,0.039346,0.02456,0.0065658,-0.040386,-0.52112
-0.024673,-0.02694,0.050286,0.068295,-0.10488,0.15276,0.077634,0.92327,0.053873,-0.086852,-0.096843,0.28074,0.21214,-0.12519,0.48382,0.67051,-0.031005,0.07207,0.66172,0.075439,0.045888,0.0032436,-0.05876,-0.76476
-0.023198,-0.020782,0.05616,0.069649,-0.14877,0.12471,0.02425,0.97479,0.048723,-0.11252,-0.13695,0.27374,0.40058,-0.088829,0.43577,0.25342,0.0038607,0.1189,0.76519,0.10358,0.064355,0.00203,-0.076345,-1.0018
-0.021798,-0.017581,0.062307,0.07316,-0.22361,0.073147,-0.018275,0.9844,0.043265,-0.12994,-0.17921,0.22224,0.60043,-0.074859,0.36524,-0.10924,0.028181,0.16932,0.83394,0.12016,0.076356,0.00087162,-0.094169,-1.1792
-0.021968,-0.017952,0.07338,0.074624,-0.30065,0.022031,-0.026009,0.94887,0.036084,-0.14312,-0.22622,0.13885,0.79874,-0.069343,0.27506,-0.39542,0.036462,0.22323,0.88958,0.12645,0.078794,-0.002263,-0.112,-1.2721
-0.024647,-0.019781,0.090116,0.072148,-0.35928,-0.017063,0.0067181,0.88231,0.026006,-0.15869,-0.27546,0.046118,0.97313,-0.050732,0.17135,-0.58336,0.032271,0.27735,0.95109,0.12749,0.071995,-0.0081163,-0.12726,-1.2871
-0.029198,-0.020621,0.10879,0.067663,-0.39552,-0.050521,0.064356,0.80647,0.012771,-0.18129,-0.32044,-0.030761,1.092,-0.0068511,0.060961,-0.65573,0.024426,0.326,1.0247,0.12856,0.06063,-0.016033,-0.13584,-1.2418
-0.033593,-0.019762,0.12485,0.06522,-0.41665,-0.092707,0.12235,0.73744,-0.0031792,-0.2107,-0.35674,-0.075178,1.1179,0.054906,-0.052519,-0.61026,0.019289,0.36142,1.1001,0.13144,0.051066,-0.024888,-0.13463,-1.1475
-0.035755,-0.018177,0.13716,0.067367,-0.42923,-0.15167,0.16339,0.67889,-0.021182,-0.24204,-0.38711,-0.084926,1.0247,0.11193,-0.17066,-0.46117,0.015426,0.37365,1.1538,0.13327,0.046852,-0.034075,-0.12379,-1.0116
-0.035024,-0.016847,0.14885,0.072707,-0.43183,-0.22276,0.1847,0.62639,-0.040525,-0.26842,-0.42044,-0.069291,0.8223,0.14153,-0.29776,-0.2286,0.0051518,0.35202,1.1598,0.12903,0.046141,-0.043641,-0.10734,-0.85511
-0.032558,-0.015542,0.16384,0.076792,-0.41763,-0.29292,0.19251,0.57805,-0.060209,-0.28419,-0.46482,-0.042577,0.56783,0.13527,-0.43565,0.074319,-0.018333,0.29013,1.1032,0.11598,0.043571,-0.053569,-0.091387,-0.71937
-0.030363,-0.013356,0.18234,0.075648,-0.38254,-0.34937,0.19113,0.54129,-0.078627,-0.28714,-0.5206,-0.021094,0.34374,0.10274,-0.57958,0.44683,-0.054337,0.19173,0.99129,0.096496,0.035284,-0.063057,-0.080993,-0.64474
-0.029777,-0.01029,0.19951,0.068858,-0.33016,-0.38481,0.17771,0.52897,-0.093526,-0.27901,-0.57957,-0.024288,0.20875,0.064686,-0.71844,0.89821,-0.094286,0.072399,0.8537,0.077048,0.022868,-0.070584,-0.077784,-0.63505
-0.030663,-0.0079596,0.20878,0.059544,-0.26947,-0.39748,0.14691,0.54764,-0.1024,-0.26411,-0.63085,-0.073586,0.15711,0.042381,-0.83906,1.4426,-0.12781,-0.046305,0.7308,0.063742,0.012745,-0.074818,-0.079711,-0.6391
-0.031892,-0.0084407,0.20716,0.05133,-0.20859,-0.38936,0.10038,0.58803,-0.10319,-0.24665,-0.66801,-0.18345,0.12323,0.050457,-0.93142,2.091,-0.15003,-0.14728,0.65422,0.057978,0.01142,-0.075599,-0.083106,-0.57265
-0.03251,-0.012287,0.19805,0.045105,-0.15091,-0.36581,0.051612,0.62673,-0.095003,-0.22814,-0.69113,-0.34819,0.034694,0.094093,-0.99155,2.8362,-0.16383,-0.22536,0.63154,0.055654,0.020569,-0.074216,-0.085469,-0.37233
-0.032389,-0.017709,0.18892,0.038482,-0.0967,-0.33598,0.021288,0.63895,-0.078567,-0.20641,-0.70277,-0.53604,-0.12499,0.16759,-1.0211,3.6306,-0.17566,-0.28612,0.64482,0.05062,0.036047,-0.072792,-0.086867,-0.044715
-0.031788,-0.02186,0.18593,0.02838,-0.047592,-0.31079,0.026001,0.61299,-0.056112,-0.17741,-0.70312,-0.69918,-0.29512,0.25309,-1.0253,4.3723,-0.1888,-0.33726,0.6639,0.039695,0.051549,-0.073188,-0.088946,0.32671
-0.030459,-0.023095,0.18963,0.014299,-0.009062,-0.29803,0.068256,0.55575,-0.03076,-0.13888,-0.68997,-0.79608,-0.37697,0.32278,-1.0106,4.9208,-0.20011,-0.37997,0.6651,0.025329,0.063772,-0.075987,-0.092495,0.62583
-0.027537,-0.022123,0.19531,-0.00072087,0.011609,-0.29779,0.13398,0.48599,-0.0057204,-0.093092,-0.66411,-0.81102,-0.30218,0.34818,-0.98457,5.1474,-0.20274,-0.40728,0.64248,0.013833,0.074914,-0.079915,-0.095768,0.77213
-0.022586,-0.021038,0.19734,-0.012333,0.010415,-0.30252,0.19884,0.42213,0.016328,-0.046535,-0.63434,-0.75697,-0.076321,0.3143,-0.95501,4.9978,-0.19199,-0.41001,0.60502,0.010563,0.090735,-0.081995,-0.09527,0.768
-0.016776,-0.021245,0.19384,-0.018316,-0.0087205,-0.30247,0.24008,0.3747,0.033535,-0.0063388,-0.61547,-0.66119,0.23309,0.22972,-0.92888,4.5261,-0.16932,-0.38457,0.56356,0.015668,0.11594,-0.078636,-0.088655,0.69389
-0.01263,-0.022257,0.18789,-0.020233,-0.032601,-0.2918,0.24815,0.34818,0.045022,0.023916,-0.61917,-0.54651,0.54654,0.12395,-0.90959,3.8731,-0.14132,-0.33582,0.51873,0.023543,0.15046,-0.067532,-0.07746,0.65527
-0.012102,-0.022422,0.18445,-0.022027,-0.041719,-0.27058,0.23272,0.34786,0.051091,0.045776,-0.64435,-0.42294,0.81585,0.032024,-0.8952,3.1995,-0.11526,-0.27371,0.45929,0.026287,0.18917,-0.049454,-0.06729,0.7176
-0.014574,-0.020734,0.18595,-0.02692,-0.016763,-0.24156,0.21918,0.38312,0.053413,0.063802,-0.6757,-0.29324,1.0308,-0.023673,-0.87932,2.6176,-0.095165,-0.2073,0.37164,0.0187,0.22473,-0.02854,-0.064999,0.87159
-0.016899,-0.017909,0.1901,-0.035284,0.053532,-0.20611,0.23649,0.46276,0.054782,0.081715,-0.6922,-0.16337,1.1969,-0.041677,-0.85513,2.1638,-0.081165,-0.14146,0.2527,0.0014012,0.2515,-0.010319,-0.074814,1.0481
-0.015908,-0.015715,0.19176,-0.045028,0.16641,-0.16432,0.30189,0.58645,0.05817,0.10004,-0.67953,-0.045911,1.3133,-0.035047,-0.81982,1.8215,-0.071655,-0.077535,0.1163,-0.019848,0.26795,0.0016466,-0.096242,1.1669
-0.01132,-0.015237,0.18693,-0.053783,0.30401,-0.11961,0.41104,0.74025,0.065351,0.11691,-0.63691,0.046124,1.3713,-0.016786,-0.7761,1.569,-0.065526,-0.015701,-0.011317,-0.037897,0.27625,0.0080853,-0.12514,1.1818
-0.0062691,-0.015776,0.17562,-0.060815,0.43838,-0.082382,0.53971,0.90068,0.075848,0.13075,-0.57425,0.10706,1.3635,0.010939,-0.72906,1.4082,-0.062545,0.043585,-0.10331,-0.04842,0.2798,0.013275,-0.15672,1.0938
-0.0046402,-0.015423,0.16149,-0.067181,0.54086,-0.067319,0.65577,1.0442,0.086909,0.142,-0.5034,0.13876,1.286,0.056293,-0.68068,1.3574,-0.062422,0.098893,-0.14344,-0.051953,0.28036,0.021425,-0.18803,0.93039
-0.0074146,-0.012782,0.14874,-0.074381,0.59194,-0.084051,0.73381,1.1548,0.094562,0.15219,-0.43125,0.14303,1.1287,0.12844,-0.62706,1.42,-0.064437,0.14602,-0.13046,-0.052822,0.27668,0.032897,-0.21798,0.7149
-0.011403,-0.0082516,0.13908,-0.082905,0.58804,-0.12806,0.76382,1.2254,0.095187,0.16122,-0.35912,0.11533,0.87018,0.2283,-0.5614,1.5619,-0.068423,0.17525,-0.075495,-0.056134,0.26556,0.043399,-0.24555,0.45462
-0.011751,-0.0037233,0.13081,-0.091849,0.54256,-0.1798,0.75042,1.2548,0.08685,0.16586,-0.28633,0.048581,0.49169,0.34652,-0.48118,1.7185,-0.075811,0.17115,0.0036542,-0.065034,0.24459,0.046994,-0.26801,0.15372
-0.0061601,-0.0010323,0.12075,-0.099661,0.48084,-0.21414,0.7058,1.2449,0.069996,0.161,-0.21293,-0.05469,0.0037734,0.46828,-0.39339,1.8243,-0.088885,0.11852,0.08709,-0.079784,0.2145,0.040578,-0.28098,-0.16439
0.0029352,-0.00062863,0.1071,-0.10516,0.4302,-0.21391,0.64236,1.2008,0.047407,0.14327,-0.13906,-0.17355,-0.54147,0.57872,-0.31246,1.8388,-0.10824,0.012766,0.1559,-0.098651,0.17929,0.026209,-0.28014,-0.44875
0.010282,-0.0016243,0.091066,-0.1081,0.40794,-0.17818,0.56909,1.1304,0.023512,0.11394,-0.063181,-0.27383,-1.0688,0.66373,-0.25095,1.7492,-0.13075,-0.1324,0.19564,-0.11936,0.14387,0.0095604,-0.26353,-0.63667
0.012213,-0.0029679,0.076129,-0.10898,0.41247,-0.12043,0.49148,1.0423,0.0032036,0.078812,0.017294,-0.32593,-1.5159,0.7074,-0.20974,1.5522,-0.15043,-0.28754,0.20105,-0.13989,0.11125,-0.0039135,-0.23274,-0.68242
0.0096665,-0.004394,0.065357,-0.10864,0.42274,-0.059633,0.41294,0.94081,-0.0094016,0.045193,0.10242,-0.32171,-1.8557,0.69238,-0.17551,1.2357,-0.16199,-0.42085,0.1793,-0.15843,0.081526,-0.011751,-0.19256,-0.57783
0.0071562,-0.0061341,0.058935,-0.10776,0.40828,-0.011667,0.33618,0.82402,-0.011602,0.018116,0.1867,-0.27636,-2.0838,0.60725,-0.12816,0.77993,-0.1642,-0.51364,0.14773,-0.17309,0.053571,-0.014193,-0.14944,-0.35247
0.008604,-0.0078327,0.053826,-0.10666,0.34564,0.013721,0.26445,0.68893,-0.0017334,-0.0013884,0.26016,-0.21372,-2.1907,0.4574,-0.053485,0.17983,-0.16003,-0.56732,0.1249,-0.18216,0.027603,-0.01191,-0.10952,-0.057266
0.013759,-0.0081197,0.046022,-0.10528,0.23154,0.011511,0.20254,0.5401,0.021822,-0.015169,0.31342,-0.14775,-2.1515,0.26952,0.047883,-0.53226,-0.15358,-0.59721,0.11979,-0.18477,0.0057718,-0.0045703,-0.077051,0.25423
0.018408,-0.0056943,0.033722,-0.10339,0.083594,-0.020172,0.15681,0.39384,0.06109,-0.025303,0.34288,-0.076766,-1.9505,0.082659,0.16087,-1.2844,-0.14671,-0.61911,0.12666,-0.18138,-0.010237,0.0080629,-0.053513,0.53643
0.018238,-0.0010647,0.018852,-0.10112,-0.072538,-0.079225,0.13363,0.27159,0.11741,-0.032119,0.35223,0.0049658,-1.6181,-0.070655,0.2644,-1.9911,-0.13842,-0.63897,0.12989,-0.17365,-0.022373,0.023736,-0.037566,0.75469
0.012943,0.0029448,0.0054819,-0.099266,-0.22013,-0.15798,0.13688,0.18538,0.18896,-0.034171,0.35034,0.089898,-1.2388,-0.18016,0.34129,-2.5915,-0.12692,-0.65189,0.11568,-0.16363,-0.03651,0.036945,-0.025676,0.88662
0.0069126,0.0029218,-0.0037289,-0.099095,-0.35913,-0.24419,0.16645,0.12696,0.2684,-0.029746,0.34814,0.15246,-0.91186,-0.25835,0.38337,-3.0756,-0.11188,-0.64803,0.081965,-0.15309,-0.058361,0.04147,-0.013264,0.92462
0.005769,-0.0022879,-0.010014,-0.10137,-0.49812,-0.32539,0.21861,0.071255,0.34255,-0.018472,0.35655,0.16441,-0.69499,-0.32571,0.39062,-3.4782,-0.094649,-0.61896,0.038973,-0.14308,-0.0878,0.034721,0.0037737,0.87604
0.011653,-0.01007,-0.017569,-0.10526,-0.63738,-0.39353,0.28684,-0.0066234,0.39509,-0.0017808,0.38464,0.1186,-0.57714,-0.39325,0.36761,-3.8447,-0.076552,-0.56019,-3.8879e-005,-0.13408,-0.11674,0.020359,0.027377,0.75748
0.021304,-0.015456,-0.029768,-0.10806,-0.7582,-0.4463,0.36096,-0.11355,0.41164,0.018041,0.43628,0.039455,-0.50291,-0.45665,0.3212,-4.1885,-0.057755,-0.47152,-0.030733,-0.12625,-0.13348,0.006649,0.056015,0.58568
0.028583,-0.014628,-0.045775,-0.10653,-0.8292,-0.48458,0.42466,-0.23422,0.38529,0.039398,0.50625,-0.032346,-0.42389,-0.50511,0.26068,-4.4673,-0.038036,-0.35851,-0.06315,-0.11953,-0.13092,0.0013757,0.084671,0.37292
0.029273,-0.0078046,-0.060732,-0.099121,-0.82591,-0.50916,0.45572,-0.34373,0.32011,0.062273,0.57988,-0.071173,-0.32968,-0.53468,0.19789,-4.5935,-0.018349,-0.2346,-0.11621,-0.11354,-0.11231,0.0069926,0.10674,0.13101
0.02409,0.00080057,-0.069596,-0.087541,-0.74804,-0.5198,0.43291,-0.42578,0.23091,0.087641,0.63948,-0.088597,-0.23541,-0.5521,0.1449,-4.4788,-0.00082143,-0.11919,-0.20465,-0.10741,-0.089395,0.019509,0.1173,-0.1211
0.017522,0.0059796,-0.071359,-0.076079,-0.62056,-0.5171,0.34863,-0.48127,0.13852,0.11569,0.67481,-0.12634,-0.1464,-0.56551,0.10963,-4.0902,0.013489,-0.028805,-0.32716,-0.099687,-0.074104,0.031736,0.11607,-0.35649
0.013807,0.0051448,-0.069917,-0.06883,-0.47841,-0.50443,0.21857,-0.52167,0.062236,0.14433,0.68993,-0.22266,-0.041253,-0.57197,0.092815,-3.4888,0.026904,0.034576,-0.46388,-0.088758,-0.070329,0.038236,0.10786,-0.55079
0.013773,-0.00018333,-0.070818,-0.066824,-0.34832,-0.48729,0.07863,-0.55646,0.012519,0.16938,0.69974,-0.37623,0.10741,-0.55563,0.089768,-2.8271,0.04463,0.088366,-0.58543,-0.073686,-0.072359,0.03836,0.10021,-0.69625
0.015172,-0.0059907,-0.076944,-0.067511,-0.24229,-0.47052,-0.032564,-0.58826,-0.012024,0.18687,0.71772,-0.53452,0.29605,-0.50053,0.09692,-2.2975,0.070933,0.16056,-0.66832,-0.055154,-0.070973,0.035573,0.099545,-0.80586
0.015734,-0.0089956,-0.087025,-0.067182,-0.16512,-0.45562,-0.095251,-0.62015,-0.021778,0.19552,0.74432,-0.61682,0.47686,-0.40748,0.1183,-2.051,0.10486,0.27111,-0.70667,-0.035744,-0.061662,0.034198,0.10835,-0.90102
0.015673,-0.0088556,-0.098105,-0.064382,-0.12522,-0.44068,-0.11877,-0.66532,-0.028996,0.19749,0.76573,-0.55863,0.5855,-0.29925,0.16613,-2.125,0.13933,0.41666,-0.71207,-0.019067,-0.047874,0.036326,0.12486,-0.99138
0.017085,-0.007766,-0.10915,-0.061283,-0.13519,-0.42298,-0.1325,-0.74534,-0.040862,0.19642,0.76439,-0.35113,0.58753,-0.20754,0.25335,-2.4203,0.16484,0.57056,-0.70114,-0.0080365,-0.03689,0.040959,0.14465,-1.0643
0.020969,-0.0081098,-0.12198,-0.061652,-0.20019,-0.40189,-0.16411,-0.87413,-0.056899,0.19454,0.73221,-0.053143,0.50315,-0.1514,0.38224,-2.7449,0.17544,0.69892,-0.67939,-0.003409,-0.032667,0.04537,0.16251,-1.0951
0.025125,-0.010335,-0.13849,-0.067066,-0.30472,-0.38013,-0.22085,-1.04,-0.07172,0.19111,0.67544,0.23097,0.3894,-0.12518,0.53749,-2.9042,0.17237,0.78028,-0.63446,-0.0036812,-0.032633,0.047081,0.1736,-1.0709
0.025446,-0.0128,-0.15698,-0.074652,-0.41185,-0.36201,-0.28643,-1.2032,-0.08051,0.18328,0.60756,0.39627,0.2976,-0.10618,0.68989,-2.7877,0.16293,0.81386,-0.54592,-0.0064689,-0.031518,0.044856,0.17412,-1.01
0.019721,-0.01344,-0.17158,-0.078486,-0.47865,-0.34972,-0.33304,-1.3148,-0.083255,0.16798,0.53712,0.3827,0.24354,-0.075762,0.80964,-2.4058,0.15529,0.81111,-0.40568,-0.010278,-0.02852,0.038387,0.16235,-0.95882
0.010348,-0.011567,-0.17598,-0.073704,-0.47793,-0.34021,-0.33843,-1.3447,-0.085222,0.14293,0.46187,0.19856,0.21167,-0.035748,0.88084,-1.8612,0.15331,0.77953,-0.2332,-0.015254,-0.030644,0.027545,0.14003,-0.96677
0.00307,-0.0082072,-0.16837,-0.060158,-0.4113,-0.32532,-0.29698,-1.2985,-0.09393,0.10652,0.37377,-0.088794,0.18155,-0.0064983,0.90732,-1.2829,0.15484,0.71389,-0.070988,-0.022407,-0.048336,0.012263,0.11301,-1.0563
0.0025201,-0.0049138,-0.15346,-0.042827,-0.30545,-0.29651,-0.22108,-1.2116,-0.11475,0.058231,0.26958,-0.38781,0.14723,-0.0086523,0.90618,-0.76907,0.15432,0.60302,0.039562,-0.032136,-0.086626,-0.0068064,0.090071,-1.2086
0.0084611,-0.0024151,-0.13963,-0.028722,-0.19636,-0.2519,-0.13543,-1.1245,-0.14748,0.00073259,0.15655,-0.62216,0.11334,-0.044655,0.89391,-0.36932,0.14743,0.44591,0.085556,-0.043454,-0.13945,-0.027687,0.079911,-1.3738
0.016087,-0.00042016,-0.13338,-0.022588,-0.11306,-0.20056,-0.068451,-1.0604,-0.18541,-0.057976,0.047852,-0.75341,0.078876,-0.095488,0.87549,-0.10308,0.13416,0.26211,0.092246,-0.054595,-0.19249,-0.047472,0.087487,-1.4998
0.02007,0.0014182,-0.13546,-0.024343,-0.069681,-0.15938,-0.042671,-1.0169,-0.21738,-0.10554,-0.047927,-0.77965,0.030937,-0.13418,0.84424,0.01778,0.11847,0.085606,0.10618,-0.06438,-0.23263,-0.063731,0.11125,-1.5589
0.018693,0.0026009,-0.14143,-0.029738,-0.066282,-0.1427,-0.065744,-0.97598,-0.23233,-0.13079,-0.13359,-0.71975,-0.043516,-0.14328,0.79131,-0.012034,0.1054,-0.054811,0.16322,-0.072939,-0.25651,-0.075832,0.14251,-1.5591
0.014577,0.0020439,-0.1456,-0.033452,-0.093044,-0.15142,-0.12588,-0.92093,-0.22475,-0.13075,-0.22,-0.59905,-0.14226,-0.12141,0.71652,-0.16988,0.098214,-0.15402,0.26454,-0.08096,-0.27149,-0.084978,0.16759,-1.5333
0.011831,-0.00068089,-0.14525,-0.032421,-0.1337,-0.17035,-0.19606,-0.84787,-0.1982,-0.11376,-0.31557,-0.4443,-0.24753,-0.075862,0.63098,-0.38442,0.097648,-0.23315,0.37761,-0.08796,-0.28863,-0.092835,0.17285,-1.5179
0.012614,-0.0044225,-0.14194,-0.027366,-0.16848,-0.17734,-0.24718,-0.76674,-0.16463,-0.095218,-0.41733,-0.28334,-0.34212,-0.011339,0.54891,-0.53974,0.10326,-0.32348,0.46005,-0.091105,-0.31372,-0.099938,0.15108,-1.5332
0.016124,-0.0069279,-0.13944,-0.021829,-0.17946,-0.15839,-0.26337,-0.69489,-0.13883,-0.088668,-0.51128,-0.14127,-0.42341,0.07238,0.47545,-0.50894,0.11509,-0.44251,0.4881,-0.085945,-0.34343,-0.10534,0.10625,-1.5758
0.020233,-0.0064524,-0.14046,-0.019558,-0.15879,-0.11725,-0.24952,-0.64989,-0.13056,-0.098371,-0.58155,-0.032633,-0.4982,0.17197,0.4014,-0.20034,0.13413,-0.57878,0.46957,-0.068992,-0.36851,-0.10771,0.052957,-1.626
0.023512,-0.0031061,-0.14459,-0.021978,-0.11526,-0.072234,-0.22601,-0.64509,-0.13879,-0.11865,-0.62142,0.043105,-0.56193,0.27214,0.31085,0.40777,0.16125,-0.69523,0.43474,-0.040576,-0.38049,-0.10667,0.0093944,-1.6596
0.02555,0.0012602,-0.14886,-0.027253,-0.072986,-0.042932,-0.21499,-0.68746,-0.15169,-0.13945,-0.6378,0.096708,-0.58409,0.3496,0.19684,1.2577,0.19586,-0.74853,0.41448,-0.0058863,-0.37635,-0.10299,-0.012732,-1.6555
0.025898,0.0045033,-0.15001,-0.031467,-0.059604,-0.037682,-0.22838,-0.77631,-0.15258,-0.15303,-0.64611,0.139,-0.51796,0.38948,0.071858,2.2274,0.23543,-0.71106,0.4224,0.026806,-0.35835,-0.097589,-0.015,-1.5948
0.023613,0.0056917,-0.14672,-0.031108,-0.089298,-0.05099,-0.26521,-0.90269,-0.12832,-0.15679,-0.65927,0.17548,-0.33123,0.40027,-0.036981,3.161,0.27593,-0.58233,0.45128,0.049856,-0.33094,-0.090545,-0.010709,-1.4578
0.018479,0.0054574,-0.14025,-0.025285,-0.15129,-0.070909,-0.31692,-1.0509,-0.075357,-0.15132,-0.67857,0.21074,-0.035587,0.41186,-0.10641,3.9049,0.31266,-0.3847,0.48215,0.059619,-0.29798,-0.081383,-0.015878,-1.227
0.012552,0.0050955,-0.13336,-0.016287,-0.21295,-0.088336,-0.37343,-1.2027,-0.00029085,-0.13714,-0.6923,0.25638,0.30528,0.45475,-0.13477,4.3454,0.34085,-0.14945,0.49632,0.05743,-0.26224,-0.070365,-0.039434,-0.89966
0.0096971,0.0053468,-0.12861,-0.008172,-0.23751,-0.10036,-0.42465,-1.3426,0.084405,-0.11377,-0.68318,0.33165,0.59457,0.53588,-0.1435,4.4369,0.35633,0.095454,0.48211,0.047792,-0.22611,-0.059241,-0.079736,-0.49983
0.012659,0.005873,-0.12706,-0.004291,-0.20619,-0.10692,-0.45881,-1.4608,0.16637,-0.081707,-0.63937,0.45422,0.73843,0.63049,-0.15939,4.2137,0.35673,0.32823,0.43528,0.035346,-0.19145,-0.050363,-0.12921,-0.07607
0.020115,0.0056814,-0.12799,-0.0053001,-0.13037,-0.10632,-0.4638,-1.553,0.23769,-0.044696,-0.56167,0.62937,0.68438,0.69691,-0.19089,3.775,0.34294,0.5291,0.35779,0.022882,-0.15835,-0.044805,-0.18202,0.31813
0.026909,0.0040025,-0.12949,-0.0088603,-0.045714,-0.09446,-0.43371,-1.6184,0.29578,-0.009123,-0.46225,0.84808,0.44828,0.70278,-0.21829,3.2462,0.31997,0.67822,0.25836,0.011529,-0.1243,-0.041299,-0.23761,0.64977
0.027935,0.00094535,-0.12942,-0.011173,0.0080088,-0.067138,-0.37606,-1.658,0.34096,0.019359,-0.3563,1.094,0.11717,0.64317,-0.20724,2.7293,0.29581,0.76262,0.15364,0.0023173,-0.085496,-0.037136,-0.29719,0.91703
0.022472,-0.0024189,-0.12637,-0.0093673,0.0083097,-0.021051,-0.31132,-1.6754,0.3722,0.039222,-0.25322,1.3494,-0.18098,0.53951,-0.13588,2.2687,0.27851,0.78888,0.064773,-0.0028476,-0.039857,-0.030269,-0.35717,1.1358
0.014887,-0.0045303,-0.12022,-0.0032159,-0.039981,0.048354,-0.26216,-1.6775,0.38335,0.053321,-0.15374,1.5915,-0.33527,0.42381,-0.014615,1.8479,0.27282,0.7893,0.007882,-0.0019495,0.010758,-0.020667,-0.40654,1.313
0.010778,-0.0041461,-0.11223,0.0049254,-0.10971,0.14872,-0.23888,-1.6744,0.36279,0.065653,-0.05458,1.7857,-0.3121,0.32135,0.11656,1.4212,0.27826,0.81107,-0.01687,0.0054071,0.0613,-0.0097208,-0.43177,1.4322
0.011985,-0.0011219,-0.10433,0.011915,-0.16497,0.28725,-0.23259,-1.6759,0.29853,0.077437,0.044344,1.8897,-0.18002,0.24216,0.21017,0.96175,0.28999,0.8914,-0.028382,0.017241,0.10687,0.0015626,-0.42619,1.4643
0.015114,0.003291,-0.097928,0.0161,-0.17313,0.46196,-0.22209,-1.6866,0.18759,0.085924,0.13682,1.8772,-0.07642,0.18178,0.23492,0.49535,0.30178,1.035,-0.054882,0.030486,0.14572,0.013706,-0.39654,1.3968
0.014939,0.0069733,-0.09291,0.018412,-0.11015,0.6541,-0.18986,-1.7024,0.044294,0.086986,0.2141,1.7665,-0.1291,0.12673,0.18433,0.097402,0.30932,1.2122,-0.11615,0.043314,0.17916,0.028093,-0.36183,1.2531
0.0093567,0.0081374,-0.087503,0.021495,0.037883,0.83,-0.13514,-1.7124,-0.099686,0.079122,0.27161,1.6289,-0.37826,0.06115,0.068297,-0.15083,0.31218,1.3809,-0.21027,0.056319,0.20867,0.045182,-0.3447,1.0831
0.0011292,0.0064549,-0.079317,0.027535,0.27004,0.95318,-0.07498,-1.7052,-0.2066,0.065338,0.31198,1.558,-0.74725,-0.025832,-0.099898,-0.22117,0.3134,1.5146,-0.31548,0.071428,0.23319,0.063433,-0.36075,0.93021
-0.0050825,0.0032537,-0.067038,0.036531,0.5607,0.9999,-0.033706,-1.6776,-0.25053,0.051295,0.34134,1.615,-1.0793,-0.13293,-0.30757,-0.17279,0.31709,1.6149,-0.40658,0.089653,0.24956,0.080057,-0.41105,0.80306
-0.007192,0.00056074,-0.051682,0.046329,0.85251,0.96793,-0.029128,-1.6396,-0.23075,0.041401,0.36208,1.7856,-1.2163,-0.24396,-0.53587,-0.13204,0.3253,1.6957,-0.47375,0.10993,0.25586,0.092895,-0.48079,0.67672
-0.0071279,-0.00030281,-0.036428,0.054273,1.0656,0.87435,-0.064179,-1.6117,-0.17104,0.036173,0.36908,1.9822,-1.0724,-0.33405,-0.7532,-0.22246,0.33605,1.7563,-0.52907,0.13014,0.25412,0.10162,-0.54389,0.52438
-0.0080137,0.000528,-0.024969,0.058972,1.1289,0.74608,-0.12673,-1.613,-0.10458,0.032785,0.3533,2.0936,-0.66555,-0.38333,-0.92047,-0.48829,0.34368,1.7687,-0.59573,0.14903,0.24943,0.10709,-0.57173,0.35348
-0.010348,0.0019093,-0.019366,0.060725,1.0203,0.61058,-0.19494,-1.6478,-0.054503,0.027813,0.30978,2.0489,-0.096412,-0.3894,-1.0081,-0.86686,0.34178,1.6944,-0.68839,0.16709,0.24555,0.10968,-0.54337,0.21544
-0.011392,0.0028442,-0.018847,0.060497,0.78886,0.49076,-0.24462,-1.7,-0.023148,0.01962,0.24342,1.8502,0.5046,-0.36891,-1.0118,-1.236,0.32702,1.5201,-0.79998,0.18523,0.24112,0.10834,-0.45318,0.17828
-0.0084475,0.0032986,-0.020376,0.058718,0.53418,0.40256,-0.2575,-1.7401,0.0038416,0.0087724,0.16748,1.5589,1.0309,-0.34693,-0.95326,-1.5074,0.30141,1.2793,-0.9051,0.20283,0.23033,0.10166,-0.31181,0.28007
-0.0024266,0.0040327,-0.020597,0.055237,0.3508,0.35195,-0.22906,-1.744,0.043091,-0.0029033,0.09662,1.2497,1.4262,-0.34292,-0.86455,-1.6973,0.27117,1.0387,-0.97731,0.21717,0.20767,0.090034,-0.13959,0.49629
0.002258,0.0057391,-0.017758,0.050415,0.27106,0.33229,-0.17245,-1.7078,0.099735,-0.013182,0.040182,0.97029,1.6775,-0.36465,-0.76965,-1.9178,0.24255,0.85614,-1.0071,0.22479,0.17304,0.076673,0.043577,0.74483
0.001645,0.0083417,-0.012309,0.046023,0.25021,0.32655,-0.11313,-1.6495,0.16272,-0.019819,0.0010248,0.73129,1.7869,-0.41299,-0.67831,-2.2915,0.21745,0.74256,-1.0073,0.22353,0.13262,0.066116,0.22449,0.92732
-0.0039327,0.011038,-0.0059048,0.044623,0.20765,0.31776,-0.074182,-1.5926,0.20969,-0.02147,-0.020863,0.52218,1.7527,-0.48942,-0.59514,-2.8518,0.19207,0.65972,-1.0034,0.21338,0.094996,0.061169,0.39478,0.98153
-0.010049,0.012935,0.00026259,0.047671,0.095313,0.30323,-0.060706,-1.5465,0.21613,-0.0197,-0.024812,0.33311,1.5755,-0.59556,-0.53092,-3.5046,0.15964,0.55486,-1.0152,0.19536,0.066026,0.060962,0.54388,0.91236
-0.012286,0.013678,0.0064838,0.05409,-0.059357,0.30199,-0.056243,-1.4976,0.16349,-0.020569,-0.010098,0.16573,1.2839,-0.72277,-0.50041,-4.0811,0.11556,0.40409,-1.045,0.17027,0.046581,0.061988,0.65523,0.78241
-0.010181,0.013638,0.014245,0.06091,-0.17013,0.34686,-0.036577,-1.4216,0.045199,-0.033074,0.020218,0.032118,0.94877,-0.84252,-0.50476,-4.438,0.061103,0.22968,-1.0774,0.13856,0.03419,0.061358,0.71174,0.66869
-0.007188,0.013675,0.025032,0.065673,-0.15586,0.46354,0.0084969,-1.3065,-0.12892,-0.063666,0.057222,-0.05066,0.66288,-0.91019,-0.5144,-4.5327,0.0030622,0.079832,-1.0901,0.10174,0.026329,0.059384,0.70748,0.61448
-0.0069182,0.014731,0.039208,0.068445,-0.0017353,0.65014,0.064006,-1.1683,-0.33089,-0.11011,0.089578,-0.066596,0.49069,-0.88527,-0.47296,-4.4234,-0.050099,-0.0092217,-1.0662,0.063622,0.022285,0.059063,0.65525,0.60926
-0.0095819,0.01738,0.055664,0.071336,0.22871,0.8729,0.10065,-1.0444,-0.51945,-0.16015,0.11051,-0.0098897,0.42973,-0.75536,-0.32692,-4.2062,-0.092697,-0.036815,-0.99904,0.029726,0.022709,0.062816,0.58146,0.61042
-0.012152,0.021392,0.072248,0.075736,0.4377,1.0823,0.099832,-0.96998,-0.65357,-0.1977,0.12201,0.10383,0.42143,-0.54615,-0.062741,-3.9464,-0.12365,-0.030762,-0.89032,0.0050873,0.028313,0.0694,0.51066,0.58956
-0.011865,0.02549,0.086512,0.079871,0.55665,1.2386,0.070959,-0.95331,-0.71005,-0.21295,0.13154,0.23407,0.40996,-0.30864,0.27667,-3.6518,-0.14487,-0.020817,-0.74472,-0.0078667,0.039356,0.073922,0.45162,0.56601
-0.0093128,0.027724,0.096445,0.079404,0.58059,1.3285,0.044358,-0.97065,-0.69503,-0.20864,0.14321,0.33003,0.40171,-0.091552,0.61139,-3.298,-0.15819,-0.018054,-0.56903,-0.0095926,0.055965,0.071217,0.39696,0.59793
-0.0079226,0.026624,0.10113,0.071171,0.55296,1.3621,0.044928,-0.98259,-0.64044,-0.19664,0.15093,0.35892,0.46987,0.082181,0.86796,-2.8731,-0.16349,-0.015897,-0.37571,-0.0019385,0.078081,0.059854,0.33643,0.7345
-0.010387,0.022511,0.10125,0.056948,0.5211,1.3543,0.069992,-0.9583,-0.58627,-0.18712,0.14026,0.32716,0.69152,0.21981,1.0171,-2.4041,-0.15934,-0.0067385,-0.1859,0.013386,0.10437,0.04337,0.27207,0.96607
-0.015696,0.017826,0.099104,0.043523,0.50298,1.3104,0.092112,-0.8887,-0.5591,-0.17928,0.097834,0.2746,1.0644,0.34336,1.0804,-1.9495,-0.14527,0.0047868,-0.025838,0.034764,0.1311,0.02761,0.22132,1.2146
-0.019796,0.015726,0.097582,0.038256,0.48971,1.2261,0.085067,-0.78125,-0.55991,-0.16187,0.020618,0.24323,1.4738,0.46744,1.1049,-1.5701,-0.12346,0.004273,0.083739,0.059258,0.15255,0.016345,0.20445,1.3772
-0.019262,0.017702,0.098445,0.043346,0.47384,1.1033,0.049335,-0.64511,-0.56737,-0.12324,-0.082761,0.24531,1.7436,0.58625,1.128,-1.3039,-0.098543,-0.018882,0.13871,0.081729,0.16347,0.0087247,0.22697,1.3916
-0.014416,0.022118,0.10089,0.053635,0.47154,0.96333,0.013243,-0.4822,-0.5525,-0.062311,-0.19909,0.25753,1.7396,0.67761,1.1577,-1.1594,-0.075826,-0.06163,0.1541,0.096155,0.1621,0.0004989,0.27238,1.2747
-0.0089079,0.025218,0.10182,0.060109,0.516,0.84473,0.0080625,-0.29148,-0.4946,0.0096459,-0.31876,0.24398,1.4488,0.71883,1.1803,-1.127,-0.059168,-0.11056,0.15471,0.098702,0.15128,-0.012196,0.31217,1.1046
-0.0062622,0.024107,0.098098,0.056521,0.62839,0.78359,0.039575,-0.079581,-0.3901,0.077893,-0.43731,0.18514,0.97888,0.70194,1.1814,-1.1945,-0.049838,-0.1538,0.15958,0.090121,0.13702,-0.029609,0.32513,0.96169
-0.0067584,0.019287,0.089229,0.04386,0.79444,0.79177,0.082063,0.13511,-0.25201,0.13574,-0.5498,0.086633,0.48309,0.63756,1.1627,-1.3542,-0.046688,-0.18925,0.17106,0.075078,0.12533,-0.048046,0.31026,0.87623
-0.0075387,0.014422,0.07827,0.029122,0.96889,0.85047,0.10008,0.33053,-0.10298,0.18799,-0.6453,-0.036108,0.069727,0.54643,1.1396,-1.5985,-0.047288,-0.22192,0.17631,0.05849,0.11976,-0.062256,0.28313,0.82068
-0.0056503,0.013279,0.069877,0.019614,1.104,0.92387,0.07789,0.49402,0.033697,0.24313,-0.70936,-0.17659,-0.24015,0.44627,1.127,-1.9093,-0.049376,-0.25488,0.15944,0.0417,0.12083,-0.068392,0.25986,0.74692
-0.00098922,0.016436,0.066831,0.01753,1.1768,0.98158,0.030057,0.62821,0.14138,0.3017,-0.73427,-0.33689,-0.48933,0.34376,1.1271,-2.2526,-0.051979,-0.2842,0.11499,0.021909,0.12707,-0.065581,0.24286,0.63167
0.0035835,0.020701,0.06791,0.019026,1.1939,1.0127,-0.015399,0.74473,0.21339,0.35186,-0.72808,-0.50773,-0.72924,0.23629,1.1289,-2.5825,-0.055672,-0.30298,0.053044,-0.0041948,0.13608,-0.05567,0.22001,0.49159
0.0048554,0.021894,0.068975,0.01801,1.173,1.0239,-0.044306,0.85264,0.25188,0.37669,-0.71243,-0.65203,-0.98177,0.12033,1.1175,-2.8524,-0.061723,-0.30926,-0.0067386,-0.035374,0.14494,-0.042045,0.17619,0.35976
0.0020246,0.018578,0.066397,0.011149,1.1242,1.0268,-0.0685,0.95315,0.2636,0.36687,-0.70842,-0.71492,-1.239,-0.00084392,1.084,-3.0238,-0.070533,-0.30884,-0.046956,-0.063863,0.15032,-0.028386,0.10584,0.25019
-0.0028113,0.013439,0.059884,8.3665e-005,1.0487,1.0281,-0.1125,1.0444,0.25599,0.32757,-0.72079,-0.65852,-1.4825,-0.1152,1.0279,-3.067,-0.080425,-0.30928,-0.061641,-0.078945,0.14928,-0.017489,0.015475,0.14551
-0.0065211,0.011023,0.052283,-0.010378,0.95372,1.028,-0.18871,1.1297,0.23629,0.27392,-0.73364,-0.49435,-1.6921,-0.20566,0.95317,-2.9562,-0.087879,-0.31124,-0.057297,-0.074083,0.14084,-0.010102,-0.084178,0.018792
-0.0071874,0.013823,0.046711,-0.016027,0.86314,1.0244,-0.28534,1.2195,0.21361,0.21957,-0.72212,-0.28425,-1.8358,-0.25612,0.86481,-2.669,-0.089377,-0.30608,-0.046499,-0.052242,0.12734,-0.0043266,-0.18672,-0.13283
-0.0048728,0.020083,0.043714,-0.015903,0.80969,1.0135,-0.37798,1.324,0.19999,0.16876,-0.67151,-0.10566,-1.8623,-0.25664,0.76875,-2.1957,-0.083716,-0.28293,-0.03914,-0.024949,0.11373,0.0034757,-0.29005,-0.27697
-0.0008139,0.025203,0.041055,-0.012243,0.81163,0.98828,-0.45285,1.4443,0.20674,0.11779,-0.5887,-0.0065911,-1.7213,-0.20693,0.67257,-1.5565,-0.073083,-0.23885,-0.036721,-0.0053275,0.10497,0.016165,-0.38788,-0.37092
0.0036674,0.025425,0.036173,-0.0084542,0.85656,0.93669,-0.5187,1.5722,0.23637,0.06296,-0.49765,0.016311,-1.407,-0.11825,0.58317,-0.81277,-0.06203,-0.18297,-0.032333,-9.4992e-005,0.10302,0.033167,-0.4628,-0.40228
0.0075291,0.020693,0.028925,-0.0069445,0.90925,0.84814,-0.59589,1.6976,0.27617,0.0062483,-0.42289,0.0034034,-0.98759,-0.01267,0.50127,-0.060875,-0.055071,-0.13102,-0.015718,-0.006455,0.10576,0.049896,-0.49026,-0.40761
0.0099005,0.014418,0.022001,-0.0080977,0.93852,0.72262,-0.69293,1.8181,0.30034,-0.046395,-0.37461,-0.0023614,-0.58547,0.081896,0.4185,0.59142,-0.054657,-0.095481,0.019474,-0.015932,0.10867,0.060206,-0.45322,-0.44847
0.010303,0.010621,0.018594,-0.010538,0.94095,0.57442,-0.79283,1.9384,0.28212,-0.091229,-0.34606,0.018974,-0.31008,0.14065,0.32214,1.0585,-0.060798,-0.080164,0.06988,-0.021795,0.10801,0.060324,-0.35661,-0.56028
0.0092593,0.011,0.019464,-0.012116,0.94293,0.42472,-0.86183,2.0629,0.20902,-0.12996,-0.3233,0.063333,-0.18955,0.15136,0.20652,1.307,-0.072167,-0.083134,0.12142,-0.024081,0.10279,0.051308,-0.22933,-0.71481
0.0083789,0.014225,0.022092,-0.011041,0.9821,0.28879,-0.87248,2.1877,0.090931,-0.1662,-0.29741,0.11738,-0.15662,0.11894,0.082179,1.3739,-0.087424,-0.1038,0.15454,-0.02847,0.094303,0.038063,-0.11088,-0.82892
0.0092317,0.017663,0.022725,-0.00683,1.0854,0.16983,-0.82057,2.3025,-0.045175,-0.19889,-0.26869,0.16858,-0.10297,0.062294,-0.025303,1.3665,-0.10562,-0.14637,0.1537,-0.040294,0.083793,0.02573,-0.031483,-0.81611
0.01171,0.019712,0.019516,-0.00076046,1.2577,0.065434,-0.72232,2.3995,-0.17024,-0.22047,-0.24098,0.20065,0.040111,0.0051736,-0.087523,1.4423,-0.12563,-0.21573,0.11591,-0.058819,0.070551,0.016278,0.00050683,-0.64375
0.013554,0.020685,0.013979,0.0044867,1.4795,-0.0204,-0.59765,2.4802,-0.26735,-0.22286,-0.21316,0.18487,0.25987,-0.033838,-0.08855,1.7631,-0.14541,-0.30954,0.052286,-0.076463,0.051907,0.0077622,-0.0044425,-0.3537
0.011965,0.021749,0.0094665,0.0060959,1.708,-0.073351,-0.45675,2.55,-0.33587,-0.20664,-0.17686,0.085363,0.49129,-0.047436,-0.033273,2.4317,-0.16201,-0.41413,-0.019133,-0.083631,0.024944,-0.0036019,-0.032027,-0.03285
0.0061778,0.023248,0.0080991,0.0028391,1.8785,-0.079042,-0.30239,2.6057,-0.38434,-0.18438,-0.12242,-0.11698,0.68853,-0.04029,0.055248,3.4328,-0.17248,-0.50905,-0.084919,-0.07544,-0.011571,-0.020519,-0.078836,0.24112
-0.0013224,0.024145,0.0089609,-0.0037682,1.9183,-0.038606,-0.14284,2.6282,-0.41938,-0.17371,-0.047108,-0.39938,0.8742,-0.025474,0.14581,4.6114,-0.17521,-0.57776,-0.14398,-0.055347,-0.056295,-0.042998,-0.15488,0.43689
-0.006339,0.023097,0.009161,-0.0098718,1.7793,0.026273,0.00065326,2.5907,-0.4396,-0.1846,0.042716,-0.69544,1.123,-0.018669,0.21003,5.7154,-0.17098,-0.61663,-0.20584,-0.033199,-0.10561,-0.068673,-0.27135,0.56548
-0.00616,0.02004,0.0066839,-0.011371,1.472,0.085982,0.10285,2.4814,-0.43843,-0.21091,0.13707,-0.92499,1.4946,-0.03201,0.23025,6.4962,-0.16318,-0.63561,-0.28115,-0.019494,-0.15441,-0.094124,-0.42268,0.64799
-0.0017349,0.016626,0.0022869,-0.0065259,1.0749,0.12383,0.1537,2.3212,-0.41212,-0.23304,0.22942,-1.0369,1.9735,-0.069686,0.20382,6.8197,-0.15691,-0.65032,-0.37231,-0.020113,-0.19693,-0.11596,-0.57764,0.69127
0.0030472,0.014999,-0.0013258,0.0027799,0.7002,0.14732,0.16977,2.1611,-0.36556,-0.22985,0.31773,-1.0344,2.465,-0.12741,0.14336,6.7222,-0.15707,-0.67129,-0.47143,-0.034827,-0.22773,-0.13131,-0.68877,0.69595
0.0043532,0.015963,-0.0021573,0.012259,0.43188,0.18008,0.18483,2.0562,-0.31128,-0.19093,0.39861,-0.96562,2.8492,-0.19638,0.071022,6.3722,-0.16628,-0.69791,-0.56625,-0.059481,-0.24336,-0.13818,-0.71613,0.68601
0.0011825,0.018216,-0.00074701,0.018186,0.2808,0.24209,0.22403,2.0329,-0.26279,-0.12104,0.46184,-0.89088,3.0461,-0.26918,0.0068247,5.9587,-0.18348,-0.72044,-0.64803,-0.089147,-0.24434,-0.13616,-0.64932,0.72315
-0.0041983,0.019367,0.00060735,0.01986,0.18876,0.33565,0.28178,2.0714,-0.22766,-0.03507,0.49329,-0.85282,3.0468,-0.34332,-0.043804,5.5826,-0.20428,-0.72812,-0.71413,-0.11959,-0.23628,-0.12703,-0.51178,0.87912
-0.008208,0.017816,0.00038744,0.019606,0.078775,0.44876,0.32201,2.1184,-0.20524,0.050881,0.48584,-0.8686,2.8957,-0.41971,-0.094055,5.2266,-0.22314,-0.71716,-0.76382,-0.14682,-0.22845,-0.1147,-0.34379,1.1793
-0.0085295,0.013877,-0.00046898,0.020418,-0.088547,0.57114,0.30223,2.1204,-0.18954,0.12556,0.4487,-0.93983,2.649,-0.49797,-0.16592,4.8198,-0.23605,-0.69365,-0.79219,-0.16649,-0.22952,-0.10376,-0.17725,1.5637
-0.0054239,0.0093175,0.00047462,0.023354,-0.29341,0.70706,0.20412,2.0568,-0.17406,0.18301,0.40496,-1.0616,2.345,-0.5735,-0.27181,4.3341,-0.2422,-0.66965,-0.78879,-0.1749,-0.24235,-0.097512,-0.02151,1.9057
-0.0011633,0.0059138,0.0044227,0.026932,-0.48,0.87274,0.048083,1.9505,-0.1548,0.22003,0.3768,-1.219,2.0003,-0.63949,-0.40153,3.8285,-0.24342,-0.65563,-0.74306,-0.17088,-0.26112,-0.09643,0.13047,2.0846
0.0016691,0.0043695,0.0095311,0.028816,-0.59845,1.0802,-0.11861,1.8507,-0.12995,0.23478,0.36995,-1.3794,1.6244,-0.69154,-0.52613,3.4028,-0.24222,-0.65396,-0.65262,-0.15695,-0.27371,-0.098381,0.28395,2.061
0.0017699,0.0043623,0.011928,0.028007,-0.63084,1.322,-0.25078,1.8009,-0.098208,0.228,0.37042,-1.4958,1.2327,-0.72963,-0.61718,3.1081,-0.23989,-0.65785,-0.52775,-0.13806,-0.26879,-0.10039,0.43022,1.8996
-0.00029657,0.0052962,0.0088654,0.025514,-0.5867,1.5697,-0.33055,1.8153,-0.058199,0.20463,0.35701,-1.5278,0.85291,-0.75418,-0.66693,2.8989,-0.23625,-0.65646,-0.38854,-0.11899,-0.24333,-0.10074,0.55165,1.7214
-0.0027286,0.0067861,0.00129,0.02321,-0.48264,1.7882,-0.37249,1.876,-0.0099946,0.17307,0.31918,-1.4643,0.52579,-0.75929,-0.69347,2.6728,-0.23094,-0.64337,-0.25671,-0.10244,-0.20504,-0.099632,0.63771,1.6236
-0.0038811,0.0084422,-0.0064298,0.022299,-0.33016,1.953,-0.40791,1.9504,0.04331,0.14178,0.26526,-1.3291,0.30181,-0.73033,-0.72692,2.3605,-0.22489,-0.6231,-0.14726,-0.089239,-0.1673,-0.097762,0.69515,1.6269
-0.0034888,0.0094694,-0.0094461,0.022894,-0.1424,2.0585,-0.46145,2.0131,0.096411,0.11582,0.21444,-1.1606,0.22903,-0.65044,-0.78779,1.9827,-0.22054,-0.61093,-0.06451,-0.079819,-0.13966,-0.094012,0.74144,1.6836
-0.0027821,0.0088763,-0.0056863,0.024675,0.051717,2.1126,-0.53628,2.0574,0.14557,0.096071,0.1801,-0.98319,0.32873,-0.51265,-0.87389,1.623,-0.22049,-0.62531,-0.0034099,-0.074957,-0.12103,-0.084584,0.7869,1.7298
-0.0032762,0.0063803,0.003037,0.027473,0.20582,2.1245,-0.61529,2.0918,0.19291,0.081267,0.15913,-0.7946,0.56897,-0.32899,-0.96372,1.3439,-0.22586,-0.67663,0.045542,-0.074697,-0.10099,-0.065146,0.82249,1.7352
-0.0051554,0.0031479,0.012642,0.030984,0.27501,2.0993,-0.674,2.1281,0.24744,0.070006,0.13608,-0.57608,0.85714,-0.12861,-1.0307,1.1246,-0.23547,-0.7595,0.090581,-0.07663,-0.068695,-0.034846,0.82428,1.7122
-0.006751,0.0013893,0.019615,0.034206,0.24264,2.0423,-0.69415,2.1725,0.32088,0.060647,0.09788,-0.31468,1.066,0.054424,-1.0561,0.87354,-0.2465,-0.85378,0.13433,-0.075753,-0.022291,0.0010574,0.77014,1.6881
-0.0058717,0.0027839,0.022944,0.035656,0.13214,1.9666,-0.66978,2.2237,0.4197,0.049585,0.046066,-0.016024,1.0838,0.19566,-1.0324,0.50066,-0.25583,-0.93431,0.17247,-0.066915,0.028552,0.032798,0.65289,1.6713
-0.0020644,0.0069198,0.024059,0.034508,-0.0089751,1.8929,-0.60488,2.2762,0.53761,0.030966,-0.0037491,0.29966,0.85984,0.28774,-0.96083,-0.01931,-0.26123,-0.98362,0.19626,-0.048319,0.06924,0.051524,0.47966,1.6424
0.0022545,0.011201,0.025257,0.031444,-0.14257,1.838,-0.50761,2.3228,0.65335,-0.00013572,-0.033964,0.60828,0.41749,0.33712,-0.85032,-0.64283,-0.26181,-0.99983,0.19841,-0.023184,0.090633,0.054711,0.26174,1.5737
0.0031894,0.012601,0.027919,0.028093,-0.26467,1.8014,-0.38659,2.3546,0.73622,-0.042785,-0.037829,0.88552,-0.16801,0.35466,-0.71973,-1.306,-0.25816,-0.9954,0.17913,0.0020751,0.094905,0.047258,0.008725,1.4533
-0.0014825,0.010037,0.031589,0.025379,-0.40001,1.7629,-0.25093,2.3601,0.75868,-0.088079,-0.022494,1.1024,-0.8068,0.34774,-0.59797,-1.974,-0.25222,-0.98851,0.14857,0.022019,0.092545,0.037246,-0.26533,1.2927
-0.0099501,0.0054577,0.03427,0.022478,-0.56918,1.6966,-0.11168,2.33,0.71086,-0.12306,-0.00093879,1.2246,-1.4222,0.31916,-0.51377,-2.6497,-0.24658,-0.99298,0.12301,0.035555,0.093645,0.029842,-0.53062,1.1133
-0.017033,0.002589,0.033656,0.017659,-0.75472,1.5897,0.018332,2.2641,0.60926,-0.13885,0.019049,1.2253,-1.9616,0.27154,-0.47687,-3.3474,-0.24319,-1.0124,0.11709,0.046087,0.10115,0.024453,-0.74042,0.9283
-0.017708,0.0041873,0.028662,0.010433,-0.89541,1.4512,0.12737,2.1759,0.49254,-0.13685,0.039014,1.1039,-2.3989,0.21197,-0.46421,-4.0686,-0.24159,-1.0402,0.13732,0.058573,0.11151,0.01741,-0.84738,0.73753
-0.010843,0.0099098,0.020396,0.002907,-0.9168,1.3009,0.20852,2.0875,0.40293,-0.12762,0.064146,0.89636,-2.7409,0.15203,-0.42621,-4.806,-0.23815,-1.0635,0.18123,0.075959,0.12123,0.0074507,-0.8286,0.53594
-0.00012432,0.016494,0.011832,-0.0012111,-0.7775,1.149,0.26169,2.0159,0.3617,-0.12261,0.093463,0.66492,-3.031,0.10269,-0.31453,-5.5627,-0.22748,-1.0683,0.24183,0.09752,0.13267,-0.001382,-0.7007,0.32436
0.0086121,0.02012,0.0060814,0.00058506,-0.49747,0.98463,0.29262,1.9599,0.35367,-0.12506,0.11443,0.47744,-3.3375,0.067423,-0.11408,-6.349,-0.20567,-1.0433,0.31307,0.11988,0.15314,-0.0024757,-0.51281,0.11094
0.011497,0.019126,0.0042171,0.0072849,-0.14872,0.78438,0.30987,1.8983,0.33365,-0.12708,0.10635,0.3907,-3.7165,0.038819,0.14465,-7.1448,-0.17345,-0.98334,0.39213,0.13947,0.18777,0.0072919,-0.32232,-0.094859
0.0089721,0.015052,0.0042536,0.014558,0.18302,0.53411,0.32169,1.8024,0.25419,-0.11508,0.050148,0.44296,-4.1684,0.0019749,0.40353,-7.8581,-0.13684,-0.89183,0.47922,0.15461,0.23274,0.023929,-0.17029,-0.28494
0.0047483,0.011374,0.0023461,0.017433,0.43717,0.24538,0.33411,1.6565,0.098097,-0.078951,-0.061274,0.64572,-4.6173,-0.055932,0.61171,-8.3329,-0.10442,-0.7797,0.57747,0.16609,0.27529,0.038995,-0.07154,-0.44724
0.0026345,0.011039,-0.0043529,0.013454,0.59216,-0.048161,0.34968,1.4695,-0.1067,-0.018155,-0.21696,0.96674,-4.9393,-0.13512,0.75129,-8.4215,-0.083034,-0.66118,0.69395,0.17627,0.30145,0.046657,-0.020582,-0.56062
0.0039801,0.014616,-0.015226,0.0040692,0.65132,-0.31151,0.36582,1.2705,-0.30209,0.058446,-0.38828,1.3166,-5.0285,-0.21913,0.83602,-8.0796,-0.074559,-0.54762,0.83798,0.18734,0.30542,0.048913,-0.0032096,-0.60335
0.0075099,0.02017,-0.026116,-0.0064867,0.61995,-0.52885,0.37327,1.0901,-0.43539,0.13701,-0.53616,1.5661,-4.8609,-0.282,0.88903,-7.408,-0.07584,-0.44367,1.0131,0.19961,0.29302,0.0541,-0.0030739,-0.57559
0.011034,0.024647,-0.031938,-0.013749,0.49709,-0.7079,0.3572,0.94247,-0.49064,0.20318,-0.62367,1.6045,-4.5134,-0.30447,0.92226,-6.6023,-0.081382,-0.34903,1.2059,0.21065,0.27638,0.069726,-0.0018768,-0.51853
0.013144,0.0257,-0.030137,-0.015263,0.29055,-0.8667,0.30348,0.82223,-0.49331,0.2448,-0.63032,1.4122,-4.122,-0.28898,0.93508,-5.8423,-0.086768,-0.26445,1.3818,0.216,0.26425,0.095781,0.019955,-0.50766
0.013615,0.022878,-0.022468,-0.011417,0.040771,-1.0157,0.20885,0.71688,-0.48594,0.25448,-0.56096,1.0886,-3.8061,-0.2616,0.92915,-5.2045,-0.090753,-0.19689,1.4983,0.21123,0.25589,0.1242,0.076295,-0.6162
0.012823,0.017684,-0.013761,-0.0048271,-0.17172,-1.1502,0.088262,0.62359,-0.49456,0.2331,-0.44342,0.80134,-3.6064,-0.25665,0.92012,-4.6583,-0.095353,-0.15856,1.5297,0.19432,0.24297,0.14468,0.16498,-0.87086
0.011278,0.012634,-0.0086182,0.001117,-0.25104,-1.2573,-0.028221,0.55519,-0.51202,0.19207,-0.31447,0.67865,-3.4723,-0.29265,0.93122,-4.1344,-0.10458,-0.15997,1.4872,0.16644,0.21735,0.15159,0.26404,-1.2334
0.009695,0.0098585,-0.008455,0.0039225,-0.13394,-1.3289,-0.11062,0.53027,-0.51034,0.15046,-0.20172,0.71928,-3.3018,-0.35676,0.97302,-3.6003,-0.12288,-0.20216,1.4151,0.13073,0.17805,0.14647,0.34135,-1.6243
0.0090109,0.0099693,-0.010925,0.0032573,0.16818,-1.3687,-0.1477,0.55588,-0.46985,0.12577,-0.11215,0.78962,-3.0014,-0.41072,1.0293,-3.08,-0.15369,-0.2744,1.3615,0.089867,0.13203,0.13495,0.37374,-1.9718
0.0097418,0.011813,-0.011957,0.0012078,0.56326,-1.3887,-0.1556,0.61738,-0.39998,0.12347,-0.033621,0.71426,-2.5309,-0.41575,1.0646,-2.6148,-0.19835,-0.35932,1.3449,0.044803,0.089016,0.12187,0.36146,-2.2509
0.011106,0.013274,-0.0087873,0.0011701,0.91627,-1.4014,-0.16793,0.6835,-0.33394,0.13333,0.053304,0.39557,-1.9134,-0.35918,1.0487,-2.2144,-0.2551,-0.44105,1.3436,-0.004145,0.054919,0.10902,0.32643,-2.4848
0.011094,0.012664,-0.0017629,0.0057758,1.1091,-1.4151,-0.21298,0.72219,-0.30214,0.1362,0.16181,-0.12378,-1.2158,-0.2637,0.97791,-1.8479,-0.3187,-0.51038,1.3165,-0.054825,0.028899,0.096406,0.29449,-2.7123
0.007983,0.0098357,0.0062474,0.015073,1.0867,-1.4354,-0.29371,0.7154,-0.30702,0.11689,0.29161,-0.69589,-0.52152,-0.17231,0.87583,-1.4774,-0.38099,-0.56388,1.2395,-0.10187,0.0053189,0.084515,0.27559,-2.9492
0.0021947,0.0062992,0.012225,0.026263,0.86556,-1.4684,-0.38534,0.66338,-0.32024,0.07347,0.43041,-1.1675,0.094405,-0.12035,0.77395,-1.0974,-0.43257,-0.59961,1.1266,-0.13811,-0.021803,0.074593,0.25748,-3.1739
-0.0033825,0.0042644,0.015227,0.035305,0.50701,-1.5202,-0.45179,0.57872,-0.3045,0.016538,0.56167,-1.4683,0.58025,-0.11463,0.69024,-0.73727,-0.46506,-0.61399,1.0175,-0.158,-0.055306,0.066921,0.21769,-3.3426
-0.0053364,0.0052051,0.016725,0.039314,0.081855,-1.5897,-0.46838,0.477,-0.24168,-0.039639,0.67394,-1.6295,0.91587,-0.13371,0.62225,-0.43029,-0.47324,-0.60234,0.94506,-0.16019,-0.094161,0.059529,0.14335,-3.4177
-0.0025308,0.0088291,0.01887,0.038079,-0.35075,-1.6641,-0.43457,0.37137,-0.14487,-0.085811,0.7677,-1.7313,1.1109,-0.14726,0.55632,-0.17945,-0.45615,-0.56138,0.91013,-0.14727,-0.13496,0.049287,0.042901,-3.3877
0.0027301,0.013106,0.022192,0.033701,-0.74531,-1.7222,-0.36946,0.27209,-0.046049,-0.11954,0.85651,-1.8288,1.1911,-0.13893,0.48028,0.044952,-0.41668,-0.49072,0.88542,-0.12326,-0.174,0.034558,-0.059149,-3.2674
0.0064089,0.015414,0.024777,0.028815,-1.0675,-1.7471,-0.29675,0.18744,0.028838,-0.14065,0.96065,-1.9128,1.1785,-0.11616,0.38742,0.27863,-0.3601,-0.39259,0.84287,-0.091378,-0.2087,0.016772,-0.13876,-3.0879
0.0059771,0.014192,0.023729,0.024831,-1.3013,-1.7396,-0.23151,0.12222,0.076718,-0.14669,1.0953,-1.9243,1.0825,-0.10037,0.27191,0.53787,-0.29226,-0.27187,0.77901,-0.054231,-0.23801,-0.00061095,-0.18674,-2.8873
0.0023573,0.010073,0.01775,0.021495,-1.4642,-1.7218,-0.17675,0.073647,0.11412,-0.13394,1.2596,-1.8043,0.91605,-0.10536,0.12628,0.82295,-0.21874,-0.13819,0.71619,-0.015856,-0.26171,-0.014513,-0.2108,-2.7062
-0.0011756,0.0056567,0.0085868,0.017896,-1.6103,-1.727,-0.12803,0.028685,0.159,-0.10275,1.4341,-1.5381,0.73032,-0.11999,-0.05147,1.1472,-0.14511,-0.0085078,0.68057,0.017168,-0.27936,-0.023401,-0.22618,-2.581
-0.0020982,0.0038867,-2.1156e-005,0.013895,-1.8099,-1.7823,-0.079325,-0.033902,0.21422,-0.06115,1.5898,-1.1671,0.63901,-0.1084,-0.24609,1.5608,-0.077396,0.094506,0.67819,0.037613,-0.28925,-0.026182,-0.24358,-2.5294
-0.00085959,0.0060562,-0.0050899,0.010722,-2.1094,-1.8952,-0.025972,-0.1364,0.26574,-0.021593,1.7032,-0.77006,0.79706,-0.030074,-0.42236,2.1409,-0.021455,0.15092,0.69042,0.041734,-0.28873,-0.020602,-0.26267,-2.5352
-0.00019694,0.010888,-0.0064223,0.010241,-2.5005,-2.0518,0.034525,-0.29346,0.29535,0.0075394,1.7662,-0.43078,1.3285,0.13141,-0.53961,2.9455,0.019188,0.15544,0.6912,0.032362,-0.27586,-0.0038304,-0.27333,-2.5463
-0.0023212,0.015433,-0.0060672,0.013546,-2.9236,-2.2263,0.10127,-0.50627,0.29649,0.028622,1.7845,-0.21181,2.2401,0.34915,-0.57577,3.9624,0.045627,0.12402,0.66847,0.01789,-0.25165,0.024348,-0.26147,-2.4976
-0.0067627,0.017134,-0.0057023,0.020066,-3.3024,-2.3924,0.16869,-0.76203,0.28048,0.053222,1.767,-0.14246,3.383,0.55818,-0.54218,5.0879,0.063677,0.088197,0.6302,0.0072312,-0.22098,0.058541,-0.21602,-2.3497
-0.010927,0.015464,-0.0045007,0.027819,-3.5879,-2.5304,0.22769,-1.0386,0.26968,0.09262,1.7159,-0.21767,4.5008,0.68571,-0.4756,6.1549,0.08088,0.078518,0.59106,0.0042098,-0.19108,0.088591,-0.13545,-2.1173
-0.012673,0.011917,0.00022791,0.034474,-3.7767,-2.6259,0.27023,-1.3126,0.28395,0.14747,1.6265,-0.40163,5.3467,0.69054,-0.41216,6.9991,0.10219,0.10788,0.55417,0.005681,-0.16809,0.1049,-0.031823,-1.8625
-0.012245,0.0085269,0.0099455,0.038288,-3.8968,-2.6674,0.29365,-1.5672,0.33061,0.20456,1.4963,-0.63282,5.7955,0.5862,-0.36352,7.5295,0.12767,0.16692,0.50633,0.0049569,-0.15394,0.10468,0.070826,-1.6524
-0.011664,0.0063052,0.022276,0.038397,-3.9761,-2.6473,0.30091,-1.7977,0.40348,0.24319,1.3345,-0.83092,5.8759,0.43119,-0.31458,7.7671,0.15401,0.2349,0.43108,-0.0020879,-0.14575,0.093951,0.14582,-1.5094
-0.012353,0.0048446,0.031793,0.034722,-4.0233,-2.5689,0.29651,-2.0101,0.48916,0.24606,1.161,-0.90886,5.7029,0.29093,-0.24418,7.8275,0.17833,0.29724,0.32636,-0.013188,-0.13821,0.08333,0.17717,-1.3922
-0.013598,0.0031933,0.034112,0.02804,-4.0325,-2.4514,0.28323,-2.2136,0.57391,0.20706,0.99433,-0.79314,5.3661,0.19723,-0.1508,7.8526,0.20055,0.35501,0.20816,-0.021443,-0.1272,0.080461,0.16756,-1.2247
-0.013455,0.00098034,0.029864,0.020209,-4.0028,-2.3287,0.26349,-2.4107,0.64638,0.13147,0.83884,-0.45222,4.8658,0.13396,-0.061407,7.9278,0.22203,0.41873,0.09495,-0.021451,-0.11231,0.085001,0.1332,-0.9523
-0.011074,-0.0012288,0.024694,0.013908,-3.9501,-2.2349,0.24347,-2.593,0.69666,0.03062,0.68207,0.076125,4.1442,0.058561,-0.015691,8.033,0.24208,0.4924,-0.013903,-0.014761,-0.096747,0.089794,0.088659,-0.58128
-0.0078344,-0.0024729,0.024771,0.011448,-3.9019,-2.1871,0.23325,-2.7481,0.71625,-0.083516,0.50717,0.67747,3.179,-0.059008,-0.03848,8.0618,0.25635,0.56285,-0.14475,-0.0098388,-0.085008,0.086877,0.035008,-0.17034
-0.0059489,-0.0021559,0.031454,0.013214,-3.8811,-2.1752,0.23968,-2.8724,0.7018,-0.20008,0.31146,1.1924,2.0535,-0.21055,-0.12239,7.9002,0.25943,0.6053,-0.33267,-0.016052,-0.080046,0.073276,-0.03554,0.21942
-0.0059835,-0.0003842,0.039929,0.017078,-3.8934,-2.1677,0.25738,-2.9798,0.66022,-0.30827,0.11602,1.4868,0.94034,-0.35597,-0.23336,7.5105,0.2498,0.60161,-0.59266,-0.036281,-0.081536,0.052328,-0.12008,0.57247
-0.0060692,0.00217,0.043311,0.019617,-3.9261,-2.1306,0.26827,-3.0949,0.60865,-0.39717,-0.042712,1.5296,0.01759,-0.45303,-0.33333,6.9588,0.23257,0.55626,-0.90259,-0.06422,-0.08598,0.030375,-0.18852,0.92369
-0.0038963,0.0045596,0.038812,0.018438,-3.9536,-2.0463,0.25388,-3.2342,0.56543,-0.45852,-0.13493,1.424,-0.60917,-0.48438,-0.40229,6.364,0.21708,0.49608,-1.2126,-0.088789,-0.088302,0.012349,-0.19026,1.3165
0.0004555,0.0058686,0.030471,0.013802,-3.9442,-1.9215,0.21236,-3.389,0.53657,-0.49073,-0.15736,1.3576,-0.91825,-0.46125,-0.44514,5.8109,0.2114,0.45344,-1.4744,-0.10218,-0.083942,-5.5311e-005,-0.086433,1.7522
0.0039639,0.0056372,0.025822,0.0082326,-3.8685,-1.7808,0.16533,-3.5282,0.50842,-0.50023,-0.13714,1.4885,-0.92955,-0.40614,-0.48231,5.2974,0.21838,0.44666,-1.6676,-0.10497,-0.070579,-0.0069006,0.11445,2.1776
0.0033653,0.0043024,0.029189,0.0044845,-3.7125,-1.6544,0.14664,-3.6197,0.455,-0.49791,-0.11757,1.8367,-0.67318,-0.33401,-0.53388,4.7591,0.23647,0.47347,-1.8039,-0.10415,-0.048985,-0.0076777,0.34824,2.5211
-0.0013347,0.0031336,0.037461,0.0036015,-3.492,-1.567,0.18018,-3.6564,0.3573,-0.49264,-0.13681,2.2613,-0.21155,-0.249,-0.60837,4.1467,0.26391,0.52132,-1.9068,-0.10586,-0.022937,-0.0010593,0.52724,2.746
-0.0061484,0.0032907,0.042144,0.0045453,-3.2542,-1.5328,0.26427,-3.6614,0.22087,-0.4861,-0.21344,2.545,0.31554,-0.1556,-0.70071,3.486,0.30165,0.58356,-1.9864,-0.10924,0.0017845,0.012724,0.59341,2.8701
-0.0062854,0.0045647,0.036101,0.0053858,-3.0542,-1.5522,0.37485,-3.669,0.07713,-0.47276,-0.3449,2.5336,0.69699,-0.068603,-0.79767,2.8652,0.35189,0.66568,-2.0283,-0.10643,0.019197,0.029313,0.55418,2.9394
-0.00046785,0.0051236,0.019327,0.0047876,-2.9168,-1.6084,0.48423,-3.6956,-0.034383,-0.44462,-0.51394,2.2321,0.74151,-0.0086809,-0.88629,2.3632,0.41383,0.776,-2.0052,-0.088977,0.025291,0.040575,0.47377,2.9816
0.0077078,0.0030193,-0.001066,0.0026181,-2.8122,-1.6688,0.57953,-3.7265,-0.090492,-0.39732,-0.69435,1.7908,0.39791,0.01421,-0.96094,1.9846,0.48095,0.91061,-1.8994,-0.054896,0.019622,0.038615,0.4271,2.9904
0.012801,-0.0015539,-0.016485,-0.00041893,-2.6717,-1.6964,0.66665,-3.7311,-0.097425,-0.33341,-0.85354,1.3979,-0.19968,0.014168,-1.0249,1.6587,0.54323,1.0492,-1.7172,-0.010754,0.0052002,0.020695,0.4519,2.9507
0.012239,-0.0054869,-0.023276,-0.0033931,-2.4393,-1.6702,0.75818,-3.6921,-0.082886,-0.2606,-0.95639,1.1615,-0.81494,0.025862,-1.0843,1.3025,0.59274,1.1681,-1.485,0.032915,-0.013628,-0.0090669,0.5335,2.8779
0.0083889,-0.0047766,-0.024692,-0.0054568,-2.119,-1.5996,0.85698,-3.6238,-0.074262,-0.18667,-0.97522,1.0656,-1.2643,0.084553,-1.1369,0.88681,0.62814,1.2614,-1.2326,0.068881,-0.034107,-0.043008,0.62795,2.822
0.0061698,0.0019662,-0.027195,-0.006002,-1.7732,-1.5192,0.94883,-3.5613,-0.08062,-0.11493,-0.90275,1.019,-1.5216,0.20336,-1.1642,0.44543,0.65433,1.3494,-0.97913,0.097284,-0.056557,-0.075658,0.69868,2.8256
0.0085489,0.011637,-0.034632,-0.0050073,-1.469,-1.4625,1.0091,-3.5305,-0.091893,-0.044043,-0.75805,0.94347,-1.6926,0.36351,-1.1358,0.023713,0.67766,1.4649,-0.73102,0.1236,-0.082889,-0.10681,0.73543,2.8738
0.014067,0.018445,-0.045247,-0.0033889,-1.2151,-1.435,1.0172,-3.5259,-0.093371,0.027554,-0.57821,0.82754,-1.8925,0.5235,-1.0276,-0.38291,0.70062,1.624,-0.49084,0.15268,-0.11288,-0.13881,0.74547,2.8882
0.018423,0.018232,-0.053606,-0.0027131,-0.95025,-1.41,0.96805,-3.514,-0.080632,0.096374,-0.3998,0.71045,-2.1397,0.6404,-0.84083,-0.83916,0.71978,1.8061,-0.26683,0.18386,-0.14116,-0.17024,0.73374,2.7794
0.018322,0.011679,-0.055287,-0.0040606,-0.59824,-1.3547,0.87327,-3.4589,-0.060658,0.15295,-0.24296,0.62778,-2.3517,0.68991,-0.6075,-1.4167,0.72795,1.9584,-0.074082,0.21086,-0.15795,-0.19211,0.69528,2.518
0.013942,0.0036099,-0.050198,-0.0068535,-0.14418,-1.2659,0.75377,-3.3462,-0.038684,0.18743,-0.10919,0.57534,-2.4305,0.67423,-0.37582,-2.123,0.7183,2.0239,0.071749,0.22611,-0.15366,-0.19126,0.62644,2.1634
0.0081087,-0.0010009,-0.042083,-0.0088712,0.34109,-1.1816,0.63007,-3.186,-0.0049192,0.19782,0.0083408,0.52266,-2.3465,0.61531,-0.18546,-2.8737,0.6878,1.9723,0.16081,0.22585,-0.12465,-0.15939,0.53879,1.8225
0.0034787,-0.0008582,-0.035232,-0.0077726,0.75589,-1.1543,0.51679,-2.996,0.062881,0.19333,0.1131,0.45566,-2.1453,0.5396,-0.050698,-3.5309,0.63849,1.8133,0.19014,0.21261,-0.07569,-0.10091,0.45551,1.5752
0.00063324,0.00115,-0.031442,-0.0029595,1.0549,-1.2041,0.42267,-2.7853,0.17865,0.18835,0.20236,0.40161,-1.8827,0.46379,0.037554,-3.9757,0.5768,1.586,0.16129,0.19375,-0.017173,-0.032232,0.38944,1.4254
-0.0013831,0.00088915,-0.029531,0.0038953,1.286,-1.2921,0.35322,-2.554,0.32459,0.19036,0.27359,0.40929,-1.5637,0.38959,0.096185,-4.1608,0.51148,1.3363,0.080462,0.17767,0.0408,0.027636,0.32431,1.3163
-0.0031521,-0.0034232,-0.027238,0.010195,1.5368,-1.3366,0.31162,-2.31,0.4468,0.19185,0.33131,0.50204,-1.1504,0.30923,0.13597,-4.1129,0.45072,1.0994,-0.036847,0.16993,0.09313,0.068511,0.22311,1.1885
-0.0038567,-0.0099784,-0.023536,0.014425,1.8372,-1.2635,0.29627,-2.0814,0.47927,0.17418,0.38691,0.64782,-0.63052,0.21696,0.16,-3.9019,0.39902,0.89446,-0.16214,0.17118,0.13981,0.093572,0.063355,1.0298
-0.0021949,-0.015185,-0.019484,0.016989,2.1096,-1.0518,0.29729,-1.9105,0.38341,0.12188,0.45205,0.77506,-0.075698,0.11832,0.17173,-3.6096,0.35556,0.7292,-0.25919,0.17768,0.18197,0.11379,-0.12951,0.87659
0.0018456,-0.016629,-0.017235,0.019252,2.2189,-0.73996,0.29584,-1.8294,0.17637,0.036384,0.53274,0.82104,0.37033,0.030574,0.18116,-3.3172,0.31511,0.60435,-0.29937,0.18373,0.21767,0.13725,-0.28459,0.77062
0.0062921,-0.014649,-0.018191,0.02193,2.0829,-0.39651,0.26915,-1.8374,-0.072616,-0.062125,0.62914,0.77112,0.57304,-0.026066,0.20147,-3.1003,0.27175,0.51569,-0.27782,0.18483,0.24108,0.16208,-0.33016,0.71292
0.0083911,-0.011541,-0.021703,0.024521,1.7447,-0.080578,0.20033,-1.9024,-0.27673,-0.14679,0.7389,0.65586,0.49309,-0.040146,0.2394,-3.0129,0.22282,0.45493,-0.21723,0.17938,0.24581,0.1783,-0.24789,0.65154
0.0066613,-0.0094581,-0.02512,0.026241,1.3437,0.17537,0.088653,-1.984,-0.37497,-0.20075,0.85806,0.5115,0.21074,-0.014949,0.28925,-3.0633,0.17064,0.41246,-0.15407,0.16822,0.22929,0.17602,-0.089368,0.5105
0.0019571,-0.0088976,-0.025186,0.027272,1.0127,0.35622,-0.045091,-2.0622,-0.35734,-0.22563,0.97748,0.34159,-0.12581,0.035839,0.33653,-3.2057,0.12074,0.38151,-0.11567,0.15238,0.195,0.15283,0.06533,0.23567
-0.0033637,-0.0088556,-0.020009,0.028818,0.79516,0.44786,-0.16262,-2.1438,-0.25907,-0.23621,1.0795,0.11527,-0.38428,0.099387,0.36728,-3.3665,0.078153,0.35996,-0.10444,0.13169,0.15106,0.11496,0.17777,-0.17565
-0.0073794,-0.0082109,-0.010425,0.031859,0.65318,0.43623,-0.22182,-2.2416,-0.13254,-0.24709,1.1413,-0.19581,-0.50486,0.17284,0.37469,-3.4916,0.04488,0.3483,-0.10043,0.10576,0.10671,0.072289,0.29088,-0.67864
-0.0099506,-0.0070067,0.00025723,0.035952,0.54982,0.32469,-0.19512,-2.3439,-0.018296,-0.26247,1.1453,-0.57495,-0.50166,0.2628,0.35805,-3.5798,0.019846,0.34585,-0.079162,0.076691,0.069076,0.032371,0.49799,-1.2116
-0.01238,-0.0065552,0.0082458,0.039438,0.5177,0.15028,-0.083826,-2.4026,0.066565,-0.27638,1.0894,-0.94988,-0.42614,0.37536,0.31789,-3.6734,0.00066986,0.34854,-0.030259,0.05045,0.041795,-0.0020299,0.85764,-1.7312
-0.015796,-0.0083196,0.011808,0.040874,0.64272,-0.022554,0.080749,-2.3561,0.12027,-0.28116,0.98736,-1.2245,-0.3297,0.50509,0.25414,-3.8161,-0.015003,0.34983,0.036842,0.034439,0.025111,-0.031115,1.3195,-2.2295
-0.019758,-0.012503,0.012495,0.040165,0.97536,-0.13322,0.25164,-2.1703,0.14025,-0.27604,0.85953,-1.3282,-0.24769,0.6322,0.16977,-4.0111,-0.029657,0.34283,0.10221,0.032432,0.016776,-0.054725,1.7254,-2.7211
-0.02235,-0.017507,0.013917,0.03822,1.4552,-0.1597,0.38882,-1.8678,0.11486,-0.26897,0.72016,-1.2466,-0.20075,0.73119,0.075623,-4.2125,-0.046549,0.32181,0.14991,0.040994,0.01355,-0.070533,1.8943,-3.2087
-0.021719,-0.020811,0.018863,0.035619,1.9258,-0.12952,0.47586,-1.5183,0.029933,-0.27144,0.57192,-1.018,-0.1975,0.78475,-0.0097774,-4.3517,-0.069079,0.28296,0.1754,0.050943,0.013308,-0.074551,1.7355,-3.6477
-0.01777,-0.020723,0.02704,0.031931,2.236,-0.096913,0.51923,-1.1976,-0.11577,-0.29127,0.41083,-0.70692,-0.2308,0.79308,-0.066849,-4.3723,-0.098627,0.22578,0.18161,0.053126,0.016964,-0.062789,1.3068,-3.9388
-0.012563,-0.017737,0.035416,0.02661,2.3436,-0.10315,0.53169,-0.9434,-0.30001,-0.32842,0.23594,-0.38033,-0.2751,0.77177,-0.083232,-4.2496,-0.13266,0.15504,0.17036,0.043839,0.028677,-0.032811,0.77883,-3.9625
-0.0090288,-0.014375,0.04097,0.020539,2.3331,-0.15048,0.5142,-0.74237,-0.48164,-0.37539,0.055314,-0.096772,-0.29554,0.74028,-0.058099,-3.9861,-0.1653,0.080667,0.13888,0.025488,0.053585,0.015102,0.33105,-3.6432
-0.0089938,-0.01351,0.043506,0.016374,2.337,-0.2084,0.45287,-0.55191,-0.61894,-0.42036,-0.11565,0.097659,-0.26828,0.70882,-0.001097,-3.5972,-0.19053,0.013762,0.085189,0.0025045,0.094457,0.077059,0.05614,-3.0068
-0.012034,-0.016327,0.046029,0.016881,2.4285,-0.24407,0.33533,-0.33589,-0.68907,-0.45046,-0.26033,0.17722,-0.19889,0.67256,0.071291,-3.1012,-0.20564,-0.040069,0.016705,-0.023125,0.15007,0.14546,-0.066605,-2.192
-0.015957,-0.021458,0.052211,0.022513,2.5782,-0.24918,0.17263,-0.084147,-0.69465,-0.45452,-0.36553,0.14592,-0.12339,0.61623,0.13936,-2.5219,-0.21224,-0.08476,-0.047263,-0.052352,0.21692,0.21062,-0.12379,-1.4021
-0.018391,-0.025911,0.063078,0.030456,2.7018,-0.24028,0.006195,0.19405,-0.65267,-0.42528,-0.42258,0.035422,-0.088429,0.52585,0.18422,-1.8948,-0.2141,-0.13075,-0.082893,-0.085385,0.29248,0.26397,-0.19427,-0.81986
-0.018195,-0.027085,0.075786,0.036188,2.7472,-0.23398,-0.10993,0.48762,-0.57493,-0.36118,-0.42736,-0.11441,-0.12199,0.39949,0.19352,-1.2679,-0.21383,-0.18569,-0.073969,-0.11791,0.37658,0.30106,-0.30413,-0.53238
-0.015763,-0.024355,0.085591,0.036417,2.7379,-0.2214,-0.14015,0.79011,-0.45594,-0.2666,-0.38274,-0.27889,-0.21358,0.25028,0.16722,-0.69095,-0.21133,-0.24556,-0.019258,-0.14139,0.46836,0.32194,-0.42952,-0.50687
-0.012337,-0.019199,0.089386,0.031061,2.7395,-0.16687,-0.088073,1.0891,-0.27861,-0.15002,-0.30259,-0.45489,-0.31673,0.099865,0.11835,-0.19769,-0.20471,-0.29384,0.070136,-0.14781,0.56125,0.32842,-0.52603,-0.62511
-0.0091348,-0.013973,0.087877,0.022825,2.7858,-0.034529,0.0085631,1.3536,-0.033587,-0.021181,-0.21248,-0.64384,-0.37258,-0.032697,0.065925,0.20831,-0.19241,-0.31089,0.18019,-0.13498,0.64057,0.32054,-0.55331,-0.75161
-0.0069353,-0.010415,0.084704,0.01495,2.8379,0.17843,0.10293,1.539,0.26295,0.11103,-0.14344,-0.8301,-0.34014,-0.13906,0.023572,0.55333,-0.17443,-0.28755,0.30196,-0.10809,0.68751,0.29562,-0.48386,-0.79618
-0.0060896,-0.0088943,0.083398,0.0089899,2.8135,0.42958,0.16287,1.6097,0.56708,0.23877,-0.12065,-0.98032,-0.21526,-0.22133,-0.0074602,0.87589,-0.15208,-0.23318,0.43256,-0.076451,0.68801,0.25126,-0.30778,-0.7419
-0.0065296,-0.0087193,0.084769,0.0042063,2.6567,0.65104,0.17614,1.5619,0.82295,0.35455,-0.1545,-1.0691,-0.028409,-0.2851,-0.034967,1.2018,-0.12717,-0.17193,0.57073,-0.048231,0.6409,0.18987,-0.044267,-0.63295
-0.0076226,-0.0089816,0.086703,-0.0013218,2.3854,0.78678,0.13921,1.4251,0.98615,0.45128,-0.24026,-1.1073,0.17435,-0.33245,-0.064981,1.5289,-0.10187,-0.12954,0.71271,-0.027053,0.55952,0.12058,0.24883,-0.53694
-0.0082207,-0.0091998,0.086228,-0.0089416,2.0769,0.82053,0.046443,1.2424,1.0403,0.52359,-0.36628,-1.1426,0.35311,-0.36131,-0.093313,1.8336,-0.078849,-0.12012,0.85248,-0.012115,0.46559,0.055981,0.48722,-0.50469
-0.007263,-0.0093785,0.081907,-0.018293,1.8113,0.77684,-0.10671,1.048,0.99823,0.56916,-0.52352,-1.227,0.48567,-0.37094,-0.10741,2.0962,-0.060811,-0.14192,0.98469,-0.00067842,0.37894,0.0056151,0.59897,-0.5457
-0.0046829,-0.0096402,0.074697,-0.027418,1.6249,0.69836,-0.3102,0.86318,0.89019,0.58837,-0.70854,-1.3795,0.56704,-0.36733,-0.097173,2.3249,-0.048917,-0.18367,1.1057,0.0095105,0.30959,-0.029143,0.56623,-0.6275
-0.001782,-0.0098788,0.066891,-0.033912,1.5101,0.61849,-0.53277,0.70776,0.74754,0.5821,-0.91817,-1.5766,0.60506,-0.36198,-0.065073,2.5621,-0.041219,-0.23506,1.211,0.019337,0.25594,-0.054908,0.43518,-0.69537
-0.00044177,-0.0097476,0.060316,-0.036433,1.4521,0.54765,-0.73418,0.61089,0.59198,0.54982,-1.1417,-1.7795,0.62036,-0.36371,-0.026636,2.8628,-0.032936,-0.29242,1.2915,0.028771,0.20908,-0.081046,0.28072,-0.70061
-0.0015744,-0.0089402,0.055253,-0.035696,1.4582,0.4793,-0.88927,0.60264,0.43472,0.48986,-1.3592,-1.9688,0.64889,-0.37068,-0.00068622,3.2607,-0.019089,-0.35628,1.335,0.037681,0.1596,-0.11339,0.15027,-0.62227
-0.0041307,-0.0074516,0.050736,-0.034299,1.5506,0.40739,-1.0026,0.69172,0.28351,0.40213,-1.5481,-2.1542,0.73681,-0.37035,0.0023838,3.7406,0.0021196,-0.42497,1.3335,0.046314,0.10287,-0.15132,0.029481,-0.47151
-0.0057584,-0.0055626,0.045731,-0.035252,1.731,0.34157,-1.0982,0.85123,0.15018,0.29121,-1.6931,-2.352,0.9205,-0.34922,-0.014865,4.2393,0.027715,-0.49165,1.2908,0.055311,0.040772,-0.18957,-0.14512,-0.27865
-0.0048006,-0.0035809,0.040187,-0.039985,1.9549,0.30945,-1.1906,1.0303,0.050737,0.16724,-1.7915,-2.5568,1.1995,-0.30463,-0.042105,4.6781,0.05148,-0.54792,1.2266,0.065274,-0.019671,-0.22254,-0.44018,-0.073302
-0.0019351,-0.0016349,0.035189,-0.047176,2.1448,0.34469,-1.2626,1.186,-0.0035821,0.044034,-1.8472,-2.7403,1.5222,-0.24864,-0.070683,5.0143,0.06751,-0.58996,1.1699,0.075974,-0.069288,-0.24745,-0.88339,0.12825
0.00018983,0.00022616,0.03213,-0.053487,2.2344,0.46818,-1.2717,1.3104,-0.017569,-0.06425,-1.861,-2.8757,1.8026,-0.19936,-0.099549,5.2795,0.073252,-0.62041,1.1494,0.085501,-0.10013,-0.26445,-1.4523,0.3224
-0.00072522,0.0017021,0.031522,-0.055956,2.2116,0.67452,-1.182,1.4304,-0.014122,-0.14617,-1.8251,-2.9612,1.9648,-0.16524,-0.13411,5.5696,0.070083,-0.64356,1.1835,0.090147,-0.10863,-0.27474,-2.09,0.51065
-0.0043165,0.0020643,0.032307,-0.054328,2.1259,0.93255,-0.99874,1.5798,-0.021483,-0.19467,-1.7283,-3.0132,1.992,-0.13402,-0.18031,5.978,0.061538,-0.65858,1.2773,0.085666,-0.097889,-0.27889,-2.7247,0.69718
-0.0074587,0.00046474,0.032299,-0.051376,2.0534,1.1996,-0.77469,1.7689,-0.052754,-0.20767,-1.568,-3.0337,1.946,-0.075282,-0.23871,6.5057,0.050868,-0.65798,1.4221,0.069679,-0.077739,-0.27665,-3.2772,0.89585
-0.0067424,-0.0033795,0.029566,-0.050719,2.0443,1.4397,-0.58282,1.9745,-0.094101,-0.18793,-1.3575,-2.9891,1.9418,0.043748,-0.30195,7.0218,0.039608,-0.63424,1.5969,0.043847,-0.061468,-0.2678,-3.6667,1.1369
-0.0015053,-0.0086832,0.023853,-0.053807,2.088,1.632,-0.47472,2.1565,-0.11369,-0.14189,-1.1237,-2.8278,2.0863,0.23822,-0.35595,7.3227,0.027591,-0.58908,1.7699,0.014103,-0.059785,-0.25277,-3.8313,1.4575
0.005266,-0.013817,0.016968,-0.058649,2.1189,1.7665,-0.45494,2.2863,-0.086767,-0.077401,-0.89354,-2.5284,2.4178,0.49311,-0.38428,7.2708,0.01377,-0.53692,1.9034,-0.011663,-0.07511,-0.2326,-3.7628,1.8743
0.009067,-0.017232,0.011722,-0.061452,2.0595,1.834,-0.48735,2.3624,-0.017023,-0.0010308,-0.68238,-2.1339,2.8777,0.76485,-0.37454,6.9128,-0.0029946,-0.49843,1.9637,-0.027391,-0.10017,-0.20886,-3.5265,2.3548
0.0072962,-0.018399,0.010132,-0.059762,1.8722,1.8238,-0.52343,2.4059,0.064396,0.082859,-0.49153,-1.7345,3.3319,0.99609,-0.32465,6.4739,-0.023446,-0.48823,1.9352,-0.031881,-0.12269,-0.18404,-3.235,2.8168
0.0011383,-0.017969,0.012157,-0.054282,1.5888,1.7352,-0.52806,2.444,0.12281,0.17012,-0.31568,-1.4052,3.6284,1.1361,-0.24517,6.214,-0.047626,-0.50594,1.8273,-0.029183,-0.13359,-0.16193,-2.9797,3.165
-0.0055,-0.016995,0.015857,-0.047809,1.2958,1.5918,-0.48527,2.4952,0.14681,0.25293,-0.15267,-1.1506,3.6597,1.1574,-0.15481,6.2441,-0.074622,-0.53668,1.6706,-0.026017,-0.13303,-0.14671,-2.7667,3.3437
-0.008894,-0.015907,0.018739,-0.042489,1.0852,1.4422,-0.38739,2.5662,0.15443,0.31783,-0.0069625,-0.90286,3.3985,1.0621,-0.07089,6.4472,-0.10245,-0.55983,1.502,-0.027645,-0.12977,-0.14069,-2.5111,3.3663
-0.0078194,-0.014205,0.019173,-0.038185,0.99894,1.3373,-0.22558,2.6563,0.17309,0.3488,0.11458,-0.58124,2.8909,0.87599,-0.0014614,6.5662,-0.12811,-0.55956,1.3485,-0.03454,-0.13409,-0.14213,-2.1046,3.2971
-0.0037257,-0.011181,0.016882,-0.033521,1.0045,1.299,0.0047643,2.7609,0.21112,0.33532,0.20931,-0.16261,2.218,0.63539,0.053674,6.3862,-0.148,-0.53098,1.2193,-0.041899,-0.14977,-0.14547,-1.5078,3.1999
0.00083062,-0.0070109,0.01241,-0.028327,1.0161,1.304,0.28821,2.8695,0.24713,0.27991,0.28142,0.29486,1.451,0.37438,0.093576,5.8663,-0.15857,-0.48021,1.108,-0.0426,-0.17162,-0.14477,-0.7958,3.094
0.0039171,-0.0031209,0.0063224,-0.024735,0.95063,1.3003,0.58135,2.9647,0.24728,0.19923,0.33888,0.69557,0.63307,0.11836,0.10734,5.1234,-0.15757,-0.42052,1.0011,-0.032335,-0.19046,-0.13803,-0.11974,2.9528
0.0049517,-0.001331,-0.001064,-0.025537,0.78269,1.2459,0.82721,3.0266,0.19529,0.11631,0.38868,0.98059,-0.20522,-0.11431,0.076219,4.3046,-0.14555,-0.36714,0.88376,-0.014124,-0.20125,-0.12883,0.38751,2.742
0.0044485,-0.0024117,-0.0093195,-0.031326,0.5636,1.1425,0.98641,3.0432,0.10853,0.048643,0.43444,1.169,-1.0108,-0.30725,-0.012313,3.4699,-0.12662,-0.33188,0.7414,0.0006929,-0.20756,-0.12327,0.6879,2.4621
0.0034735,-0.0053041,-0.017535,-0.039302,0.39065,1.0358,1.0624,3.0196,0.026329,0.00041392,0.47758,1.3327,-1.6915,-0.44415,-0.14975,2.5806,-0.10742,-0.31856,0.56138,-0.0036219,-0.21821,-0.12433,0.84281,2.1598
0.003232,-0.007785,-0.024537,-0.045095,0.3447,0.98301,1.0988,2.9772,-0.018366,-0.035387,0.51911,1.5285,-2.1432,-0.51251,-0.3055,1.5846,-0.094031,-0.32109,0.33828,-0.039626,-0.23918,-0.12813,0.95073,1.9022
0.0046578,-0.0081387,-0.029594,-0.045983,0.43527,1.0132,1.1486,2.9413,-0.01894,-0.067232,0.55946,1.7469,-2.3104,-0.51008,-0.44333,0.49867,-0.088462,-0.3267,0.082068,-0.10904,-0.26791,-0.126,1.0727,1.7355
0.0078274,-0.0064934,-0.032907,-0.042567,0.58958,1.11,1.2366,2.9262,0.0086957,-0.095916,0.59633,1.92,-2.2372,-0.44789,-0.54338,-0.59,-0.087278,-0.32359,-0.17715,-0.19917,-0.29527,-0.11101,1.2007,1.6591
0.011499,-0.00469,-0.03525,-0.037452,0.69432,1.228,1.3428,2.9266,0.046073,-0.11359,0.62327,1.9781,-2.0582,-0.34639,-0.61172,-1.5954,-0.083853,-0.30888,-0.39446,-0.28615,-0.31394,-0.084274,1.281,1.6263
0.013384,-0.0047553,-0.036978,-0.032398,0.664,1.3254,1.4199,2.9229,0.087236,-0.11118,0.63126,1.9015,-1.9218,-0.22709,-0.66939,-2.495,-0.073109,-0.29044,-0.52589,-0.34433,-0.32566,-0.055685,1.2617,1.5662
0.011368,-0.0072318,-0.037351,-0.02679,0.4913,1.3868,1.4279,2.8947,0.13569,-0.087093,0.61321,1.7268,-1.8918,-0.10584,-0.73074,-3.3141,-0.055497,-0.28068,-0.54812,-0.35792,-0.34073,-0.037996,1.1233,1.4139
0.0050775,-0.010766,-0.035027,-0.018947,0.24724,1.4217,1.3616,2.8335,0.19002,-0.049004,0.56869,1.5094,-1.9017,0.007618,-0.79008,-4.048,-0.0374,-0.28632,-0.47228,-0.32903,-0.3692,-0.038408,0.87886,1.1385
-0.0033564,-0.013301,-0.02956,-0.0089518,0.034053,1.4473,1.2493,2.7467,0.23628,-0.0072964,0.50567,1.2861,-1.8059,0.10439,-0.82795,-4.6038,-0.027693,-0.30249,-0.34374,-0.27698,-0.41108,-0.053654,0.55585,0.75967
-0.010121,-0.013826,-0.022608,-9.6981e-005,-0.073991,1.4733,1.1302,2.6512,0.25657,0.033553,0.4377,1.0739,-1.4984,0.17116,-0.83011,-4.8351,-0.032962,-0.31598,-0.22632,-0.22841,-0.45391,-0.072005,0.18565,0.3399
-0.011855,-0.013118,-0.017531,0.0028127,-0.061832,1.5011,1.028,2.5637,0.24491,0.077284,0.37767,0.89909,-1.0156,0.19086,-0.80084,-4.6531,-0.054522,-0.31534,-0.17623,-0.20302,-0.48066,-0.080521,-0.19457,-0.050501
-0.0077888,-0.012815,-0.017303,-0.0027571,0.037684,1.5327,0.94003,2.4919,0.21227,0.12957,0.33136,0.81354,-0.54285,0.1507,-0.75752,-4.1233,-0.088737,-0.29936,-0.21792,-0.20375,-0.48192,-0.072366,-0.53795,-0.3812
-0.00042382,-0.013694,-0.022247,-0.014374,0.17915,1.5737,0.84762,2.4313,0.17347,0.18913,0.29452,0.86717,-0.31059,0.052957,-0.7112,-3.4595,-0.12971,-0.27697,-0.33516,-0.21749,-0.46274,-0.049508,-0.79563,-0.68878
0.0058979,-0.014835,-0.029559,-0.025601,0.3313,1.6271,0.73302,2.3649,0.12802,0.24491,0.2551,1.0534,-0.45342,-0.079824,-0.65136,-2.9074,-0.17217,-0.25867,-0.48395,-0.2262,-0.4382,-0.01982,-0.93528,-1.0571
0.0077208,-0.014562,-0.035252,-0.030289,0.47714,1.6823,0.591,2.2659,0.054936,0.2824,0.19986,1.2805,-0.92874,-0.21064,-0.55089,-2.6034,-0.21272,-0.24665,-0.62083,-0.22018,-0.42138,0.0085262,-0.95633,-1.5596
0.0047102,-0.012296,-0.037149,-0.027037,0.59711,1.7149,0.42849,2.1036,-0.070124,0.29346,0.12152,1.4087,-1.549,-0.30325,-0.38939,-2.5158,-0.24927,-0.23152,-0.72761,-0.20408,-0.41341,0.031228,-0.88888,-2.207
-0.00020439,-0.0094512,-0.036515,-0.020214,0.65982,1.7003,0.25727,1.855,-0.24863,0.28063,0.022278,1.3363,-2.0966,-0.33796,-0.17645,-2.5062,-0.27932,-0.19793,-0.81433,-0.19146,-0.404,0.048203,-0.77688,-2.9422
-0.0029588,-0.0083267,-0.036967,-0.016527,0.63497,1.6318,0.087439,1.5183,-0.44764,0.25218,-0.088065,1.0693,-2.4357,-0.31828,0.045637,-2.4551,-0.29868,-0.13445,-0.8978,-0.1928,-0.382,0.060786,-0.65859,-3.6874
-0.0012696,-0.0099157,-0.041479,-0.019688,0.51845,1.5278,-0.074871,1.1196,-0.61607,0.21293,-0.19776,0.71517,-2.5519,-0.26462,0.22433,-2.3498,-0.30151,-0.040594,-0.97411,-0.20648,-0.34711,0.068546,-0.5572,-4.3987
0.0037938,-0.012758,-0.04987,-0.027425,0.34485,1.4175,-0.2273,0.70472,-0.71856,0.1601,-0.29789,0.40055,-2.5138,-0.20064,0.32903,-2.2729,-0.28239,0.072683,-1.0109,-0.21964,-0.3126,0.068359,-0.48372,-5.0797
0.0087328,-0.014076,-0.058763,-0.033352,0.17109,1.3181,-0.37079,0.31838,-0.76157,0.08854,-0.38259,0.17632,-2.4057,-0.14245,0.36914,-2.3177,-0.23985,0.18747,-0.97025,-0.21733,-0.29643,0.056486,-0.44392,-5.7407
0.010286,-0.012272,-0.063999,-0.032269,0.039835,1.218,-0.50811,-0.016967,-0.79051,0.00053563,-0.44517,-0.015965,-2.2847,-0.097073,0.38504,-2.5093,-0.17949,0.28444,-0.84664,-0.19248,-0.3078,0.032142,-0.4403,-6.3456
0.0077657,-0.0084966,-0.063604,-0.024576,-0.049517,1.0842,-0.63958,-0.30646,-0.85867,-0.08944,-0.47492,-0.29184,-2.1773,-0.067609,0.41939,-2.7946,-0.1144,0.34701,-0.68593,-0.14928,-0.34018,-0.00019876,-0.46761,-6.7998
0.0033267,-0.0057909,-0.059105,-0.016075,-0.13822,0.88689,-0.75761,-0.56778,-0.98925,-0.16052,-0.45973,-0.73068,-2.0899,-0.057069,0.4909,-3.0975,-0.061501,0.36421,-0.56565,-0.098695,-0.37692,-0.031828,-0.50761,-6.9988
0.00013949,-0.0065523,-0.054396,-0.013257,-0.27442,0.62365,-0.84552,-0.80814,-1.1575,-0.19775,-0.3948,-1.3157,-2.0109,-0.065713,0.58875,-3.3811,-0.034852,0.33303,-0.54642,-0.05077,-0.40472,-0.054056,-0.52971,-6.9004
5.4765e-005,-0.010556,-0.053233,-0.018031,-0.47335,0.32623,-0.88445,-1.013,-1.3044,-0.20094,-0.29069,-1.95,-1.902,-0.08522,0.68847,-3.6637,-0.03947,0.25936,-0.63171,-0.0099082,-0.42388,-0.063192,-0.49905,-6.5629
0.0025847,-0.015211,-0.057199,-0.026347,-0.70144,0.044257,-0.86519,-1.1569,-1.3731,-0.18283,-0.17253,-2.5264,-1.7064,-0.098239,0.77357,-3.9787,-0.069582,0.15603,-0.76907,0.02435,-0.44692,-0.062878,-0.38845,-6.1177
0.0057691,-0.017677,-0.065306,-0.031804,-0.89573,-0.18036,-0.79547,-1.2267,-1.3403,-0.15851,-0.067967,-2.9889,-1.382,-0.087739,0.84414,-4.321,-0.11253,0.038044,-0.89344,0.053189,-0.48688,-0.06186,-0.1894,-5.7013
0.0079322,-0.016931,-0.074987,-0.03102,-1.0035,-0.33082,-0.69576,-1.2367,-1.2254,-0.13504,0.0082798,-3.3373,-0.94349,-0.050521,0.9071,-4.6237,-0.15581,-0.082286,-0.97711,0.075256,-0.54534,-0.068375,0.08179,-5.3975
0.0087819,-0.01412,-0.083514,-0.026098,-1.0137,-0.41526,-0.5858,-1.2219,-1.0718,-0.10923,0.061126,-3.5822,-0.47276,-0.0030761,0.95903,-4.7827,-0.19254,-0.19717,-1.0438,0.087017,-0.6099,-0.08474,0.38515,-5.2243
0.0090986,-0.011225,-0.089041,-0.022247,-0.95926,-0.45394,-0.47301,-1.214,-0.9191,-0.073939,0.1071,-3.6985,-0.080622,0.027263,0.97863,-4.7085,-0.22225,-0.3018,-1.133,0.086153,-0.66251,-0.10566,0.66708,-5.1562
0.0095639,-0.0094659,-0.091095,-0.022939,-0.89388,-0.46601,-0.35256,-1.2197,-0.78526,-0.026319,0.15817,-3.6248,0.15847,0.020529,0.93709,-4.3697,-0.24742,-0.39221,-1.2453,0.075069,-0.69098,-0.1212,0.87819,-5.1487
0.0099411,-0.0088216,-0.090583,-0.026983,-0.86008,-0.4645,-0.21837,-1.2198,-0.66854,0.029146,0.21131,-3.3117,0.25116,-0.022502,0.81843,-3.8034,-0.26939,-0.46592,-1.3169,0.061629,-0.69426,-0.12223,0.99255,-5.1452
0.0093604,-0.0087677,-0.089246,-0.029866,-0.87139,-0.45931,-0.074369,-1.1871,-0.56238,0.084067,0.25256,-2.7755,0.27604,-0.082614,0.63345,-3.0952,-0.28684,-0.52471,-1.2529,0.056394,-0.67846,-0.10489,1.0182,-5.0788
0.0073834,-0.0091571,-0.088547,-0.027744,-0.9159,-0.4616,0.064515,-1.1088,-0.46747,0.13159,0.27086,-2.1124,0.3293,-0.1378,0.41598,-2.3454,-0.29729,-0.57593,-0.99775,0.068171,-0.64932,-0.07195,0.99098,-4.8895
0.0047897,-0.01026,-0.088537,-0.020354,-0.97383,-0.48417,0.18224,-0.99609,-0.39198,0.16863,0.26806,-1.459,0.46654,-0.17853,0.20495,-1.6457,-0.29923,-0.6284,-0.58805,0.10076,-0.60851,-0.031065,0.95338,-4.5602
0.0032288,-0.012064,-0.087637,-0.010578,-1.0342,-0.53753,0.27233,-0.87597,-0.34236,0.19409,0.25552,-0.92981,0.68008,-0.20981,0.026421,-1.0749,-0.29238,-0.68399,-0.14263,0.15257,-0.55631,0.0084539,0.92992,-4.1409
0.0038686,-0.013823,-0.083833,-0.0016826,-1.0995,-0.6248,0.33903,-0.77569,-0.31548,0.20643,0.24157,-0.57462,0.91899,-0.23932,-0.11184,-0.70778,-0.27621,-0.73092,0.20504,0.21848,-0.4962,0.038827,0.91391,-3.7304
0.0061301,-0.014571,-0.076544,0.0049156,-1.1772,-0.73873,0.38817,-0.71186,-0.2993,0.20403,0.22277,-0.3781,1.127,-0.26382,-0.2125,-0.61525,-0.24877,-0.74568,0.38238,0.29143,-0.43541,0.056322,0.87333,-3.4157
0.0077214,-0.014175,-0.06756,0.0095936,-1.2674,-0.86209,0.41757,-0.69056,-0.28141,0.18785,0.18846,-0.28936,1.2671,-0.2673,-0.2777,-0.84057,-0.20808,-0.70482,0.40482,0.36264,-0.38022,0.062644,0.77148,-3.2099
0.0062329,-0.013749,-0.060046,0.012991,-1.3574,-0.9714,0.41721,-0.71392,-0.25763,0.16281,0.13454,-0.25468,1.321,-0.23322,-0.30606,-1.3589,-0.15542,-0.60005,0.33905,0.42101,-0.33092,0.064461,0.58962,-3.0349
0.0011984,-0.01479,-0.056288,0.015032,-1.4274,-1.0438,0.38013,-0.78483,-0.23419,0.13539,0.073072,-0.23438,1.2755,-0.1603,-0.29905,-2.0535,-0.097708,-0.44608,0.23791,0.45444,-0.28187,0.070394,0.33843,-2.7638
-0.0051004,-0.017699,-0.05606,0.015468,-1.4634,-1.0652,0.31457,-0.905,-0.22263,0.10924,0.027959,-0.20409,1.1175,-0.067424,-0.26803,-2.743,-0.046161,-0.27417,0.1019,0.45398,-0.22697,0.086217,0.052669,-2.2936
-0.0090106,-0.021158,-0.056965,0.014976,-1.4674,-1.0372,0.24631,-1.0683,-0.23144,0.082888,0.020302,-0.15094,0.84737,0.017483,-0.23215,-3.2632,-0.011466,-0.11401,-0.10516,0.41889,-0.16551,0.11088,-0.22663,-1.6
-0.0082293,-0.023135,-0.056288,0.015268,-1.4548,-0.97754,0.20863,-1.2554,-0.2599,0.052314,0.056198,-0.071455,0.49778,0.075743,-0.20622,-3.5542,0.0016214,0.024306,-0.40564,0.35855,-0.1027,0.13641,-0.47126,-0.74415
-0.0037539,-0.022735,-0.052643,0.017899,-1.4405,-0.91266,0.22706,-1.435,-0.29693,0.016292,0.12684,0.030549,0.14061,0.10871,-0.18869,-3.6853,-0.0034033,0.15536,-0.76891,0.28895,-0.044691,0.15263,-0.67429,0.15977
0.00064944,-0.02118,-0.046133,0.022983,-1.4234,-0.86589,0.30875,-1.5724,-0.32508,-0.019932,0.21847,0.14976,-0.13282,0.1327,-0.16112,-3.7829,-0.016973,0.30548,-1.1153,0.2259,0.0072153,0.15395,-0.84235,0.99138
0.0012189,-0.02088,-0.037405,0.029161,-1.3829,-0.84736,0.44024,-1.6431,-0.32721,-0.045737,0.32119,0.28815,-0.25027,0.16292,-0.10154,-3.9043,-0.028577,0.48972,-1.3569,0.17997,0.057549,0.1434,-0.97643,1.6602
-0.0029347,-0.023289,-0.026929,0.034799,-1.2926,-0.85182,0.59096,-1.6438,-0.29313,-0.050098,0.42884,0.46103,-0.19403,0.19964,-0.0016126,-3.9552,-0.031703,0.69485,-1.4404,0.15631,0.11228,0.13074,-1.0548,2.1251
-0.0092128,-0.027425,-0.015253,0.039161,-1.1437,-0.86442,0.71871,-1.5965,-0.2233,-0.027045,0.53301,0.69538,-0.010334,0.22719,0.12589,-3.7275,-0.02613,0.88176,-1.3628,0.15767,0.17327,0.12581,-1.0322,2.4
-0.013709,-0.03046,-0.0035934,0.04243,-0.96142,-0.86992,0.77731,-1.5406,-0.1281,0.021157,0.62108,1.0204,0.21477,0.22574,0.2549,-3.0419,-0.016942,1.0072,-1.1559,0.18597,0.23655,0.13195,-0.86038,2.546
-0.014392,-0.029972,0.0063722,0.044817,-0.80013,-0.85951,0.72915,-1.5159,-0.023802,0.08381,0.6831,1.4547,0.39952,0.18629,0.36158,-1.8867,-0.011258,1.0513,-0.86205,0.23969,0.29559,0.14441,-0.52072,2.6509
-0.012647,-0.025995,0.013672,0.04594,-0.7175,-0.83321,0.56165,-1.5456,0.072231,0.1443,0.72107,1.9949,0.50411,0.11792,0.43446,-0.44171,-0.01432,1.0311,-0.52066,0.30979,0.3462,0.15441,-0.048738,2.7995
-0.011905,-0.021131,0.019017,0.045242,-0.74324,-0.79936,0.29981,-1.6293,0.14463,0.18527,0.74958,2.6077,0.54048,0.042888,0.47221,1.0341,-0.026654,0.99111,-0.17178,0.37981,0.38881,0.15545,0.46729,3.0489
-0.014586,-0.018574,0.024337,0.042948,-0.86329,-0.77311,0.0049355,-1.7494,0.18128,0.19594,0.7842,3.2278,0.55188,-0.01624,0.47355,2.3548,-0.043568,0.97731,0.13838,0.43214,0.42657,0.14704,0.91771,3.4195
-0.019952,-0.019681,0.031032,0.040368,-1.029,-0.77336,-0.24426,-1.8868,0.17452,0.1787,0.82675,3.7635,0.57964,-0.049167,0.43036,3.4741,-0.057398,1.0118,0.36224,0.45613,0.46138,0.13373,1.2187,3.8972
-0.024679,-0.022992,0.038525,0.038994,-1.1832,-0.81609,-0.38112,-2.031,0.12393,0.15053,0.86152,4.1117,0.64033,-0.063166,0.33094,4.4245,-0.061329,1.0847,0.46643,0.45102,0.4914,0.12114,1.35,4.4363
-0.025615,-0.025477,0.044664,0.039148,-1.2856,-0.90495,-0.37649,-2.1777,0.03978,0.13605,0.8673,4.185,0.72484,-0.078829,0.17046,5.2082,-0.052541,1.167,0.44552,0.42134,0.51154,0.11229,1.3619,4.9593
-0.022373,-0.024958,0.047831,0.039532,-1.3234,-1.0251,-0.24779,-2.3175,-0.056295,0.1549,0.8351,3.9417,0.81304,-0.11857,-0.040706,5.7599,-0.032706,1.2324,0.32194,0.36983,0.51643,0.10664,1.3458,5.3651
-0.017663,-0.021817,0.048884,0.038252,-1.31,-1.1469,-0.0481,-2.4271,-0.13639,0.21093,0.77575,3.4072,0.88857,-0.19324,-0.27772,6.0177,-0.0059304,1.2742,0.13182,0.29557,0.50361,0.10136,1.3846,5.5637
-0.015186,-0.018685,0.051004,0.034512,-1.2785,-1.2408,0.15815,-2.4771,-0.1766,0.29093,0.71048,2.674,0.9434,-0.2933,-0.51036,6.0257,0.023717,1.3059,-0.091938,0.19956,0.47511,0.093339,1.5093,5.5311
-0.016854,-0.018341,0.057271,0.029492,-1.2758,-1.2946,0.32114,-2.4504,-0.16749,0.37372,0.65314,1.8756,0.97422,-0.39018,-0.71324,5.9474,0.052836,1.3479,-0.32724,0.091388,0.43662,0.080539,1.6887,5.3448
-0.021472,-0.021392,0.067909,0.025556,-1.3499,-1.3202,0.42209,-2.3584,-0.11827,0.44313,0.6,1.1475,0.97897,-0.44868,-0.87082,5.959,0.077446,1.4095,-0.55795,-0.011199,0.39476,0.062662,1.8559,5.1609
-0.02571,-0.025515,0.07961,0.024374,-1.5253,-1.3438,0.47404,-2.237,-0.051226,0.49552,0.53528,0.59229,0.95821,-0.44515,-0.97593,6.1122,0.092147,1.4786,-0.76467,-0.091377,0.35392,0.041312,1.9567,5.1285
-0.02646,-0.026946,0.087784,0.025459,-1.7757,-1.3846,0.50801,-2.1248,0.010514,0.53718,0.44575,0.26398,0.91811,-0.38091,-1.0258,6.2916,0.091889,1.5241,-0.92181,-0.14346,0.31438,0.019723,1.9882,5.2946
-0.02284,-0.023335,0.090148,0.026351,-2.0182,-1.4399,0.55197,-2.0383,0.054351,0.57486,0.33045,0.17016,0.87013,-0.28166,-1.0205,6.3107,0.07573,1.5107,-1.0054,-0.17463,0.27323,0.0017202,2.0019,5.5689
-0.016612,-0.015901,0.088758,0.024367,-2.1463,-1.4863,0.61385,-1.9658,0.081356,0.60744,0.19785,0.28132,0.82629,-0.18223,-0.96475,6.0626,0.049194,1.417,-1.0067,-0.19648,0.22749,-0.01004,2.0691,5.7815
-0.010928,-0.009078,0.088643,0.018596,-2.089,-1.4971,0.67782,-1.8834,0.10002,0.62504,0.055727,0.53694,0.79417,-0.10672,-0.87109,5.5951,0.022194,1.246,-0.94114,-0.21429,0.17718,-0.015781,2.2316,5.793
-0.0083129,-0.0075248,0.093857,0.010574,-1.8572,-1.4606,0.71557,-1.7799,0.11636,0.61569,-0.094387,0.85134,0.77508,-0.057693,-0.76006,5.0567,0.003216,1.0237,-0.84511,-0.22451,0.12577,-0.019104,2.4717,5.5747
-0.0091393,-0.012461,0.10395,0.0030765,-1.5387,-1.3855,0.70512,-1.6681,0.1285,0.57435,-0.25233,1.1298,0.76483,-0.021727,-0.65564,4.5745,-0.0058564,0.78591,-0.76202,-0.2225,0.077359,-0.025616,2.7224,5.2042
-0.011468,-0.020181,0.11379,-0.0020075,-1.2438,-1.2908,0.64519,-1.574,0.12956,0.50814,-0.41006,1.2983,0.75502,0.014667,-0.57721,4.1754,-0.0099925,0.56367,-0.72378,-0.21231,0.032995,-0.040211,2.9085,4.789
-0.012383,-0.024276,0.11716,-0.0050213,-1.0409,-1.19,0.55616,-1.516,0.11549,0.43436,-0.54928,1.3337,0.73533,0.052555,-0.53228,3.8072,-0.016119,0.37405,-0.73822,-0.20784,-0.010261,-0.06459,2.9892,4.3846
-0.010014,-0.020245,0.1114,-0.0080333,-0.93151,-1.0848,0.46792,-1.4936,0.090195,0.3727,-0.65085,1.2695,0.69943,0.081728,-0.51394,3.4162,-0.027247,0.22098,-0.78866,-0.22303,-0.056137,-0.096751,2.9709,3.9693
-0.004914,-0.0090836,0.099579,-0.012971,-0.87747,-0.97036,0.40384,-1.4941,0.063487,0.3357,-0.7096,1.1676,0.65393,0.093053,-0.50554,2.998,-0.040296,0.10294,-0.84576,-0.25961,-0.10416,-0.13294,2.8858,3.4836
0.00023792,0.003077,0.088197,-0.020002,-0.84828,-0.84587,0.37118,-1.5087,0.04366,0.32263,-0.7423,1.0707,0.62268,0.089566,-0.49071,2.5791,-0.048648,0.021056,-0.88539,-0.30395,-0.14721,-0.17057,2.7586,2.8913
0.0025279,0.0091992,0.082452,-0.027496,-0.84304,-0.71871,0.36297,-1.5404,0.031529,0.3199,-0.78202,0.97065,0.63779,0.085612,-0.46382,2.1678,-0.046334,-0.018158,-0.90281,-0.33671,-0.17397,-0.20956,2.5889,2.2107
0.00099967,0.0063111,0.082744,-0.033499,-0.87176,-0.59963,0.36744,-1.5962,0.020787,0.30805,-0.86267,0.81931,0.7179,0.094963,-0.43436,1.7393,-0.03022,-0.0067929,-0.91482,-0.34698,-0.17443,-0.25054,2.3618,1.5024
-0.0025032,-0.0025373,0.085118,-0.037393,-0.92284,-0.49538,0.37681,-1.6723,0.0037128,0.27159,-1.0039,0.57362,0.8477,0.11939,-0.4213,1.2748,0.00041021,0.056375,-0.94881,-0.33909,-0.14408,-0.29104,2.073,0.83114
-0.0045681,-0.010705,0.084913,-0.040365,-0.95568,-0.4068,0.38969,-1.7505,-0.023263,0.20624,-1.2044,0.24001,0.97739,0.14852,-0.43989,0.80972,0.0445,0.15909,-1.0255,-0.32659,-0.08413,-0.32319,1.7405,0.23761
-0.0026606,-0.01277,0.080294,-0.04436,-0.92837,-0.33319,0.40786,-1.8083,-0.058526,0.11988,-1.4441,-0.11971,1.0481,0.17072,-0.48872,0.4275,0.098099,0.27494,-1.1472,-0.31978,0.0010763,-0.3358,1.3919,-0.26659
0.0030511,-0.0080797,0.072802,-0.050448,-0.83194,-0.27644,0.43271,-1.8329,-0.098202,0.02752,-1.6919,-0.42686,1.0287,0.1843,-0.5466,0.19479,0.15265,0.37006,-1.299,-0.31821,0.10617,-0.32038,1.0391,-0.68488
0.0098607,-0.00061392,0.06501,-0.057859,-0.69455,-0.23933,0.4656,-1.8232,-0.13879,-0.055674,-1.9144,-0.63876,0.9363,0.19815,-0.58235,0.094326,0.19587,0.41433,-1.4615,-0.31435,0.22486,-0.27689,0.66589,-1.017
0.014471,0.00434,0.05786,-0.06439,-0.55004,-0.22016,0.51097,-1.7772,-0.17655,-0.11855,-2.0842,-0.77435,0.82324,0.22147,-0.57195,0.022968,0.21679,0.39095,-1.6243,-0.30369,0.34941,-0.21485,0.24327,-1.2474
0.015152,0.0040026,0.05016,-0.067874,-0.40329,-0.2109,0.57739,-1.6789,-0.20501,-0.15407,-2.1873,-0.89283,0.73789,0.2534,-0.51122,-0.13836,0.21203,0.29984,-1.7885,-0.29123,0.47126,-0.14861,-0.23969,-1.3452
0.012525,-0.00030794,0.040355,-0.067707,-0.22987,-0.203,0.67285,-1.5023,-0.21486,-0.15777,-2.2271,-1.0431,0.68866,0.28322,-0.41549,-0.44439,0.18862,0.15412,-1.9558,-0.28773,0.58269,-0.090418,-0.75776,-1.279
0.008665,-0.0046352,0.028511,-0.065402,-0.013453,-0.19604,0.79624,-1.2335,-0.19818,-0.12841,-2.2199,-1.2233,0.63952,0.30185,-0.30753,-0.86556,0.16037,-0.026984,-2.1136,-0.29943,0.67694,-0.046056,-1.2627,-1.04
0.005547,-0.0055056,0.016544,-0.063704,0.2154,-0.19987,0.93195,-0.8935,-0.15434,-0.071127,-2.1852,-1.3793,0.5408,0.31337,-0.20383,-1.34,0.14021,-0.22455,-2.2286,-0.32046,0.74636,-0.015301,-1.7175,-0.65949
0.0041047,-0.002349,0.0066689,-0.064725,0.38076,-0.22661,1.0535,-0.53821,-0.092405,-0.0001121,-2.135,-1.4414,0.37028,0.33403,-0.10957,-1.8405,0.13385,-0.42333,-2.2566,-0.33519,0.78126,0.0048401,-2.1204,-0.20623
0.0042681,0.0023829,-0.00021286,-0.068324,0.4083,-0.27871,1.1354,-0.23222,-0.027115,0.063785,-2.0705,-1.3702,0.15131,0.37751,-0.024137,-2.3917,0.13901,-0.61187,-2.1663,-0.32844,0.77353,0.017994,-2.4917,0.2385
0.0054133,0.005219,-0.0046499,-0.071922,0.2795,-0.34383,1.1659,-0.013021,0.028926,0.10133,-1.9881,-1.1791,-0.066226,0.43862,0.05019,-3.0247,0.15009,-0.78022,-1.9595,-0.29532,0.72462,0.02887,-2.8295,0.61133
0.006625,0.0041569,-0.0074126,-0.072055,0.045494,-0.40159,1.1507,0.12708,0.071208,0.10481,-1.889,-0.92174,-0.24406,0.49123,0.10582,-3.7235,0.16405,-0.91692,-1.6748,-0.24308,0.65158,0.044137,-3.0719,0.88006
0.0068566,-0.00014744,-0.0083831,-0.066652,-0.21102,-0.43625,1.1063,0.22854,0.10333,0.08264,-1.7808,-0.6565,-0.37919,0.50501,0.13599,-4.4224,0.18317,-1.0071,-1.3717,-0.18461,0.58322,0.07061,-3.1045,1.0342
0.0054454,-0.0051151,-0.0068213,-0.056448,-0.43152,-0.44488,1.0464,0.33255,0.13194,0.05456,-1.6692,-0.41695,-0.49308,0.46895,0.14298,-5.0587,0.21327,-1.0337,-1.1007,-0.12969,0.54538,0.11063,-2.8207,1.0715
0.0029099,-0.0080744,-0.0027747,-0.044583,-0.60616,-0.43551,0.97252,0.45407,0.16128,0.039586,-1.5465,-0.20626,-0.59903,0.40149,0.13963,-5.6268,0.25908,-0.98191,-0.88161,-0.080594,0.54394,0.15849,-2.1984,1.0024
0.0011748,-0.0077387,0.0018298,-0.034822,-0.74979,-0.41869,0.87369,0.57834,0.19117,0.044152,-1.3899,-0.015825,-0.68104,0.33702,0.14161,-6.1752,0.32035,-0.84362,-0.70019,-0.03424,0.55863,0.20211,-1.3358,0.87347
0.0024817,-0.0044796,0.0036981,-0.029774,-0.85769,-0.40047,0.7357,0.67999,0.21894,0.058322,-1.176,0.15086,-0.70687,0.29759,0.15719,-6.7425,0.39091,-0.61814,-0.52631,0.012765,0.55394,0.23002,-0.41916,0.78102
0.007471,0.00035485,0.00015764,-0.03017,-0.88717,-0.3808,0.55158,0.74802,0.24242,0.062736,-0.9023,0.27009,-0.66481,0.27287,0.18375,-7.2894,0.4609,-0.3097,-0.33956,0.060598,0.50097,0.23834,0.36211,0.84549
0.014092,0.0052369,-0.0088902,-0.035207,-0.78448,-0.35523,0.32764,0.79785,0.26122,0.04189,-0.59772,0.31209,-0.58898,0.22585,0.21433,-7.6906,0.52043,0.072524,-0.14463,0.10623,0.39506,0.23178,0.89863,1.1507
0.018673,0.00886,-0.020712,-0.043173,-0.53345,-0.31668,0.082441,0.86329,0.27598,-0.0049855,-0.31062,0.2648,-0.54563,0.12142,0.24826,-7.8014,0.56227,0.50672,0.032883,0.14546,0.25742,0.21751,1.1947,1.6878
0.018649,0.010299,-0.031564,-0.051826,-0.18121,-0.25717,-0.15971,0.97558,0.28715,-0.062582,-0.081197,0.14605,-0.58785,-0.044145,0.29532,-7.5487,0.58265,0.94656,0.16439,0.1747,0.12099,0.19762,1.3409,2.3485
0.014711,0.0092925,-0.039268,-0.058713,0.18281,-0.17267,-0.37728,1.1447,0.295,-0.10854,0.081925,-0.0069496,-0.71544,-0.23667,0.36833,-6.982,0.58037,1.3186,0.23446,0.1915,0.012957,0.16765,1.4515,2.9757
0.010367,0.0065584,-0.044499,-0.061879,0.47898,-0.070436,-0.55915,1.3552,0.30049,-0.12676,0.203,-0.16214,-0.87426,-0.40568,0.46909,-6.2521,0.55605,1.5412,0.24375,0.19489,-0.053303,0.12337,1.604,3.4362
0.009073,0.0036385,-0.049678,-0.060823,0.68172,0.027714,-0.70832,1.5785,0.30572,-0.11631,0.31806,-0.31055,-0.9961,-0.51693,0.57957,-5.541,0.51224,1.5616,0.20083,0.18587,-0.073691,0.070348,1.8067,3.6655
0.011371,0.0019803,-0.056331,-0.056869,0.82714,0.093394,-0.83938,1.7927,0.31306,-0.090595,0.44818,-0.46301,-1.0462,-0.57045,0.66669,-4.9898,0.4542,1.388,0.11518,0.16781,-0.044654,0.026728,2.0027,3.6645
0.014556,0.0017932,-0.063171,-0.052249,0.98535,0.10969,-0.96971,1.9955,0.3235,-0.068306,0.587,-0.63021,-1.0408,-0.59129,0.69939,-4.657,0.38959,1.0892,0.0002229,0.14556,0.03865,0.01483,2.1032,3.4683
0.015193,0.0017192,-0.0667,-0.048334,1.2204,0.086698,-1.1086,2.2001,0.33577,-0.063006,0.70967,-0.80489,-1.0243,-0.6034,0.66635,-4.5149,0.32646,0.75699,-0.11737,0.12353,0.1746,0.046435,2.0387,3.1228
0.012214,-0.00012863,-0.064066,-0.044504,1.56,0.060473,-1.2511,2.4168,0.34709,-0.077856,0.79371,-0.96173,-1.0284,-0.60963,0.58227,-4.4713,0.27039,0.4529,-0.19544,0.10417,0.34598,0.11271,1.8019,2.6851
0.0078211,-0.0044172,-0.055891,-0.038873,1.9837,0.07286,-1.383,2.6342,0.35502,-0.1073,0.8352,-1.0735,-1.0497,-0.59378,0.47829,-4.4065,0.22304,0.17994,-0.18871,0.088262,0.52053,0.18715,1.4591,2.2313
0.0054774,-0.0096246,-0.04663,-0.030489,2.4283,0.14615,-1.4921,2.8149,0.35894,-0.14213,0.84985,-1.1281,-1.0592,-0.54085,0.38382,-4.2185,0.18318,-0.099752,-0.069352,0.076666,0.66402,0.24016,1.1142,1.8455
0.0068515,-0.012883,-0.041937,-0.021045,2.8076,0.27168,-1.5812,2.912,0.36036,-0.17303,0.86137,-1.1315,-1.0332,-0.45604,0.31215,-3.86,0.1494,-0.41531,0.1606,0.071704,0.75705,0.2553,0.84592,1.5847
0.010454,-0.012164,-0.044982,-0.014271,3.0463,0.42027,-1.6693,2.895,0.36183,-0.1911,0.88729,-1.0983,-0.97646,-0.36559,0.25898,-3.3498,0.12186,-0.74635,0.47442,0.076247,0.80249,0.23594,0.65901,1.4447
0.013012,-0.0080444,-0.054534,-0.013164,3.1158,0.5643,-1.7806,2.7682,0.36555,-0.18771,0.93185,-1.0404,-0.9205,-0.29894,0.21263,-2.748,0.1016,-1.0255,0.83742,0.090786,0.81811,0.19869,0.48903,1.359
0.012191,-0.0034645,-0.066179,-0.017333,3.0525,0.69287,-1.9271,2.5693,0.37237,-0.15677,0.98808,-0.96486,-0.9009,-0.26787,0.16704,-2.1142,0.088371,-1.1838,1.2193,0.11082,0.8211,0.16001,0.25794,1.2397
0.0082669,-0.0014562,-0.075544,-0.022918,2.9403,0.81051,-2.0962,2.3504,0.38166,-0.099282,1.0452,-0.87973,-0.93395,-0.25988,0.12773,-1.4814,0.079054,-1.204,1.5929,0.12712,0.81725,0.12646,-0.061542,1.0332
0.0035338,-0.0026323,-0.080987,-0.025425,2.8642,0.92606,-2.2521,2.1567,0.39185,-0.025827,1.0949,-0.79702,-1.0086,-0.25081,0.10743,-0.86686,0.068446,-1.1406,1.9263,0.12949,0.80232,0.094891,-0.4239,0.75057
0.00028761,-0.0045963,-0.083901,-0.023212,2.8635,1.0459,-2.3504,2.0167,0.40111,0.046615,1.134,-0.72683,-1.0956,-0.22529,0.11616,-0.30486,0.051461,-1.0909,2.1812,0.11181,0.77231,0.060186,-0.74771,0.44831
-0.00072558,-0.0039584,-0.08683,-0.018684,2.9193,1.177,-2.3583,1.9457,0.40774,0.1026,1.1614,-0.66749,-1.1639,-0.18863,0.1539,0.13909,0.024904,-1.1388,2.3262,0.075262,0.73201,0.022203,-0.98022,0.17653
-0.00025859,0.00057834,-0.091204,-0.016206,2.9837,1.3313,-2.2692,1.9523,0.41025,0.13496,1.1749,-0.60315,-1.1941,-0.16184,0.21067,0.39805,-0.012214,-1.3106,2.3544,0.027671,0.69458,-0.014259,-1.1377,-0.063651
0.00065488,0.0066792,-0.096399,-0.018508,3.0254,1.521,-2.1047,2.0366,0.40722,0.14469,1.1688,-0.51391,-1.1839,-0.16571,0.27272,0.45929,-0.059039,-1.5676,2.2898,-0.020481,0.67347,-0.045438,-1.2923,-0.31768
0.001732,0.0098794,-0.10056,-0.024541,3.0513,1.7444,-1.9054,2.181,0.39737,0.1341,1.1366,-0.39093,-1.1484,-0.20722,0.32922,0.39354,-0.11263,-1.834,2.1748,-0.060827,0.67406,-0.073851,-1.5202,-0.63193
0.0033786,0.0070905,-0.10219,-0.030381,3.0909,1.9754,-1.7148,2.3449,0.38003,0.10017,1.0757,-0.24304,-1.1144,-0.27769,0.37485,0.32021,-0.16725,-2.0374,2.0471,-0.090078,0.69108,-0.1072,-1.853,-1.0034
0.0058127,-0.00073417,-0.10132,-0.032217,3.1619,2.1709,-1.5642,2.4754,0.35582,0.0355,0.99118,-0.088501,-1.1101,-0.36051,0.40786,0.32688,-0.21497,-2.136,1.9241,-0.11007,0.71114,-0.15179,-2.2664,-1.3694
0.0084078,-0.0090606,-0.099406,-0.028983,3.2508,2.2929,-1.4651,2.532,0.32703,-0.062584,0.89521,0.060627,-1.1495,-0.4397,0.42679,0.40792,-0.24864,-2.1246,1.8053,-0.12564,0.7161,-0.20681,-2.7048,-1.6503
0.0099811,-0.013078,-0.098409,-0.022797,3.3263,2.3281,-1.4107,2.5094,0.29751,-0.18249,0.79997,0.20746,-1.2232,-0.50251,0.42917,0.47773,-0.26587,-2.0256,1.686,-0.14183,0.68537,-0.26483,-3.1132,-1.812
0.0097956,-0.011164,-0.099733,-0.017271,3.3637,2.287,-1.3837,2.4385,0.27201,-0.29801,0.70897,0.36483,-1.3033,-0.53748,0.41278,0.45156,-0.27076,-1.8728,1.5692,-0.16186,0.59976,-0.31784,-3.4512,-1.8946
0.0083645,-0.0057221,-0.10364,-0.015193,3.3528,2.1848,-1.367,2.3608,0.25527,-0.37974,0.61259,0.541,-1.3625,-0.53453,0.37788,0.32485,-0.27139,-1.6987,1.4642,-0.18639,0.44996,-0.36292,-3.6843,-1.9812
0.0073191,-0.00091128,-0.10933,-0.017106,3.2761,2.0215,-1.3508,2.2938,0.25099,-0.41064,0.49241,0.72985,-1.3938,-0.49011,0.32836,0.1807,-0.27462,-1.525,1.3746,-0.21409,0.24648,-0.4022,-3.7762,-2.1318
0.0083779,0.00061511,-0.11548,-0.021348,3.0858,1.7842,-1.3351,2.2136,0.26075,-0.39412,0.33315,0.91321,-1.4113,-0.41345,0.27154,0.11782,-0.28268,-1.3615,1.2879,-0.243,0.022396,-0.43782,-3.7028,-2.3422
0.012139,-0.0007817,-0.12072,-0.025142,2.714,1.4712,-1.3263,2.0718,0.2832,-0.34893,0.13514,1.0713,-1.4319,-0.326,0.21767,0.16309,-0.29443,-1.2133,1.1784,-0.27214,-0.17789,-0.46738,-3.4842,-2.5659
0.017515,-0.002874,-0.12407,-0.026046,2.1246,1.1161,-1.3291,1.8358,0.314,-0.29574,-0.081091,1.1902,-1.4528,-0.25158,0.17947,0.24789,-0.3094,-1.0908,1.022,-0.30211,-0.31999,-0.48452,-3.2042,-2.7798
0.022197,-0.0038562,-0.12501,-0.023145,1.3687,0.78893,-1.3398,1.5234,0.34691,-0.24615,-0.28243,1.2603,-1.4509,-0.20355,0.17077,0.26923,-0.33001,-1.0126,0.81386,-0.33412,-0.3973,-0.48389,-2.9874,-3.026
0.02392,-0.0035189,-0.12346,-0.017535,0.59134,0.56626,-1.3429,1.2057,0.37585,-0.20113,-0.4396,1.2703,-1.4061,-0.17941,0.20251,0.18014,-0.3585,-0.99575,0.57779,-0.36765,-0.43212,-0.46514,-2.9339,-3.3828
0.021837,-0.0025212,-0.1197,-0.011735,-0.031779,0.49076,-1.3153,0.97006,0.39662,-0.15731,-0.54266,1.2078,-1.3299,-0.16707,0.27657,0.027658,-0.39104,-1.0372,0.35973,-0.39836,-0.45958,-0.4319,-3.0541,-3.8803
0.01715,-0.0010035,-0.11422,-0.0080955,-0.3917,0.55024,-1.2367,0.87061,0.40771,-0.11364,-0.60556,1.0698,-1.2667,-0.15685,0.38075,-0.093989,-0.4152,-1.1034,0.21032,-0.41833,-0.50646,-0.38683,-3.255,-4.436
0.012478,0.0016906,-0.10773,-0.0070612,-0.50659,0.69076,-1.1005,0.89733,0.40979,-0.072626,-0.656,0.87446,-1.261,-0.1483,0.48959,-0.13041,-0.41499,-1.1413,0.16408,-0.41948,-0.58019,-0.32825,-3.3953,-4.8771
0.010202,0.0058169,-0.10102,-0.0065638,-0.49884,0.85251,-0.91784,0.98675,0.40493,-0.037005,-0.71649,0.66153,-1.3171,-0.14615,0.57315,-0.11519,-0.38102,-1.1079,0.22432,-0.39837,-0.6727,-0.252,-3.3753,-5.0442
0.010862,0.0099524,-0.094884,-0.0032886,-0.5051,1.0002,-0.71331,1.0648,0.39617,-0.0066597,-0.78939,0.47509,-1.3862,-0.15068,0.60998,-0.13817,-0.31772,-0.99774,0.35916,-0.35907,-0.77187,-0.15721,-3.193,-4.8988
0.01286,0.011292,-0.089765,0.0048808,-0.58752,1.1282,-0.51318,1.0915,0.38737,0.020852,-0.85667,0.33925,-1.3987,-0.15272,0.59668,-0.26553,-0.24137,-0.84522,0.51028,-0.31167,-0.86848,-0.050253,-2.9264,-4.55
0.013783,0.0076497,-0.085461,0.017056,-0.71009,1.2426,-0.3348,1.0769,0.3825,0.04725,-0.89548,0.24594,-1.3163,-0.13861,0.5475,-0.48269,-0.16987,-0.70037,0.61153,-0.26701,-0.95432,0.057,-2.6615,-4.1819
0.012333,-0.00048209,-0.08105,0.029676,-0.78995,1.3426,-0.18209,1.0616,0.38402,0.071607,-0.89873,0.16562,-1.1623,-0.10029,0.484,-0.70521,-0.11233,-0.59515,0.61011,-0.23136,-1.0171,0.15354,-2.4293,-3.942
0.0092193,-0.0097494,-0.075354,0.038818,-0.77494,1.4177,-0.048121,1.0803,0.39121,0.09149,-0.88519,0.073583,-1.0045,-0.040572,0.42151,-0.84088,-0.066563,-0.52681,0.48062,-0.20504,-1.0418,0.23468,-2.2029,-3.8752
0.0062631,-0.01599,-0.067757,0.042674,-0.6842,1.4606,0.078071,1.1366,0.39984,0.10548,-0.89021,-0.028856,-0.90379,0.031235,0.36127,-0.84704,-0.025502,-0.46813,0.22614,-0.18581,-1.0208,0.30198,-1.9498,-3.9384
0.0046305,-0.01697,-0.058828,0.042299,-0.58588,1.4791,0.204,1.2069,0.40387,0.11391,-0.94256,-0.1153,-0.86698,0.10818,0.29231,-0.74196,0.013966,-0.39134,-0.13074,-0.17382,-0.96581,0.35822,-1.68,-4.0598
0.0038858,-0.013655,-0.050164,0.040273,-0.53841,1.4914,0.32767,1.2625,0.39811,0.11649,-1.0442,-0.15579,-0.84166,0.18963,0.20053,-0.57506,0.048042,-0.28352,-0.55594,-0.17358,-0.91,0.40209,-1.4415,-4.1817
0.0026908,-0.0091086,-0.043405,0.038653,-0.54677,1.5119,0.43438,1.2895,0.38023,0.10897,-1.1683,-0.14072,-0.75615,0.27617,0.07839,-0.39096,0.071004,-0.14346,-1.0024,-0.19044,-0.89381,0.4275,-1.2657,-4.2597
0.00029125,-0.0060634,-0.039034,0.038035,-0.5657,1.5409,0.49862,1.2886,0.35087,0.082581,-1.2777,-0.087642,-0.5783,0.36085,-0.069409,-0.21385,0.082749,0.029993,-1.4021,-0.22393,-0.94093,0.42808,-1.1196,-4.2439
-0.0027971,-0.0051499,-0.035901,0.038217,-0.54155,1.5715,0.49273,1.261,0.31231,0.028201,-1.3494,-0.026896,-0.35218,0.42684,-0.22572,-0.049659,0.091313,0.24076,-1.6679,-0.26317,-1.0389,0.40293,-0.91661,-4.0852
-0.005551,-0.0050844,-0.031936,0.039374,-0.45755,1.6049,0.40032,1.1957,0.26728,-0.056575,-1.387,0.020514,-0.18459,0.45562,-0.36468,0.11021,0.1079,0.48456,-1.7171,-0.28912,-1.1383,0.35906,-0.58642,-3.7711
-0.007734,-0.0044076,-0.025643,0.042267,-0.35018,1.6559,0.22808,1.075,0.21865,-0.16217,-1.4104,0.054192,-0.18358,0.44006,-0.45839,0.28819,0.13909,0.73732,-1.5132,-0.28337,-1.173,0.3087,-0.14516,-3.3499
-0.01028,-0.003146,-0.017259,0.047193,-0.28867,1.7382,0.0078796,0.89269,0.16968,-0.26819,-1.4343,0.087177,-0.38401,0.39148,-0.48567,0.51056,0.18326,0.96034,-1.0988,-0.23867,-1.0918,0.26388,0.29593,-2.9055
-0.014328,-0.0029312,-0.0085452,0.052892,-0.33357,1.8428,-0.21385,0.66839,0.12387,-0.35159,-1.4521,0.12906,-0.70929,0.33405,-0.44064,0.78052,0.23378,1.1235,-0.59054,-0.16413,-0.88392,0.2317,0.59429,-2.4905
-0.019899,-0.0054629,-0.0012789,0.056863,-0.49999,1.9316,-0.39502,0.44356,0.083969,-0.39742,-1.4412,0.17528,-1.0018,0.29012,-0.33684,1.0504,0.28501,1.2282,-0.13035,-0.081231,-0.5851,0.21271,0.66335,-2.081
-0.025565,-0.010629,0.0043924,0.057197,-0.74566,1.9561,-0.51444,0.26087,0.050904,-0.40508,-1.3837,0.21119,-1.1102,0.26712,-0.20369,1.2239,0.33512,1.308,0.18303,-0.012506,-0.2623,0.20216,0.51826,-1.6061
-0.029469,-0.015978,0.010211,0.054394,-0.9903,1.8865,-0.57702,0.14298,0.023972,-0.38585,-1.2848,0.22557,-0.98013,0.25484,-0.076056,1.2005,0.38355,1.4035,0.33876,0.030311,0.012943,0.19264,0.25158,-1.0376
-0.030768,-0.01825,0.018255,0.051302,-1.1565,1.7252,-0.60518,0.085632,0.0022082,-0.35397,-1.1724,0.22011,-0.68471,0.23399,0.017375,0.93953,0.42675,1.5323,0.40688,0.051111,0.18941,0.177,-0.034416,-0.46239
-0.030209,-0.015947,0.028789,0.0509,-1.2096,1.495,-0.62243,0.067191,-0.014388,-0.31876,-1.0776,0.20645,-0.3718,0.18959,0.061007,0.49541,0.45756,1.679,0.48622,0.064375,0.24947,0.15097,-0.28648,-0.059037
-0.02939,-0.010906,0.039516,0.053669,-1.1721,1.2157,-0.6386,0.064092,-0.025309,-0.28441,-1.0139,0.19403,-0.1652,0.12054,0.052945,-0.0028369,0.46957,1.8127,0.64364,0.083942,0.20886,0.11489,-0.51553,0.015991
-0.029428,-0.0073431,0.047189,0.056989,-1.1022,0.89636,-0.645,0.061193,-0.031552,-0.257,-0.97357,0.18083,-0.0913,0.040812,0.002453,-0.41401,0.4622,1.916,0.88312,0.11339,0.10601,0.073418,-0.77172,-0.25382
-0.030166,-0.008782,0.050429,0.057354,-1.0518,0.5496,-0.62085,0.053763,-0.037088,-0.25099,-0.9423,0.15589,-0.081589,-0.027177,-0.072291,-0.64491,0.44126,1.9961,1.1585,0.14435,-0.013688,0.033074,-1.1065,-0.72395
-0.030521,-0.015148,0.051294,0.05363,-1.0326,0.211,-0.54649,0.045225,-0.047567,-0.28674,-0.91868,0.11206,-0.041267,-0.063086,-0.14664,-0.6713,0.41401,2.0702,1.4128,0.16322,-0.1134,-0.0013031,-1.5443,-1.1861
-0.029549,-0.022479,0.05404,0.048411,-1.0172,-0.063172,-0.41447,0.044896,-0.066411,-0.37836,-0.91697,0.057515,0.075469,-0.058298,-0.19557,-0.51738,0.38291,2.1381,1.6123,0.16063,-0.17493,-0.028728,-2.068,-1.5053
-0.02729,-0.025743,0.061886,0.045979,-0.97016,-0.22479,-0.23208,0.065734,-0.091334,-0.52077,-0.94997,0.015299,0.24106,-0.020857,-0.20424,-0.21996,0.34379,2.1701,1.7563,0.13676,-0.1996,-0.051375,-2.6136,-1.685
-0.024717,-0.022674,0.074465,0.048446,-0.88028,-0.26637,-0.014801,0.12032,-0.11467,-0.68685,-1.0077,0.010013,0.39117,0.026655,-0.17751,0.19526,0.28964,2.1219,1.8626,0.099488,-0.20017,-0.071681,-3.0756,-1.8149
-0.02293,-0.01549,0.088062,0.053476,-0.76374,-0.22714,0.22322,0.21582,-0.12799,-0.83838,-1.0535,0.051549,0.48247,0.056128,-0.13984,0.7166,0.21642,1.9649,1.9464,0.057742,-0.18898,-0.089645,-3.3334,-1.9579
-0.022318,-0.0090535,0.0984,0.055817,-0.63846,-0.16539,0.47343,0.35137,-0.12751,-0.94273,-1.0444,0.12856,0.52118,0.04624,-0.12223,1.3366,0.12535,1.7053,2.0109,0.016096,-0.16995,-0.10232,-3.2979,-2.0848
-0.022351,-0.0070163,0.10359,0.051517,-0.49915,-0.12059,0.72901,0.51962,-0.11577,-0.98272,-0.96037,0.21657,0.54496,-0.0078449,-0.1435,2.0394,0.020742,1.3776,2.0515,-0.025842,-0.13916,-0.10553,-2.9604,-2.1111
-0.022072,-0.0092383,0.10489,0.041252,-0.32458,-0.097538,0.97751,0.70993,-0.098371,-0.95337,-0.81737,0.29412,0.58209,-0.092632,-0.19896,2.788,-0.093335,1.0213,2.0657,-0.069835,-0.092675,-0.096288,-2.4087,-1.9958
-0.020799,-0.012567,0.10503,0.02987,-0.11601,-0.082948,1.1986,0.90879,-0.078778,-0.85179,-0.65342,0.35447,0.62703,-0.18319,-0.26511,3.5151,-0.21305,0.66349,2.0568,-0.1151,-0.0354,-0.074607,-1.7897,-1.8014
-0.018476,-0.01397,0.10581,0.022513,0.069724,-0.074696,1.3706,1.0969,-0.056475,-0.67217,-0.49933,0.40521,0.65053,-0.25455,-0.31667,4.1233,-0.33117,0.32334,2.0266,-0.15727,0.01507,-0.044375,-1.2361,-1.6538
-0.015477,-0.012928,0.10712,0.020608,0.1316,-0.093793,1.481,1.2477,-0.030111,-0.41269,-0.35929,0.45791,0.63019,-0.29113,-0.3427,4.5072,-0.43421,0.027866,1.9641,-0.19029,0.031872,-0.013452,-0.8048,-1.6352
-0.012168,-0.010913,0.10798,0.020996,-0.018049,-0.16819,1.5317,1.3342,-0.002462,-0.088428,-0.21642,0.51759,0.57283,-0.28965,-0.3501,4.5929,-0.50517,-0.18272,1.8414,-0.209,-0.011775,0.0077513,-0.46799,-1.7063
-0.0086504,-0.0088021,0.10811,0.018739,-0.39154,-0.30564,1.5344,1.3433,0.018126,0.26293,-0.055813,0.57967,0.51164,-0.25598,-0.35395,4.3747,-0.53171,-0.27253,1.6219,-0.21041,-0.13037,0.01009,-0.16026,-1.7292
-0.0048772,-0.0052108,0.10851,0.0111,-0.90953,-0.48266,1.5012,1.2915,0.022013,0.59032,0.11709,0.6352,0.48403,-0.19973,-0.36422,3.9199,-0.51379,-0.23774,1.2788,-0.19352,-0.31499,-0.0088545,0.1602,-1.5717
-0.000963,0.0022063,0.1104,-0.00049377,-1.4444,-0.65976,1.4406,1.2281,0.0049227,0.84848,0.27925,0.67816,0.50934,-0.13084,-0.37985,3.3337,-0.46441,-0.11791,0.81023,-0.15916,-0.5286,-0.041127,0.48631,-1.2033
0.0026631,0.013602,0.11381,-0.011789,-1.8891,-0.80799,1.3609,1.2212,-0.028927,1.0127,0.40957,0.7087,0.58064,-0.059286,-0.39338,2.7058,-0.40194,0.023649,0.24179,-0.11078,-0.71324,-0.070557,0.78891,-0.70857
0.0054606,0.02526,0.11717,-0.018998,-2.201,-0.92237,1.2766,1.328,-0.070223,1.0791,0.50596,0.73055,0.67125,0.0035669,-0.40004,2.0793,-0.33999,0.13687,-0.38531,-0.055362,-0.81081,-0.081339,1.0645,-0.21562
0.0071839,0.031595,0.11853,-0.0214,-2.3959,-1.0129,1.2059,1.5651,-0.11162,1.0531,0.58406,0.746,0.74758,0.044819,-0.40272,1.4626,-0.28275,0.20859,-1.0299,-0.0034976,-0.78962,-0.068173,1.3545,0.18717
0.0081144,0.029536,0.11709,-0.021495,-2.5133,-1.0859,1.1601,1.8965,-0.15231,0.93865,0.65997,0.75263,0.78043,0.052819,-0.40915,0.8678,-0.22894,0.25345,-1.6585,0.032396,-0.66221,-0.040493,1.7141,0.47853
0.0088578,0.021409,0.11358,-0.022936,-2.5873,-1.1357,1.1326,2.2464,-0.19604,0.74001,0.73407,0.74368,0.75258,0.022147,-0.42427,0.33452,-0.17988,0.28286,-2.24,0.041249,-0.48114,-0.016586,2.1572,0.66691
0.0098297,0.013544,0.10904,-0.027934,-2.6451,-1.1533,1.0995,2.5351,-0.24467,0.47312,0.79112,0.711,0.66335,-0.041688,-0.44433,-0.089864,-0.14367,0.28314,-2.7369,0.017123,-0.31276,-0.010949,2.6273,0.73993
0.010879,0.011564,0.10345,-0.035931,-2.7167,-1.1398,1.0355,2.7157,-0.29319,0.17493,0.81597,0.64839,0.52962,-0.12084,-0.4565,-0.39683,-0.13102,0.22497,-3.1031,-0.037234,-0.20442,-0.023782,3.0252,0.65553
0.011425,0.016328,0.095618,-0.044227,-2.8326,-1.1085,0.93125,2.7918,-0.33105,-0.10217,0.80939,0.55367,0.38177,-0.18889,-0.44393,-0.64468,-0.14594,0.095937,-3.2958,-0.10833,-0.166,-0.040434,3.274,0.38127
0.011004,0.023869,0.084738,-0.049971,-3.0025,-1.0719,0.80098,2.8034,-0.34913,-0.31091,0.78931,0.42927,0.2549,-0.21939,-0.3931,-0.93297,-0.17964,-0.075036,-3.2946,-0.17339,-0.1766,-0.041306,3.3701,-0.060362
0.0097076,0.029057,0.071918,-0.052104,-3.1934,-1.0296,0.6726,2.793,-0.34639,-0.43132,0.77693,0.28171,0.17933,-0.19593,-0.30008,-1.3362,-0.21336,-0.22632,-3.1134,-0.20706,-0.20843,-0.01504,3.3816,-0.58544
0.0080401,0.029604,0.059982,-0.052001,-3.3329,-0.97214,0.5707,2.7736,-0.3305,-0.47837,0.78081,0.12112,0.17454,-0.11904,-0.17343,-1.8492,-0.22882,-0.30087,-2.7996,-0.19242,-0.24826,0.034162,3.4003,-1.0868
0.0063387,0.027085,0.051316,-0.052411,-3.3416,-0.89758,0.50481,2.7222,-0.31186,-0.48857,0.79337,-0.039117,0.24708,-0.0058866,-0.032187,-2.3897,-0.21851,-0.28207,-2.4195,-0.13086,-0.30084,0.089508,3.4872,-1.4835
0.0044051,0.024662,0.045716,-0.055378,-3.1771,-0.82524,0.46964,2.6005,-0.29599,-0.49499,0.80168,-0.18316,0.38934,0.11787,0.10066,-2.8576,-0.1886,-0.19974,-2.0411,-0.043715,-0.37563,0.13185,3.6521,-1.7435
0.0018506,0.024006,0.040483,-0.060605,-2.8579,-0.78797,0.45245,2.3832,-0.28082,-0.50855,0.80181,-0.29612,0.57714,0.22999,0.2067,-3.2013,-0.15288,-0.10395,-1.7209,0.037837,-0.47191,0.1498,3.8714,-1.8735
-0.0011257,0.024138,0.033031,-0.065475,-2.4546,-0.80764,0.43873,2.0732,-0.2611,-0.51795,0.80339,-0.37027,0.76943,0.3205,0.27817,-3.4389,-0.12312,-0.030877,-1.4942,0.09004,-0.57637,0.14375,4.1189,-1.8951
-0.0034019,0.022739,0.02373,-0.066822,-2.0527,-0.87509,0.4133,1.6921,-0.2356,-0.50652,0.82091,-0.41098,0.91537,0.39202,0.31797,-3.6237,-0.10305,0.012209,-1.3659,0.10966,-0.67423,0.1226,4.3783,-1.8343
-0.0036164,0.01828,0.016144,-0.063184,-1.7113,-0.95403,0.36174,1.2606,-0.21064,-0.471,0.86042,-0.43659,0.96967,0.45157,0.33408,-3.7897,-0.089497,0.035714,-1.3055,0.11336,-0.7612,0.097096,4.6328,-1.725
-0.0014017,0.011077,0.014101,-0.055841,-1.4391,-1.0059,0.27686,0.78889,-0.19624,-0.42707,0.91378,-0.46861,0.90812,0.49986,0.33325,-3.9285,-0.078261,0.047103,-1.2509,0.12345,-0.84381,0.074258,4.8515,-1.6097
0.0020249,0.0028418,0.018027,-0.047851,-1.2016,-1.013,0.16764,0.28786,-0.19805,-0.39769,0.96526,-0.51662,0.7328,0.52617,0.3196,-4.0112,-0.068944,0.042325,-1.1292,0.15088,-0.92758,0.055861,4.9927,-1.525
0.0046739,-0.0043891,0.023931,-0.0419,-0.95418,-0.97978,0.060936,-0.21439,-0.21186,-0.39397,1.0039,-0.56859,0.46373,0.51344,0.29881,-4.0317,-0.064944,0.014661,-0.88999,0.18842,-1.0051,0.040248,5.0257,-1.4773
0.0054367,-0.0089855,0.026193,-0.038769,-0.68357,-0.91272,-0.010021,-0.67137,-0.22533,-0.40452,1.0309,-0.59626,0.12592,0.45036,0.28278,-4.0258,-0.069384,-0.032796,-0.53298,0.21863,-1.0568,0.025105,4.9512,-1.4305
0.0050854,-0.01005,0.021883,-0.037568,-0.42791,-0.80174,-0.02503,-1.0414,-0.22574,-0.40161,1.0547,-0.57417,-0.25452,0.34205,0.28788,-4.0493,-0.081285,-0.087658,-0.11281,0.22873,-1.0641,0.0090664,4.8019,-1.3209
0.0055821,-0.0077152,0.012856,-0.037315,-0.257,-0.62362,0.010527,-1.3179,-0.20768,-0.35937,1.081,-0.49877,-0.64149,0.2112,0.32564,-4.1331,-0.095724,-0.14275,0.28689,0.21947,-1.0238,-0.0082619,4.6222,-1.0894
0.0082068,-0.00334,0.0038038,-0.038197,-0.21896,-0.36601,0.070641,-1.5382,-0.17524,-0.26995,1.1051,-0.39246,-0.97852,0.088315,0.39233,-4.2529,-0.10785,-0.20859,0.59665,0.20132,-0.94986,-0.026858,4.4447,-0.7063
0.012212,0.00095724,-0.0019952,-0.041265,-0.28858,-0.049735,0.12759,-1.757,-0.13816,-0.14608,1.1163,-0.28852,-1.1946,-0.0025378,0.46714,-4.336,-0.117,-0.30763,0.79469,0.18301,-0.8617,-0.04629,4.2797,-0.17349
0.015358,0.0036346,-0.0054684,-0.046879,-0.35885,0.27302,0.16933,-2.0023,-0.10588,-0.0096311,1.1102,-0.20909,-1.2313,-0.053731,0.52257,-4.2981,-0.127,-0.45216,0.90917,0.16384,-0.76959,-0.06506,4.1225,0.48818
0.015983,0.0049978,-0.01071,-0.053476,-0.29129,0.54611,0.20182,-2.2476,-0.083871,0.12325,1.0978,-0.154,-1.0751,-0.074206,0.54093,-4.0825,-0.14207,-0.62549,0.98856,0.13657,-0.67072,-0.080202,3.9656,1.2442
0.014735,0.0070162,-0.02115,-0.058039,0.0034468,0.74157,0.23667,-2.4254,-0.073777,0.24899,1.1017,-0.10858,-0.77032,-0.081343,0.52502,-3.6788,-0.16186,-0.78593,1.0625,0.097307,-0.55814,-0.088093,3.8028,2.0351
0.014215,0.011372,-0.036381,-0.058061,0.50974,0.87184,0.27726,-2.4717,-0.075249,0.37161,1.141,-0.061476,-0.39899,-0.090871,0.4951,-3.1174,-0.18022,-0.89291,1.1221,0.052304,-0.43313,-0.08656,3.6238,2.7669
0.016642,0.017298,-0.052332,-0.053348,1.1158,0.97432,0.31627,-2.3691,-0.086989,0.49249,1.2148,-0.015133,-0.041053,-0.11098,0.47416,-2.4486,-0.18885,-0.93403,1.1337,0.015103,-0.30903,-0.077237,3.4084,3.3278
0.021518,0.021444,-0.064418,-0.046062,1.68,1.082,0.34487,-2.156,-0.10642,0.60478,1.2992,0.020723,0.25575,-0.14261,0.47238,-1.7194,-0.18315,-0.93028,1.0717,-0.0030779,-0.20351,-0.066548,3.1315,3.6376
0.02553,0.020458,-0.070714,-0.0389,2.106,1.2029,0.36219,-1.8991,-0.12939,0.69667,1.3598,0.045194,0.4764,-0.18343,0.48129,-0.95656,-0.16509,-0.91581,0.94422,-0.00069978,-0.12672,-0.064102,2.7773,3.6969
0.025061,0.014299,-0.072452,-0.032997,2.3758,1.321,0.37388,-1.6543,-0.15111,0.75931,1.3734,0.074375,0.6165,-0.23121,0.48105,-0.16528,-0.14069,-0.91024,0.7899,0.015294,-0.075432,-0.078503,2.3521,3.5934
0.019341,0.0071829,-0.071859,-0.027414,2.5263,1.4136,0.38003,-1.4471,-0.16784,0.79142,1.341,0.13079,0.66414,-0.28392,0.45523,0.65461,-0.11442,-0.90592,0.65091,0.037141,-0.036413,-0.11224,1.8843,3.4511
0.011497,0.0047679,-0.069834,-0.020687,2.5984,1.4701,0.36436,-1.282,-0.17784,0.79685,1.284,0.22105,0.60593,-0.33722,0.40296,1.476,-0.085279,-0.87759,0.54641,0.062586,0.0057023,-0.15862,1.41,3.3563
0.0064288,0.0095924,-0.065885,-0.013013,2.6047,1.4952,0.29635,-1.1662,-0.18068,0.77874,1.2258,0.32131,0.44994,-0.38286,0.34076,2.2135,-0.048217,-0.80307,0.46642,0.094217,0.062767,-0.20342,0.95723,3.3153
0.0070739,0.018629,-0.060179,-0.0069478,2.5339,1.4975,0.14718,-1.1214,-0.176,0.73675,1.1721,0.3856,0.23832,-0.41065,0.29312,2.7196,0.00032547,-0.67842,0.38593,0.13347,0.14149,-0.23155,0.54013,3.2721
0.012077,0.025288,-0.055212,-0.0056671,2.3797,1.4714,-0.091712,-1.1707,-0.16335,0.67016,1.106,0.37339,0.029329,-0.41394,0.27795,2.8274,0.05719,-0.52086,0.28175,0.17594,0.24315,-0.23547,0.168,3.1661
0.016783,0.024415,-0.054849,-0.010051,2.1617,1.3916,-0.40059,-1.313,-0.14355,0.58302,1.0009,0.27607,-0.14066,-0.39485,0.29624,2.4341,0.11167,-0.36397,0.13663,0.21283,0.36288,-0.21984,-0.14174,2.9799
0.016817,0.016146,-0.061233,-0.017117,1.9215,1.2257,-0.73915,-1.51,-0.12017,0.4853,0.84279,0.12232,-0.28112,-0.36454,0.33234,1.5836,0.14964,-0.2509,-0.066307,0.23677,0.49083,-0.19863,-0.36142,2.7447
0.011436,0.0054672,-0.072502,-0.021485,1.7024,0.96147,-1.0637,-1.7006,-0.098984,0.38824,0.64549,-0.040871,-0.4313,-0.33707,0.36496,0.49623,0.1597,-0.22482,-0.34368,0.24619,0.61824,-0.18615,-0.46876,2.5149
0.0040745,-0.0019325,-0.08381,-0.01911,1.5317,0.63037,-1.3426,-1.8356,-0.085042,0.29845,0.44713,-0.17541,-0.61384,-0.32018,0.38108,-0.48847,0.1376,-0.31282,-0.69755,0.24412,0.74632,-0.1881,-0.47179,2.348
-0.00026305,-0.0037929,-0.091012,-0.010417,1.4158,0.30593,-1.5629,-1.906,-0.07912,0.21684,0.28978,-0.26667,-0.79856,-0.30955,0.38332,-1.0394,0.087178,-0.50743,-1.097,0.23351,0.88948,-0.19952,-0.42299,2.3085
0.0013511,-0.0020287,-0.093697,-0.00020996,1.3423,0.073025,-1.7271,-1.9444,-0.076641,0.14376,0.1955,-0.31771,-0.91199,-0.29095,0.38599,-0.96761,0.018495,-0.7596,-1.4755,0.21438,1.066,-0.21071,-0.40614,2.4768
0.0078375,-1.4178e-005,-0.094711,0.0057984,1.2797,-0.016917,-1.8453,-1.9975,-0.070404,0.084911,0.15534,-0.33421,-0.88944,-0.24974,0.40385,-0.29318,-0.055088,-0.99513,-1.7535,0.18609,1.2792,-0.21607,-0.49651,2.9272
0.01518,0.00062673,-0.096705,0.0052132,1.1777,0.024716,-1.9268,-2.0902,-0.055674,0.050997,0.13839,-0.31772,-0.72722,-0.18189,0.44265,0.78631,-0.11991,-1.1496,-1.8713,0.15236,1.5036,-0.21819,-0.71563,3.6701
0.019406,0.000793,-0.099196,0.00057381,0.98173,0.13148,-1.9738,-2.2102,-0.034063,0.049644,0.11373,-0.27406,-0.48997,-0.099811,0.49832,1.9972,-0.16492,-1.199,-1.8084,0.12307,1.6891,-0.22389,-1.0108,4.5955
0.019086,0.0020582,-0.099206,-0.0028982,0.66353,0.22255,-1.9796,-2.3199,-0.013202,0.075613,0.069161,-0.22614,-0.26565,-0.029513,0.56299,3.095,-0.18422,-1.1632,-1.5783,0.10992,1.7847,-0.23603,-1.2772,5.4792
0.015624,0.004556,-0.094899,-0.0015255,0.25435,0.24758,-1.9298,-2.3842,-0.0020956,0.10862,0.014079,-0.21357,-0.10479,-0.00028328,0.63019,3.9218,-0.17853,-1.0803,-1.2105,0.11874,1.7665,-0.24855,-1.4148,6.0712
0.011555,0.00683,-0.088493,0.0040817,-0.1506,0.20392,-1.8106,-2.3915,-0.0050967,0.12297,-0.033178,-0.2735,0.0068041,-0.031779,0.69324,4.4105,-0.15411,-0.97283,-0.74227,0.14509,1.6489,-0.24904,-1.3845,6.2224
0.0085339,0.0075275,-0.0852,0.0098594,-0.43065,0.1172,-1.6182,-2.3522,-0.018593,0.10362,-0.061476,-0.41659,0.12358,-0.12442,0.73898,4.5658,-0.11938,-0.83411,-0.22488,0.17721,1.4707,-0.22643,-1.2291,5.9613
0.0066189,0.0068665,-0.088792,0.011753,-0.50401,0.0058587,-1.3662,-2.282,-0.032764,0.057248,-0.073509,-0.61985,0.28935,-0.25763,0.74514,4.4484,-0.080883,-0.64347,0.27061,0.20407,1.268,-0.17743,-1.0439,5.4654
0.005076,0.0062477,-0.097868,0.0088018,-0.37637,-0.13865,-1.0858,-2.187,-0.037476,0.0091643,-0.079995,-0.84518,0.50504,-0.39708,0.68722,4.1628,-0.041321,-0.39429,0.66756,0.2219,1.0556,-0.10721,-0.91524,4.9448
0.0036277,0.0065412,-0.1065,0.003447,-0.13956,-0.34063,-0.81642,-2.064,-0.02861,-0.012887,-0.089751,-1.0688,0.73799,-0.50791,0.55157,3.8302,-0.00096768,-0.11029,0.91639,0.23419,0.8308,-0.025182,-0.8693,4.5216
0.0029282,0.0070464,-0.10893,-0.0007902,0.078819,-0.61169,-0.59219,-1.9125,-0.01071,0.0030531,-0.10616,-1.2946,0.95604,-0.56735,0.34458,3.5453,0.039117,0.16227,1.0188,0.24588,0.59526,0.059865,-0.86281,4.1908
0.0039546,0.0063336,-0.10432,-0.0020036,0.17952,-0.93304,-0.43079,-1.7445,0.0059747,0.046135,-0.13237,-1.5365,1.148,-0.57011,0.090414,3.3392,0.075201,0.37704,1.0186,0.25765,0.3733,0.14174,-0.81833,3.8789
0.006998,0.0040576,-0.09732,-0.00076698,0.1285,-1.2638,-0.33014,-1.5801,0.012372,0.092016,-0.17783,-1.7852,1.3085,-0.52456,-0.18092,3.1804,0.10236,0.50661,0.96181,0.26523,0.2079,0.21613,-0.67611,3.5428
0.011155,0.001704,-0.094049,0.0011451,-0.04851,-1.5646,-0.27307,-1.4333,0.0070077,0.12118,-0.25723,-1.9906,1.4036,-0.44364,-0.44539,3.0158,0.11817,0.54779,0.86322,0.26389,0.13535,0.2795,-0.42694,3.2227
0.014682,0.0013216,-0.097114,0.0026663,-0.29572,-1.8118,-0.23622,-1.2993,-0.0024837,0.13198,-0.38074,-2.0822,1.3586,-0.3378,-0.68834,2.8196,0.12508,0.5167,0.7091,0.25308,0.15836,0.32914,-0.10846,3.01
0.015903,0.0034559,-0.10373,0.0042446,-0.5517,-1.9907,-0.19833,-1.1578,-0.0041721,0.13853,-0.54377,-2.0171,1.0926,-0.21425,-0.89992,2.6079,0.12899,0.44182,0.49619,0.2368,0.2408,0.36367,0.2236,2.9622
0.014101,0.0064245,-0.10823,0.00711,-0.75546,-2.0803,-0.14482,-0.9877,0.0099981,0.15601,-0.72586,-1.8149,0.5839,-0.080507,-1.0698,2.4079,0.13492,0.35721,0.26685,0.21949,0.33043,0.3829,0.52362,3.0399
0.0099287,0.0077591,-0.10648,0.011983,-0.84631,-2.0523,-0.068792,-0.78286,0.038307,0.18619,-0.90075,-1.5495,-0.087052,0.053205,-1.1873,2.214,0.1434,0.29267,0.10183,0.20179,0.39273,0.38708,0.76534,3.1203
0.0051364,0.0064253,-0.098459,0.018479,-0.77674,-1.8931,0.03001,-0.55609,0.069981,0.21526,-1.0501,-1.2975,-0.75877,0.17643,-1.2455,1.9752,0.15075,0.26095,0.070528,0.1805,0.42999,0.37699,0.9352,3.0763
0.0016702,0.0036364,-0.087404,0.025589,-0.54018,-1.6298,0.14677,-0.3308,0.092157,0.22529,-1.1712,-1.0861,-1.2703,0.28333,-1.2441,1.6323,0.15264,0.25043,0.17994,0.15251,0.47178,0.35528,1.0254,2.8635
0.00054495,0.0015149,-0.076826,0.03254,-0.19163,-1.3291,0.273,-0.12893,0.097999,0.20871,-1.2735,-0.88217,-1.5463,0.37469,-1.1872,1.1756,0.14754,0.23252,0.36721,0.11869,0.54639,0.32744,1.0381,2.5532
0.0011984,0.0010424,-0.068275,0.039135,0.16454,-1.0636,0.39805,0.035689,0.089986,0.1734,-1.3691,-0.63493,-1.6221,0.45516,-1.0797,0.66999,0.13695,0.18206,0.54225,0.083681,0.65774,0.30052,0.99499,2.2906
0.0019296,0.0013905,-0.061385,0.045327,0.42159,-0.86494,0.51083,0.15741,0.076278,0.13458,-1.4637,-0.33361,-1.5897,0.52898,-0.92842,0.22124,0.12302,0.095996,0.64361,0.05214,0.78542,0.27941,0.93844,2.2095
0.0012917,0.0012061,-0.055445,0.050615,0.5235,-0.70696,0.60207,0.23748,0.06361,0.10145,-1.5532,-0.030719,-1.5094,0.59939,-0.74852,-0.097189,0.10634,-0.0050723,0.66319,0.025485,0.90429,0.26336,0.91558,2.3524
-0.00060494,0.00035289,-0.050515,0.054034,0.48606,-0.53366,0.66614,0.28543,0.052607,0.070589,-1.626,0.19189,-1.3637,0.67131,-0.56794,-0.29891,0.086824,-0.093238,0.62822,0.0026614,1.0034,0.246,0.95402,2.6388
-0.0020954,0.00018174,-0.046967,0.054891,0.37063,-0.3133,0.70166,0.32017,0.038844,0.030845,-1.6662,0.28605,-1.0896,0.75144,-0.42125,-0.47575,0.066603,-0.1525,0.56868,-0.015982,1.0863,0.21939,1.048,2.8976
-0.0014815,0.0020214,-0.044184,0.05362,0.23171,-0.074053,0.71015,0.36489,0.017782,-0.02657,-1.6566,0.27613,-0.66325,0.8409,-0.33236,-0.72569,0.051587,-0.18423,0.50483,-0.026101,1.1544,0.17955,1.1668,2.9486
0.0011788,0.0055154,-0.040078,0.0519,0.078978,0.10813,0.69305,0.43457,-0.011346,-0.10296,-1.5825,0.24092,-0.15719,0.92468,-0.2971,-1.0659,0.049197,-0.19696,0.46121,-0.021385,1.1916,0.12933,1.2789,2.6975
0.0037404,0.008617,-0.032263,0.051811,-0.11871,0.15983,0.64916,0.52472,-0.04593,-0.19621,-1.4374,0.25502,0.28425,0.96981,-0.28037,-1.3915,0.063388,-0.1941,0.48089,0.0011842,1.1685,0.077109,1.3728,2.1927
0.0036217,0.0093166,-0.019977,0.0546,-0.39356,0.058991,0.57477,0.61235,-0.083477,-0.30804,-1.2296,0.33979,0.53879,0.94033,-0.2336,-1.5139,0.091,-0.17421,0.61169,0.037599,1.066,0.032508,1.4578,1.6053
4.4975e-005,0.007363,-0.0049299,0.05999,-0.73596,-0.15331,0.46746,0.67201,-0.1242,-0.44494,-0.98369,0.46274,0.59286,0.82242,-0.12288,-1.2585,0.12267,-0.14309,0.866,0.078081,0.89811,0.0020963,1.5457,1.1338
-0.0052632,0.0042587,0.009834,0.066531,-1.0815,-0.40255,0.33159,0.69633,-0.17002,-0.61005,-0.73485,0.57997,0.54821,0.64059,0.050768,-0.57053,0.14766,-0.12238,1.1861,0.11203,0.71346,-0.012692,1.6305,0.89101
-0.0096733,0.0016249,0.022199,0.072633,-1.3384,-0.62553,0.18112,0.70389,-0.2211,-0.79364,-0.51505,0.68005,0.54119,0.44857,0.25249,0.4345,0.15885,-0.14025,1.4481,0.1321,0.57128,-0.015308,1.6827,0.85104
-0.012058,-0.0002827,0.03239,0.077456,-1.439,-0.79813,0.036338,0.72576,-0.27381,-0.97291,-0.3397,0.79046,0.64054,0.29832,0.43446,1.5048,0.15425,-0.20748,1.5089,0.13424,0.51007,-0.012317,1.6667,0.89726
-0.013606,-0.0023449,0.042293,0.081036,-1.3843,-0.93352,-0.085156,0.77873,-0.3222,-1.1238,-0.20349,0.94488,0.80626,0.20912,0.56115,2.3595,0.13508,-0.29912,1.2688,0.11503,0.53305,-0.010869,1.5669,0.93303
-0.016167,-0.004967,0.053318,0.08371,-1.2537,-1.0612,-0.17808,0.84532,-0.36186,-1.2356,-0.088641,1.1445,0.93885,0.16075,0.6227,2.816,0.10331,-0.36154,0.71477,0.070432,0.61874,-0.01594,1.406,0.96238
-0.019803,-0.006979,0.064743,0.085455,-1.1736,-1.2061,-0.25296,0.87702,-0.39229,-1.3156,0.020063,1.3482,0.97239,0.1152,0.63042,2.8726,0.061602,-0.34531,-0.071317,-0.0014801,0.74336,-0.028153,1.2407,1.0724
-0.02219,-0.0064789,0.074042,0.085705,-1.2569,-1.3781,-0.33039,0.82014,-0.41529,-1.3791,0.12476,1.4965,0.93203,0.048761,0.60192,2.6975,0.015493,-0.2413,-0.93579,-0.095448,0.89397,-0.043389,1.1358,1.3356
-0.020765,-0.0029648,0.078949,0.083751,-1.5466,-1.5715,-0.4291,0.64631,-0.43088,-1.4337,0.21647,1.5458,0.91172,-0.031621,0.54926,2.5274,-0.025365,-0.091889,-1.6924,-0.19589,1.0637,-0.054801,1.1306,1.7246
-0.015694,0.0014652,0.079505,0.079364,-1.9951,-1.7675,-0.55551,0.36606,-0.43467,-1.4711,0.28771,1.4836,0.99741,-0.098865,0.47767,2.5312,-0.049836,0.034055,-2.1701,-0.27891,1.2399,-0.056374,1.2176,2.1203
-0.010593,0.0033952,0.078407,0.073197,-2.4899,-1.939,-0.70091,0.016674,-0.41983,-1.475,0.34515,1.3217,1.2025,-0.13187,0.39235,2.7209,-0.051325,0.086219,-2.2626,-0.31926,1.4021,-0.046074,1.3438,2.4061
-0.0099075,0.0010096,0.079428,0.066729,-2.9074,-2.0599,-0.84647,-0.36483,-0.38252,-1.4359,0.41123,1.0809,1.4644,-0.13419,0.3041,2.9669,-0.032971,0.066037,-1.966,-0.29929,1.534,-0.026954,1.435,2.556
-0.015042,-0.0039873,0.085184,0.061786,-3.161,-2.1154,-0.97082,-0.76146,-0.32662,-1.36,0.51189,0.78695,1.6965,-0.13063,0.22731,3.1055,-0.0073129,0.02436,-1.3824,-0.21648,1.6348,-0.0060401,1.4292,2.6304
-0.022801,-0.007412,0.095814,0.059813,-3.2144,-2.1078,-1.0546,-1.1731,-0.26356,-1.2645,0.65872,0.47375,1.845,-0.14654,0.17185,3.0623,0.010469,0.025909,-0.67684,-0.086525,1.7133,0.0080672,1.2984,2.683
-0.027757,-0.0059405,0.10925,0.061089,-3.0633,-2.0523,-1.0811,-1.5939,-0.20716,-1.1645,0.83833,0.18017,1.909,-0.18769,0.13643,2.9006,0.011483,0.10612,-0.0012908,0.059861,1.7675,0.0079517,1.0494,2.6715
-0.026648,7.3078e-005,0.12254,0.064222,-2.712,-1.9624,-1.0382,-1.9913,-0.16715,-1.064,1.0169,-0.065632,1.9149,-0.23611,0.11019,2.7638,-0.0023215,0.24924,0.56951,0.18659,1.7717,-0.0099804,0.70447,2.4689
-0.021055,0.006751,0.13331,0.066389,-2.1709,-1.8382,-0.92237,-2.3064,-0.14605,-0.95939,1.1576,-0.26211,1.8788,-0.26323,0.081624,2.7607,-0.021558,0.39901,1.0517,0.26522,1.6913,-0.043589,0.27987,1.972
-0.016059,0.0097176,0.14044,0.064583,-1.475,-1.6673,-0.74613,-2.4812,-0.1409,-0.85041,1.2391,-0.4307,1.7896,-0.24903,0.047948,2.8864,-0.038106,0.49021,1.5073,0.28517,1.5196,-0.085044,-0.22217,1.2123
-0.01607,0.0074689,0.14414,0.057427,-0.7006,-1.4395,-0.53954,-2.494,-0.14744,-0.74677,1.2652,-0.59,1.6232,-0.19337,0.017224,3.0373,-0.052095,0.47866,1.975,0.25539,1.3026,-0.12382,-0.80408,0.36029
-0.02132,0.0023881,0.14545,0.04638,0.046892,-1.164,-0.34185,-2.3773,-0.16289,-0.66362,1.2599,-0.72893,1.3714,-0.11359,0.0018217,3.0983,-0.071381,0.35393,2.4292,0.19637,1.122,-0.15176,-1.4568,-0.38642
-0.027721,-0.0012137,0.14559,0.035179,0.67523,-0.87526,-0.18562,-2.2049,-0.18539,-0.60945,1.2537,-0.80594,1.0608,-0.032814,0.0089286,3.0244,-0.10391,0.13457,2.794,0.12813,1.0388,-0.16721,-2.1518,-0.93858
-0.02998,-0.0002834,0.14537,0.027496,1.1491,-0.62197,-0.082949,-2.0554,-0.2119,-0.57824,1.2693,-0.77983,0.75131,0.032019,0.036131,2.8521,-0.14936,-0.14451,2.9961,0.062247,1.0418,-0.17485,-2.8462,-1.3592
-0.025373,0.0049982,0.14493,0.024351,1.5012,-0.44372,-0.023184,-1.9771,-0.23746,-0.55381,1.3131,-0.64788,0.51616,0.075281,0.075661,2.6442,-0.19704,-0.44346,3.0129,0.0022883,1.0462,-0.18106,-3.4899,-1.7858
-0.015493,0.011631,0.14389,0.023353,1.7994,-0.35187,0.016577,-1.9756,-0.25718,-0.52281,1.3769,-0.45856,0.41553,0.099957,0.12346,2.429,-0.23193,-0.72521,2.8809,-0.049911,0.95064,-0.1879,-4.0239,-2.3056
-0.0050483,0.015927,0.14179,0.020605,2.0917,-0.32539,0.056296,-2.0259,-0.2694,-0.48477,1.4447,-0.28686,0.47327,0.11099,0.185,2.1909,-0.24367,-0.96082,2.6634,-0.089221,0.71091,-0.19085,-4.3729,-2.8923
0.0011456,0.01576,0.13865,0.01386,2.3715,-0.32338,0.10399,-2.0957,-0.27679,-0.45041,1.5006,-0.1919,0.66485,0.10975,0.27238,1.9115,-0.23161,-1.1326,2.4095,-0.10815,0.37252,-0.18221,-4.4504,-3.4464
0.00096704,0.011632,0.13512,0.0043471,2.5885,-0.30508,0.1578,-2.1612,-0.28435,-0.4303,1.5359,-0.18965,0.92349,0.092785,0.39424,1.6116,-0.20254,-1.2332,2.1357,-0.10246,0.039067,-0.15795,-4.1954,-3.8882
-0.0039825,0.0062332,0.13222,-0.0043643,2.6968,-0.24434,0.21469,-2.2076,-0.29581,-0.4246,1.5502,-0.25771,1.1658,0.054712,0.5462,1.3456,-0.16437,-1.2612,1.8376,-0.075958,-0.19634,-0.12275,-3.6278,-4.2155
-0.0095374,0.0028546,0.13074,-0.009539,2.7016,-0.13124,0.27678,-2.2208,-0.31154,-0.42321,1.55,-0.36125,1.3274,-0.0072023,0.70893,1.1503,-0.12189,-1.217,1.5128,-0.039902,-0.30296,-0.08899,-2.8844,-4.4832
-0.01157,0.0034966,0.13074,-0.01179,2.6653,0.036522,0.34947,-2.1829,-0.32936,-0.41583,1.5428,-0.47493,1.3873,-0.089872,0.85542,1.0033,-0.077684,-1.1046,1.1733,-0.0073246,-0.31461,-0.070371,-2.1921,-4.7418
-0.0085156,0.0076435,0.13122,-0.014735,2.6672,0.262,0.43369,-2.0772,-0.34703,-0.40233,1.5319,-0.58608,1.3671,-0.18431,0.962,0.83561,-0.035779,-0.93933,0.83848,0.013486,-0.29288,-0.074245,-1.7729,-5.0012
-0.0022534,0.012531,0.13043,-0.022004,2.7458,0.54759,0.51932,-1.8991,-0.36359,-0.39393,1.5137,-0.6846,1.305,-0.27802,1.0163,0.59538,-0.0027745,-0.75276,0.5224,0.022163,-0.28782,-0.097644,-1.7315,-5.2518
0.0033159,0.014949,0.1266,-0.034034,2.8657,0.88352,0.58555,-1.6646,-0.37867,-0.40406,1.4809,-0.75605,1.2295,-0.35782,1.0186,0.30383,0.015693,-0.58524,0.22944,0.024957,-0.3223,-0.12888,-1.9995,-5.5118
0.0050941,0.013508,0.11903,-0.047241,2.9332,1.2356,0.608,-1.4083,-0.39089,-0.43724,1.4283,-0.78634,1.1544,-0.41147,0.97847,0.048349,0.020177,-0.46592,-0.038458,0.030813,-0.39653,-0.15302,-2.3816,-5.8427
0.0029562,0.0096712,0.10881,-0.056267,2.8489,1.5454,0.56785,-1.1717,-0.39785,-0.48557,1.3571,-0.77128,1.0956,-0.42876,0.91074,-0.089725,0.01888,-0.3919,-0.27325,0.047397,-0.49413,-0.15774,-2.6773,-6.3108
-0.00041783,0.0066307,0.098504,-0.057622,2.5612,1.7471,0.45863,-0.98847,-0.39825,-0.53537,1.2737,-0.71918,1.0851,-0.40345,0.83226,-0.11363,0.022981,-0.32469,-0.462,0.078463,-0.5817,-0.13703,-2.8,-6.9226
-0.0018813,0.0067768,0.090678,-0.052053,2.0894,1.7957,0.28942,-0.87306,-0.39415,-0.57735,1.1834,-0.64264,1.1592,-0.33675,0.75816,-0.12694,0.039189,-0.21185,-0.59762,0.12276,-0.61336,-0.092135,-2.8101,-7.5915
-0.00029709,0.0098345,0.085961,-0.043993,1.5089,1.6875,0.085166,-0.81903,-0.39062,-0.61098,1.0855,-0.54869,1.3209,-0.23982,0.69633,-0.26611,0.065663,-0.02219,-0.68941,0.17449,-0.55402,-0.030324,-2.8462,-8.1617
0.0029913,0.013244,0.082291,-0.038573,0.91245,1.4629,-0.11647,-0.80485,-0.39211,-0.63914,0.97425,-0.43779,1.5124,-0.13154,0.64224,-0.59709,0.094601,0.23036,-0.76511,0.22524,-0.41405,0.037806,-3.0072,-8.4735
0.0059478,0.014424,0.076204,-0.038325,0.37142,1.1878,-0.27396,-0.80412,-0.39812,-0.65893,0.84652,-0.31289,1.6303,-0.030917,0.57907,-1.0534,0.11882,0.49297,-0.86518,0.26708,-0.26646,0.10174,-3.2724,-8.4264
0.0079715,0.012859,0.065561,-0.041811,-0.085239,0.92556,-0.35635,-0.79515,-0.40182,-0.65783,0.70857,-0.18784,1.5866,0.051805,0.48571,-1.4631,0.13628,0.7062,-1.0351,0.29499,-0.22184,0.15417,-3.5115,-8.0114
0.010153,0.010146,0.05163,-0.044935,-0.46853,0.71519,-0.35743,-0.76679,-0.39355,-0.62038,0.57581,-0.084416,1.3725,0.11811,0.3494,-1.6472,0.14872,0.83765,-1.3173,0.30698,-0.36758,0.19252,-3.5715,-7.3083
0.013409,0.0081265,0.038633,-0.043871,-0.80832,0.567,-0.2998,-0.71979,-0.36694,-0.54076,0.46381,-0.018551,1.0771,0.17461,0.17433,-1.5233,0.15645,0.89161,-1.7381,0.30164,-0.71009,0.21799,-3.3748,-6.4602
0.01657,0.0070769,0.030761,-0.037527,-1.1258,0.47275,-0.22296,-0.66371,-0.32342,-0.43085,0.37747,0.011976,0.83961,0.2215,-0.020183,-1.1493,0.15516,0.89005,-2.2882,0.27546,-1.1623,0.23294,-2.9651,-5.6314
0.016719,0.0058561,0.028825,-0.028013,-1.4144,0.42096,-0.16069,-0.61004,-0.27206,-0.31666,0.30708,0.026428,0.76927,0.24647,-0.2104,-0.68534,0.13851,0.84485,-2.907,0.22301,-1.5875,0.23865,-2.4805,-4.9514
0.011859,0.0038695,0.029304,-0.019096,-1.6414,0.40671,-0.12257,-0.56296,-0.22499,-0.2252,0.23426,0.046541,0.88639,0.23166,-0.37902,-0.30442,0.10444,0.74706,-3.49,0.14106,-1.8713,0.235,-2.0777,-4.4642
0.0034392,0.0027022,0.026776,-0.013942,-1.7699,0.4324,-0.093279,-0.51196,-0.19156,-0.17115,0.14304,0.080995,1.121,0.17047,-0.51732,-0.10564,0.059079,0.58243,-3.9257,0.034468,-1.973,0.22206,-1.8573,-4.1128
-0.0039594,0.005352,0.017995,-0.013654,-1.7891,0.50355,-0.050044,-0.43215,-0.17493,-0.1524,0.027713,0.12223,1.3595,0.080684,-0.61829,-0.07439,0.013911,0.35744,-4.1452,-0.081229,-1.9295,0.20186,-1.8275,-3.7814
-0.0059171,0.013285,0.0044016,-0.017248,-1.7308,0.62637,0.016379,-0.29607,-0.17206,-0.15523,-0.10666,0.15746,1.4998,0.00020192,-0.6699,-0.10122,-0.022058,0.11093,-4.1519,-0.18331,-1.8163,0.17847,-1.921,-3.3752
-0.0016859,0.023958,-0.0090729,-0.022633,-1.6592,0.80915,0.094825,-0.092646,-0.17609,-0.16326,-0.24922,0.18281,1.4835,-0.035421,-0.65829,-0.043008,-0.048357,-0.10017,-4.0064,-0.25056,-1.7006,0.15615,-2.0494,-2.8842
0.0052513,0.031554,-0.018055,-0.027724,-1.6359,1.0632,0.16592,0.15893,-0.17902,-0.1633,-0.38855,0.20726,1.2992,-0.018989,-0.58133,0.20425,-0.072013,-0.22951,-3.7777,-0.2719,-1.6139,0.13678,-2.163,-2.3816
0.010118,0.03106,-0.022356,-0.031136,-1.6808,1.3971,0.22059,0.41288,-0.17385,-0.1465,-0.51557,0.2433,0.97616,0.019569,-0.46085,0.6521,-0.10021,-0.2612,-3.4974,-0.24977,-1.5559,0.11895,-2.2816,-1.958
0.010655,0.022562,-0.026078,-0.032468,-1.7561,1.8038,0.2662,0.61963,-0.15641,-0.10858,-0.62515,0.29343,0.57843,0.031465,-0.33929,1.2088,-0.13291,-0.2081,-3.1526,-0.19645,-1.5116,0.099594,-2.4733,-1.6457
0.0084874,0.011938,-0.033935,-0.032291,-1.7859,2.2489,0.31379,0.75416,-0.12714,-0.05178,-0.71824,0.34555,0.19565,-0.016443,-0.25769,1.718,-0.16159,-0.095384,-2.7199,-0.12642,-1.4658,0.077245,-2.7932,-1.3954
0.0070971,0.0067787,-0.046783,-0.031801,-1.6999,2.672,0.35961,0.82977,-0.091554,0.013117,-0.80353,0.38136,-0.083034,-0.11589,-0.22906,2.0323,-0.1748,0.052896,-2.2085,-0.049842,-1.4049,0.054773,-3.2201,-1.1197
0.0085674,0.010515,-0.060214,-0.032,-1.4756,3.0094,0.38137,0.88664,-0.058118,0.069205,-0.89521,0.39031,-0.20886,-0.22055,-0.22832,2.0842,-0.16562,0.21433,-1.6735,0.029368,-1.3143,0.039122,-3.6389,-0.76105
0.012096,0.019597,-0.067617,-0.032675,-1.1504,3.2269,0.3563,0.96286,-0.033604,0.10186,-1.0049,0.37719,-0.20298,-0.27775,-0.20935,1.9144,-0.13535,0.36213,-1.1874,0.111,-1.1815,0.037727,-3.8895,-0.325
0.015308,0.026284,-0.065355,-0.031973,-0.79938,3.3424,0.28526,1.0693,-0.018615,0.10808,-1.1312,0.35737,-0.14878,-0.26562,-0.13831,1.6371,-0.091705,0.4663,-0.79482,0.19451,-1.0052,0.053605,-3.8568,0.1424
0.01668,0.024944,-0.055822,-0.02729,-0.49411,3.4177,0.19854,1.1856,-0.0069047,0.099145,-1.253,0.345,-0.14462,-0.20828,-0.018636,1.365,-0.044374,0.50696,-0.48667,0.27652,-0.8025,0.082458,-3.5422,0.59933
0.016654,0.016644,-0.045917,-0.017299,-0.27099,3.5199,0.13427,1.2773,0.010237,0.093637,-1.3343,0.34412,-0.24592,-0.15747,0.1111,1.1433,-0.0018793,0.48936,-0.21261,0.35091,-0.60477,0.11418,-3.0664,1.0287
0.01662,0.008151,-0.042279,-0.0037917,-0.12508,3.6749,0.10651,1.319,0.037375,0.10585,-1.3387,0.34897,-0.43545,-0.15459,0.20357,0.93993,0.028923,0.44461,0.082443,0.41082,-0.44093,0.1382,-2.599,1.4214
0.017161,0.0062033,-0.047147,0.0083651,-0.02619,3.8457,0.091938,1.3059,0.071218,0.13876,-1.2464,0.35137,-0.63943,-0.20139,0.23165,0.69323,0.042587,0.41075,0.42943,0.45098,-0.32109,0.14931,-2.2613,1.7528
0.01742,0.011974,-0.057805,0.013732,0.060627,3.9522,0.049008,1.2481,0.10302,0.18619,-1.0645,0.34758,-0.77445,-0.2601,0.19846,0.374,0.036064,0.4061,0.83224,0.46918,-0.23232,0.15003,-2.0677,1.9918
0.016043,0.020416,-0.069381,0.0099411,0.16473,3.9197,-0.045643,1.1598,0.12541,0.24072,-0.82449,0.33958,-0.79249,-0.2817,0.12504,0.0069189,0.01053,0.41507,1.2826,0.46683,-0.15017,0.14804,-1.9368,2.1393
0.012531,0.024848,-0.078232,-0.00012882,0.31025,3.721,-0.17414,1.0534,0.13823,0.29926,-0.56936,0.33116,-0.70046,-0.2405,0.030797,-0.36718,-0.028333,0.39807,1.7692,0.44839,-0.057198,0.15053,-1.7536,2.2558
0.0076598,0.022587,-0.08338,-0.009623,0.5168,3.3858,-0.28633,0.94456,0.14864,0.36199,-0.33864,0.32338,-0.55186,-0.15074,-0.074664,-0.75234,-0.073076,0.3186,2.2695,0.41993,0.045592,0.15962,-1.4338,2.4362
0.0028503,0.016719,-0.085708,-0.011992,0.79318,2.9733,-0.33171,0.85857,0.16546,0.42745,-0.15888,0.31332,-0.42168,-0.055134,-0.18387,-1.2204,-0.11872,0.16822,2.7352,0.38721,0.14219,0.17179,-0.94951,2.7419
-0.0005854,0.012779,-0.086481,-0.0054039,1.1288,2.5363,-0.28777,0.82637,0.19241,0.49013,-0.041456,0.29617,-0.37566,0.0045429,-0.28027,-1.8636,-0.16506,-0.027491,3.096,0.35392,0.21583,0.18111,-0.32154,3.1439
-0.0016303,0.013694,-0.086674,0.0060143,1.4943,2.1017,-0.16524,0.86824,0.22561,0.54358,0.015814,0.26836,-0.44127,0.013853,-0.33876,-2.706,-0.2149,-0.22466,3.2899,0.32069,0.26169,0.18323,0.39607,3.5295
0.00046811,0.017638,-0.087119,0.015199,1.8542,1.6768,0.007262,0.97672,0.25692,0.58557,0.027261,0.22947,-0.58968,-0.0073853,-0.34088,-3.6441,-0.26988,-0.38596,3.3016,0.28538,0.288,0.17689,1.1196,3.7732
0.0057217,0.020398,-0.088548,0.017202,2.1828,1.2666,0.20156,1.114,0.27987,0.6196,0.017578,0.18231,-0.74149,-0.020128,-0.29148,-4.4721,-0.32743,-0.49778,3.1754,0.24441,0.30572,0.16262,1.7386,3.8169
0.012566,0.019573,-0.091025,0.012412,2.4655,0.88134,0.39744,1.2295,0.29331,0.65049,0.016104,0.13159,-0.80134,0.0081784,-0.2208,-4.9834,-0.38133,-0.56959,2.9891,0.19458,0.31731,0.14073,2.1423,3.698
0.017864,0.016482,-0.093391,0.0055875,2.6841,0.52895,0.58038,1.2858,0.30027,0.67837,0.045939,0.081751,-0.70691,0.083479,-0.16778,-5.0832,-0.42508,-0.61892,2.8053,0.13487,0.31557,0.11138,2.2718,3.5117
0.018619,0.014255,-0.093698,0.0017849,2.8012,0.20531,0.73919,1.2752,0.30387,0.69709,0.11311,0.034336,-0.46207,0.18199,-0.15631,-4.8322,-0.45458,-0.65437,2.6418,0.067438,0.29441,0.076631,2.1643,3.3449
0.014505,0.014386,-0.090684,0.0027002,2.7666,-0.10416,0.86863,1.2141,0.30452,0.69954,0.20426,-0.013541,-0.13108,0.26477,-0.18235,-4.3911,-0.46812,-0.66888,2.4828,-0.0025149,0.2612,0.042223,1.9468,3.2356
0.0088658,0.015359,-0.085156,0.0062756,2.5498,-0.40977,0.97202,1.1233,0.30062,0.68621,0.29657,-0.067513,0.19955,0.30051,-0.21987,-3.9031,-0.46456,-0.64728,2.3154,-0.068205,0.23737,0.016055,1.7723,3.1759
0.0066354,0.01456,-0.079925,0.0093492,2.1771,-0.70381,1.0568,1.0115,0.29185,0.67039,0.37371,-0.13018,0.45882,0.2825,-0.23957,-3.395,-0.44235,-0.5808,2.1534,-0.1234,0.24372,0.0037356,1.7382,3.1398
0.010394,0.011325,-0.078111,0.010558,1.7401,-0.96235,1.1241,0.87513,0.28145,0.6756,0.43595,-0.19352,0.59973,0.22949,-0.22576,-2.7677,-0.40087,-0.47714,2.0226,-0.16417,0.28106,0.004425,1.8451,3.1033
0.017913,0.0078817,-0.081007,0.010897,1.357,-1.163,1.162,0.71089,0.27508,0.7262,0.49691,-0.23496,0.58277,0.17035,-0.18144,-1.8884,-0.34257,-0.35877,1.9238,-0.18938,0.3238,0.010736,2.0235,3.0442
0.023692,0.0072402,-0.087179,0.011877,1.1092,-1.3039,1.1514,0.52646,0.27729,0.83597,0.5706,-0.22233,0.36902,0.12312,-0.12177,-0.72702,-0.27342,-0.25227,1.8141,-0.19993,0.33477,0.013344,2.1962,2.9397
0.023508,0.010191,-0.093465,0.013525,0.99696,-1.4073,1.081,0.33667,0.28846,1.0003,0.66028,-0.12873,-0.05052,0.083767,-0.063503,0.55692,-0.20095,-0.178,1.6335,-0.19777,0.29182,0.0070306,2.3251,2.7775
0.018019,0.014394,-0.09705,0.014325,0.94842,-1.5038,0.95863,0.15034,0.3048,1.1961,0.75815,0.048744,-0.60561,0.032873,-0.017675,1.6483,-0.13164,-0.1469,1.3569,-0.18586,0.20554,-0.006381,2.4114,2.575
0.012128,0.016401,-0.097025,0.013033,0.87784,-1.6112,0.80897,-0.036967,0.32088,1.3896,0.85405,0.27775,-1.131,-0.044821,0.011651,2.2279,-0.070074,-0.16322,1.0241,-0.16872,0.1127,-0.02026,2.464,2.3845
0.010594,0.014563,-0.094382,0.010332,0.74805,-1.7231,0.65916,-0.23431,0.3324,1.5493,0.94352,0.49658,-1.4242,-0.14375,0.024386,2.1539,-0.019874,-0.22571,0.7126,-0.15267,0.049697,-0.02845,2.4759,2.2654
0.013906,0.010117,-0.090731,0.0085948,0.58977,-1.8174,0.52506,-0.43798,0.33737,1.6576,1.0274,0.63874,-1.3565,-0.23767,0.02031,1.5538,0.015655,-0.3234,0.47099,-0.14441,0.026451,-0.029238,2.4303,2.2407
0.018156,0.0056838,-0.086931,0.010004,0.465,-1.875,0.40918,-0.62369,0.33552,1.7142,1.1048,0.66484,-0.95861,-0.29695,-0.003349,0.7598,0.034926,-0.43068,0.27158,-0.14834,0.021009,-0.02512,2.3228,2.2743
0.018874,0.0029784,-0.082725,0.014899,0.40772,-1.8936,0.30977,-0.75955,0.32733,1.7292,1.1678,0.58285,-0.40995,-0.30891,-0.050783,0.12652,0.040248,-0.51133,0.027477,-0.16445,-0.0017437,-0.019227,2.171,2.2916
0.015082,0.0019838,-0.077468,0.021847,0.39314,-1.8862,0.23045,-0.83108,0.31326,1.7092,1.2051,0.44203,0.069049,-0.28456,-0.12275,-0.14983,0.037869,-0.53456,-0.33224,-0.18864,-0.06318,-0.012028,2.0011,2.2325
0.0098156,0.0020091,-0.071173,0.029096,0.3609,-1.8673,0.18064,-0.85601,0.29331,1.6474,1.2119,0.30214,0.34447,-0.24681,-0.21049,-0.095491,0.034805,-0.49366,-0.78803,-0.21535,-0.15719,-0.0013755,1.8261,2.0909
0.0068452,0.0030089,-0.064897,0.035791,0.27046,-1.8399,0.1667,-0.87343,0.26638,1.5271,1.1959,0.19787,0.42344,-0.211,-0.29317,0.11557,0.03512,-0.41166,-1.2175,-0.2399,-0.25876,0.014317,1.6409,1.9057
0.006962,0.0054888,-0.060185,0.041856,0.13862,-1.7941,0.18331,-0.91444,0.23044,1.3358,1.1739,0.12353,0.40615,-0.17483,-0.34283,0.29828,0.039609,-0.32709,-1.4582,-0.25848,-0.34513,0.03292,1.4397,1.7135
0.007415,0.0091971,-0.058071,0.047047,0.025374,-1.7176,0.21357,-0.97818,0.1844,1.083,1.1612,0.049101,0.38882,-0.12527,-0.33637,0.349,0.049646,-0.26977,-1.4016,-0.26592,-0.41077,0.048602,1.2343,1.5095
0.0049213,0.012398,-0.058442,0.050541,-0.019603,-1.609,0.23824,-1.0333,0.13097,0.80448,1.1638,-0.04623,0.40076,-0.055053,-0.26819,0.24691,0.071105,-0.24595,-1.0526,-0.25431,-0.46467,0.055207,1.0543,1.2615
-0.00074833,0.012986,-0.060193,0.051675,-0.0030573,-1.482,0.24602,-1.0428,0.078266,0.54968,1.179,-0.15148,0.41415,0.026238,-0.15527,0.0031474,0.11329,-0.24409,-0.52089,-0.21548,-0.51509,0.050058,0.92608,0.96932
-0.0060711,0.010555,-0.061863,0.05099,0.013313,-1.3585,0.23657,-0.99035,0.037463,0.35899,1.2033,-0.2321,0.3951,0.095738,-0.02998,-0.36947,0.18233,-0.25301,0.042796,-0.14666,-0.55756,0.034775,0.85105,0.71306
-0.006678,0.0071959,-0.062165,0.050271,-0.040354,-1.257,0.21534,-0.88645,0.017158,0.24639,1.2375,-0.26246,0.33639,0.13161,0.076103,-0.83379,0.2747,-0.27237,0.51766,-0.054754,-0.57806,0.012501,0.8062,0.63095
-0.0012963,0.0058487,-0.060111,0.051314,-0.1908,-1.1858,0.18609,-0.75282,0.018296,0.19891,1.2826,-0.25421,0.2471,0.12613,0.14787,-1.2893,0.37728,-0.30343,0.85227,0.045401,-0.56848,-0.015745,0.765,0.82679
0.0067145,0.0075645,-0.054953,0.054518,-0.40791,-1.1445,0.14796,-0.60125,0.033817,0.19103,1.3319,-0.25488,0.12682,0.088295,0.19192,-1.5796,0.47513,-0.32989,1.0618,0.13863,-0.53974,-0.051939,0.71831,1.2761
0.011553,0.010365,-0.046313,0.058695,-0.63508,-1.1298,0.098639,-0.42799,0.053399,0.20123,1.366,-0.31684,-0.034365,0.03613,0.22818,-1.5671,0.56021,-0.31213,1.1973,0.21724,-0.5196,-0.098143,0.67367,1.8138
0.0090971,0.011021,-0.034529,0.062268,-0.83277,-1.1385,0.039436,-0.22724,0.069229,0.21826,1.3588,-0.46219,-0.22547,-0.014086,0.2737,-1.2295,0.63312,-0.2084,1.3078,0.28232,-0.5353,-0.15247,0.63328,2.2265
-0.00029121,0.008182,-0.02076,0.064729,-0.99773,-1.1646,-0.022692,-0.009172,0.07803,0.23513,1.2903,-0.67259,-0.39221,-0.054427,0.32998,-0.69757,0.69585,-0.010472,1.4094,0.33711,-0.59475,-0.20796,0.57239,2.3834
-0.012296,0.0038185,-0.0065207,0.067012,-1.1474,-1.1964,-0.077379,0.19634,0.078555,0.24028,1.1579,-0.9108,-0.45934,-0.085538,0.38268,-0.19563,0.74283,0.23693,1.4706,0.37873,-0.68157,-0.25601,0.441,2.3053
-0.021809,0.0014182,0.0071533,0.070517,-1.291,-1.219,-0.11478,0.35558,0.068476,0.21731,0.97635,-1.1536,-0.38809,-0.11276,0.4137,0.083484,0.75959,0.45381,1.42,0.39658,-0.7682,-0.29208,0.19182,2.1222
-0.02613,0.002563,0.020179,0.07571,-1.4165,-1.223,-0.12822,0.45332,0.045201,0.15565,0.77052,-1.4077,-0.21622,-0.14154,0.41618,0.08363,0.73252,0.56988,1.18,0.38058,-0.83635,-0.31895,-0.18545,1.9601
-0.025945,0.0052164,0.033042,0.081456,-1.5012,-1.2115,-0.11522,0.50262,0.010697,0.063194,0.56437,-1.6967,-0.03714,-0.17405,0.40095,-0.096807,0.66215,0.56333,0.71155,0.33301,-0.88797,-0.34465,-0.64836,1.8546
-0.023861,0.00554,0.045844,0.085553,-1.5315,-1.1988,-0.078192,0.53345,-0.024735,-0.031924,0.37555,-2.0285,0.070572,-0.20773,0.38896,-0.27832,0.56856,0.46497,0.048941,0.27296,-0.93828,-0.37642,-1.1146,1.7545
-0.022144,0.0016553,0.057672,0.085996,-1.5102,-1.1995,-0.025331,0.5695,-0.045064,-0.094905,0.21516,-2.369,0.10278,-0.23597,0.39584,-0.30685,0.48266,0.32944,-0.70205,0.22781,-0.99743,-0.41523,-1.4937,1.598
-0.021569,-0.0042291,0.066955,0.082157,-1.4484,-1.2182,0.030323,0.61137,-0.03742,-0.10497,0.089979,-2.6374,0.12492,-0.25104,0.42067,-0.12401,0.42891,0.20162,-1.4042,0.21633,-1.057,-0.45516,-1.7193,1.3835
-0.021843,-0.00748,0.072628,0.07523,-1.3544,-1.2461,0.075576,0.63843,-0.00083625,-0.067946,0.0035777,-2.7278,0.20644,-0.24825,0.44812,0.22957,0.41178,0.10431,-1.9455,0.23599,-1.0934,-0.48809,-1.7691,1.1732
-0.022586,-0.0050676,0.075181,0.067743,-1.2345,-1.2701,0.10413,0.62607,0.052608,-0.011156,-0.043761,-2.5513,0.35296,-0.22928,0.46182,0.65781,0.41519,0.047798,-2.2794,0.26413,-1.0863,-0.50975,-1.6692,1.0366
-0.023648,0.0017556,0.076716,0.062369,-1.1031,-1.2825,0.12093,0.56386,0.10588,0.035693,-0.054967,-2.0837,0.49625,-0.20259,0.45791,1.0584,0.41419,0.039962,-2.4294,0.27236,-1.0368,-0.5224,-1.4843,0.99054
-0.024621,0.0085934,0.079873,0.060635,-0.99005,-1.2851,0.13903,0.46107,0.14814,0.059379,-0.035711,-1.3986,0.54982,-0.18025,0.44747,1.3525,0.3895,0.080173,-2.4617,0.24368,-0.96952,-0.53178,-1.2947,0.98645
-0.024514,0.011715,0.086275,0.062239,-0.93249,-1.2838,0.16978,0.33703,0.18014,0.068436,0.005023,-0.66011,0.48107,-0.17295,0.4459,1.4976,0.33547,0.14485,-2.4488,0.18051,-0.91668,-0.54079,-1.1651,0.94531
-0.022326,0.010921,0.095532,0.065404,-0.95402,-1.281,0.21336,0.206,0.20991,0.082455,0.052901,-0.062832,0.33965,-0.18565,0.45842,1.4944,0.25869,0.18839,-2.4408,0.099905,-0.89462,-0.54527,-1.1178,0.80145
-0.018122,0.0089137,0.10549,0.068025,-1.0479,-1.2729,0.25774,0.068642,0.24324,0.11515,0.087391,0.26169,0.22205,-0.21587,0.47379,1.3884,0.17152,0.17038,-2.4526,0.021973,-0.89188,-0.53538,-1.1259,0.52406
-0.013385,0.0081316,0.1137,0.068772,-1.1782,-1.255,0.2884,-0.083523,0.27739,0.16448,0.086036,0.3183,0.2054,-0.25517,0.47132,1.2514,0.086373,0.089773,-2.4622,-0.038902,-0.87782,-0.50199,-1.1301,0.11841
-0.010063,0.0083959,0.11908,0.067393,-1.2997,-1.2287,0.30153,-0.25546,0.30315,0.21621,0.03433,0.24545,0.3022,-0.29287,0.43533,1.1406,0.012855,-0.0080202,-2.4169,-0.074719,-0.82548,-0.4435,-1.0702,-0.37281
-0.0090629,0.0076953,0.12264,0.064184,-1.3821,-1.2022,0.31025,-0.43836,0.31278,0.25625,-0.064343,0.22528,0.46356,-0.32006,0.36536,1.0572,-0.043331,-0.065359,-2.2451,-0.079388,-0.73149,-0.36806,-0.91053,-0.86439
-0.0096645,0.0050508,0.12654,0.059309,-1.4213,-1.1844,0.33756,-0.61033,0.30625,0.28109,-0.18702,0.36141,0.6172,-0.3321,0.27493,0.9409,-0.081574,-0.063207,-1.8768,-0.046481,-0.61787,-0.28996,-0.64851,-1.2419
-0.010393,0.002229,0.13215,0.052671,-1.4302,-1.1771,0.40078,-0.74809,0.2907,0.29861,-0.30165,0.61321,0.70631,-0.32804,0.18112,0.71351,-0.10689,-0.043681,-1.2677,0.026168,-0.5151,-0.22293,-0.30962,-1.4112
-0.010398,0.002303,0.13861,0.044343,-1.4169,-1.1719,0.4987,-0.84151,0.27445,0.32023,-0.38469,0.83926,0.70673,-0.30763,0.094033,0.34597,-0.12791,-0.080383,-0.42383,0.12783,-0.43949,-0.17469,0.060044,-1.3642
-0.0098876,0.0064194,0.14321,0.034948,-1.368,-1.1561,0.61145,-0.90081,0.26131,0.3516,-0.43444,0.91893,0.62369,-0.26805,0.01388,-0.10432,-0.15208,-0.21807,0.58356,0.23068,-0.38234,-0.14543,0.40192,-1.2035
-0.0093233,0.012139,0.1434,0.025483,-1.2519,-1.1218,0.71247,-0.9516,0.25016,0.38883,-0.47118,0.85623,0.48201,-0.20358,-0.064211,-0.51952,-0.181,-0.43183,1.62,0.2973,-0.31808,-0.12979,0.66155,-1.0863
-0.0085023,0.015282,0.13892,0.016719,-1.0425,-1.0725,0.78357,-1.0211,0.23879,0.42157,-0.52423,0.78255,0.31781,-0.10969,-0.14367,-0.79349,-0.20933,-0.64068,2.5156,0.29895,-0.2244,-0.11997,0.81638,-1.1105
-0.0067832,0.01373,0.13223,0.0088458,-0.74721,-1.0221,0.82207,-1.1254,0.22754,0.43894,-0.61511,0.85833,0.16906,0.010058,-0.22422,-0.89468,-0.22812,-0.76437,3.1166,0.23413,-0.098517,-0.10834,0.89864,-1.2242
-0.0042415,0.0096023,0.12701,0.0016781,-0.41844,-0.98783,0.83625,-1.2644,0.21885,0.43352,-0.74719,1.1571,0.061091,0.1391,-0.30421,-0.87263,-0.22982,-0.77597,3.3451,0.13365,0.041613,-0.089249,0.9874,-1.2381
-0.0022355,0.0076263,0.12575,-0.0048498,-0.13499,-0.98146,0.83478,-1.4276,0.21382,0.40176,-0.90636,1.6266,-0.0072319,0.25007,-0.38302,-0.80882,-0.21098,-0.70856,3.2354,0.04565,0.1694,-0.060716,1.161,-0.94552
-0.0023379,0.011059,0.12838,-0.010501,0.037887,-1.0038,0.81973,-1.6014,0.20937,0.34266,-1.0694,2.1481,-0.06496,0.3153,-0.45929,-0.75719,-0.17145,-0.61403,2.9181,0.008119,0.26375,-0.025623,1.4371,-0.27006
-0.0044871,0.018792,0.1327,-0.015037,0.086308,-1.0445,0.78841,-1.7739,0.19939,0.2574,-1.2139,2.6311,-0.15322,0.32099,-0.52623,-0.7211,-0.11204,-0.51166,2.5547,0.026993,0.31423,0.0087704,1.747,0.66331
-0.0064117,0.026188,0.13605,-0.01859,0.05849,-1.0862,0.74117,-1.9314,0.17889,0.15054,-1.3253,3.0514,-0.30194,0.27586,-0.56944,-0.67528,-0.033801,-0.36899,2.2584,0.075674,0.31608,0.034014,1.9709,1.5813
-0.0053259,0.02884,0.13679,-0.021643,0.039461,-1.111,0.68659,-2.0553,0.14806,0.030943,-1.4005,3.4091,-0.51645,0.20733,-0.57197,-0.60122,0.060386,-0.12834,2.0546,0.11668,0.26334,0.045194,2.0117,2.1986
-0.00050111,0.025922,0.13464,-0.024641,0.10401,-1.1073,0.63823,-2.1243,0.113,-0.089221,-1.449,3.6603,-0.78205,0.14591,-0.5245,-0.49975,0.16381,0.24455,1.9067,0.12912,0.1491,0.044119,1.853,2.3488
0.0058393,0.020337,0.13007,-0.02771,0.27591,-1.0744,0.60449,-2.1259,0.082946,-0.19751,-1.4892,3.7058,-1.0767,0.1078,-0.43322,-0.3745,0.26636,0.72714,1.7805,0.12109,-0.025564,0.038152,1.5568,2.0398
0.010356,0.015812,0.12373,-0.03078,0.51721,-1.024,0.57989,-2.0692,0.065825,-0.28445,-1.5408,3.4576,-1.3738,0.08857,-0.3182,-0.21189,0.3575,1.2435,1.6904,0.11798,-0.24211,0.034934,1.2112,1.4258
0.011473,0.013781,0.11623,-0.033863,0.75205,-0.97692,0.54573,-1.989,0.06443,-0.34517,-1.6155,2.924,-1.6305,0.072739,-0.20226,0.015669,0.42931,1.6979,1.6858,0.13773,-0.46494,0.036785,0.87167,0.73361
0.010508,0.012806,0.10837,-0.037037,0.90851,-0.95379,0.48043,-1.9339,0.074696,-0.37905,-1.7086,2.2291,-1.7762,0.051664,-0.098059,0.32407,0.47704,2.0136,1.7908,0.17363,-0.65487,0.039322,0.54373,0.18317
0.0099764,0.010765,0.10085,-0.040128,0.95301,-0.96526,0.37216,-1.9438,0.087003,-0.38833,-1.7993,1.5438,-1.7266,0.034021,-0.0026022,0.6962,0.49735,2.1579,1.9545,0.19872,-0.78786,0.035743,0.2087,-0.077164
0.010885,0.0073986,0.093693,-0.042581,0.89906,-1.0066,0.2247,-2.0311,0.090654,-0.37642,-1.8587,0.98708,-1.428,0.038975,0.097096,1.0884,0.48701,2.1434,2.0611,0.18656,-0.86495,0.023457,-0.13896,-0.014044
0.011742,0.0045995,0.085859,-0.043878,0.78988,-1.0622,0.053297,-2.1757,0.080219,-0.34645,-1.8625,0.58299,-0.90461,0.077299,0.21206,1.4599,0.44435,2.0145,1.9971,0.13077,-0.90497,0.0075925,-0.47705,0.27794
0.010225,0.0042224,0.07586,-0.044142,0.66981,-1.1177,-0.1244,-2.3378,0.060374,-0.30015,-1.8019,0.30171,-0.27005,0.13772,0.34195,1.7959,0.37242,1.826,1.7206,0.048109,-0.92434,-0.0016963,-0.76793,0.60881
0.0056857,0.0057697,0.063223,-0.044119,0.56314,-1.1707,-0.29395,-2.478,0.045358,-0.2375,-1.6871,0.1322,0.31828,0.19277,0.47424,2.1028,0.28043,1.6212,1.278,-0.035138,-0.91959,0.0039696,-0.97632,0.77181
-1.4598e-005,0.0065603,0.049558,-0.044239,0.47059,-1.2312,-0.44286,-2.5754,0.051819,-0.15788,-1.542,0.10861,0.73621,0.22162,0.59126,2.3828,0.18086,1.4183,0.757,-0.10055,-0.86738,0.025756,-1.0746,0.63871
-0.0040595,0.0044871,0.038036,-0.043557,0.38024,-1.3102,-0.55596,-2.6339,0.088708,-0.062414,-1.3928,0.26443,0.95011,0.23058,0.67952,2.6175,0.083712,1.2087,0.22281,-0.14547,-0.74371,0.057809,-1.0404,0.22191
-0.0049314,0.0006806,0.031255,-0.039881,0.28166,-1.4061,-0.61466,-2.6766,0.15091,0.043663,-1.2555,0.56493,1.0159,0.25166,0.73554,2.7812,-0.0077378,0.97231,-0.31099,-0.17843,-0.54761,0.092656,-0.8638,-0.33387
-0.0031964,-0.00082047,0.029002,-0.031511,0.1739,-1.5022,-0.60323,-2.7315,0.22139,0.15031,-1.1299,0.89167,1.0262,0.31668,0.76558,2.8718,-0.096086,0.69861,-0.85976,-0.20942,-0.30979,0.12733,-0.56576,-0.82545
-0.00035105,0.0034973,0.027804,-0.019435,0.065804,-1.5784,-0.51865,-2.8151,0.28053,0.24421,-1.0029,1.1029,1.0506,0.42675,0.78065,2.9249,-0.18461,0.40167,-1.4257,-0.24421,-0.077215,0.16553,-0.20879,-1.0853
0.0027922,0.013146,0.022909,-0.0079386,-0.026601,-1.6288,-0.37621,-2.9234,0.31607,0.31196,-0.85927,1.1207,1.1113,0.5431,0.7899,2.9905,-0.27209,0.11641,-1.9795,-0.28504,0.11586,0.21452,0.12461,-1.0421
0.006486,0.023534,0.011363,-0.0025771,-0.08221,-1.6684,-0.20574,-3.0345,0.32702,0.34384,-0.69384,0.97098,1.2023,0.61003,0.79611,3.0889,-0.35177,-0.12056,-2.4804,-0.33355,0.26814,0.27927,0.37893,-0.72575
0.011023,0.029622,-0.0060878,-0.0065214,-0.078356,-1.7222,-0.040159,-3.1233,0.32018,0.33715,-0.51511,0.74556,1.319,0.59484,0.79563,3.1859,-0.41475,-0.29001,-2.9092,-0.39098,0.40633,0.35779,0.56178,-0.23325
0.01564,0.030096,-0.025656,-0.017969,2.2345e-005,-1.8035,0.096778,-3.1792,0.30321,0.29812,-0.33943,0.52534,1.4673,0.51407,0.78286,3.213,-0.45464,-0.39377,-3.2823,-0.45581,0.55834,0.44011,0.73263,0.30597
0.018641,0.028168,-0.043063,-0.030865,0.14701,-1.9009,0.19584,-3.2126,0.2802,0.24052,-0.18019,0.32982,1.6432,0.42511,0.75585,3.119,-0.46938,-0.44127,-3.6396,-0.52314,0.72527,0.51111,0.94545,0.75014
0.018648,0.028183,-0.055855,-0.038818,0.32818,-1.9846,0.2585,-3.2441,0.25169,0.18003,-0.040852,0.1275,1.8102,0.38808,0.71816,2.9091,-0.45958,-0.4324,-4.024,-0.58862,0.87397,0.55543,1.1894,0.96354
0.015683,0.031211,-0.063838,-0.039479,0.49009,-2.0275,0.28775,-3.2836,0.21739,0.12594,0.083522,-0.11539,1.9015,0.42577,0.67452,2.6376,-0.42559,-0.35278,-4.4722,-0.65485,0.95554,0.56266,1.3778,0.85442
0.010994,0.033817,-0.067823,-0.035992,0.58666,-2.0245,0.28101,-3.3155,0.178,0.075428,0.19945,-0.39653,1.8507,0.51035,0.62296,2.3626,-0.36633,-0.1859,-5.0112,-0.73374,0.93533,0.53099,1.3978,0.42643
0.0058831,0.031274,-0.068364,-0.034182,0.60648,-1.9949,0.23061,-3.3056,0.13499,0.015709,0.31021,-0.67687,1.6288,0.58405,0.55044,2.1035,-0.28114,0.068695,-5.6431,-0.84035,0.81295,0.46817,1.1837,-0.19581
0.00076401,0.022286,-0.065759,-0.037547,0.5796,-1.9693,0.13154,-3.2264,0.089836,-0.065478,0.41706,-0.90559,1.2584,0.59599,0.43782,1.8377,-0.17298,0.38647,-6.3134,-0.97999,0.62061,0.38932,0.75777,-0.80422
-0.0045973,0.010767,-0.060917,-0.044072,0.55592,-1.9718,-0.0088998,-3.0807,0.044129,-0.16784,0.52319,-1.0403,0.79991,0.52797,0.27262,1.5362,-0.050602,0.72493,-6.8915,-1.1364,0.40594,0.31234,0.21464,-1.2002
-0.010014,0.0028936,-0.055537,-0.04755,0.56972,-2.0071,-0.16696,-2.9052,0.00060781,-0.27471,0.63392,-1.0492,0.32256,0.39413,0.061486,1.201,0.072227,1.0399,-7.1987,-1.2704,0.21485,0.25285,-0.3329,-1.2866
-0.014234,0.0019671,-0.050882,-0.042486,0.61724,-2.0585,-0.30744,-2.7468,-0.036933,-0.36178,0.75091,-0.90795,-0.11802,0.22167,-0.16731,0.86804,0.18029,1.2994,-7.0867,-1.3322,0.0848,0.22034,-0.80037,-1.0973
-0.015562,0.0056634,-0.046364,-0.02865,0.66402,-2.0908,-0.39646,-2.6305,-0.065478,-0.41276,0.86577,-0.60971,-0.4884,0.032003,-0.37451,0.57293,0.26193,1.4874,-6.5225,-1.2836,0.04473,0.21641,-1.1428,-0.75388
-0.013294,0.0081898,-0.039961,-0.011633,0.67459,-2.0585,-0.41602,-2.5413,-0.084755,-0.42957,0.96069,-0.18683,-0.77449,-0.16321,-0.52759,0.31387,0.31302,1.6018,-5.618,-1.1179,0.11114,0.23502,-1.3384,-0.39375
-0.0085822,0.0054882,-0.030822,0.0009728,0.63942,-1.9193,-0.37313,-2.4345,-0.096819,-0.42864,1.0182,0.27787,-0.97395,-0.35264,-0.6146,0.050777,0.33776,1.6497,-4.5765,-0.86684,0.2763,0.26432,-1.3736,-0.12627
-0.0038263,-0.0010958,-0.021724,0.0046266,0.57869,-1.6547,-0.29822,-2.2641,-0.103,-0.42619,1.0326,0.67003,-1.0872,-0.51521,-0.64525,-0.254,0.3452,1.6434,-3.5922,-0.58846,0.49864,0.29013,-1.2472,-0.030295
-0.00099979,-0.0059631,-0.018384,0.00031644,0.52354,-1.2881,-0.23189,-2.0087,-0.10116,-0.42499,1.0141,0.88812,-1.1111,-0.62028,-0.63963,-0.58934,0.34289,1.595,-2.7711,-0.34306,0.71092,0.3008,-0.9868,-0.1599
-0.0003192,-0.0043281,-0.025243,-0.006963,0.49241,-0.88581,-0.20553,-1.6786,-0.086692,-0.41374,0.97992,0.88633,-1.0404,-0.63833,-0.6131,-0.89015,0.33174,1.5078,-2.1231,-0.16928,0.84951,0.29182,-0.65422,-0.52448
-0.00031969,0.0031631,-0.041076,-0.011972,0.48002,-0.53518,-0.22567,-1.304,-0.057299,-0.37921,0.94082,0.68981,-0.88233,-0.55387,-0.56912,-1.087,0.3057,1.3715,-1.6118,-0.073621,0.88806,0.2672,-0.32904,-1.0548
0.00082231,0.010358,-0.058744,-0.012218,0.46169,-0.30592,-0.27143,-0.91955,-0.017322,-0.3201,0.89265,0.37731,-0.67254,-0.37186,-0.50596,-1.1758,0.2575,1.1691,-1.2106,-0.036989,0.84912,0.23605,-0.080611,-1.6043
0.0038659,0.010373,-0.070101,-0.008488,0.40369,-0.21807,-0.30714,-0.55445,0.023191,-0.25032,0.82025,0.047114,-0.47723,-0.11557,-0.43194,-1.2506,0.18664,0.89621,-0.91801,-0.031665,0.78164,0.20554,0.053317,-2.016
0.0080597,0.0013763,-0.072215,-0.0034266,0.27169,-0.23608,-0.30268,-0.22939,0.054885,-0.18919,0.7096,-0.21498,-0.36934,0.18111,-0.37556,-1.4694,0.10381,0.57959,-0.73107,-0.036334,0.72016,0.17537,0.073568,-2.2211
0.011852,-0.011419,-0.069411,0.00028005,0.039683,-0.2929,-0.24888,0.046224,0.075711,-0.14746,0.55836,-0.357,-0.39074,0.48226,-0.3781,-1.9759,0.027646,0.28009,-0.61556,-0.040967,0.65877,0.13813,0.019729,-2.2908
0.014059,-0.01937,-0.069103,0.0010756,-0.29495,-0.32805,-0.1594,0.28028,0.09144,-0.1215,0.37738,-0.37221,-0.52776,0.75678,-0.4691,-2.8283,-0.024679,0.070489,-0.5078,-0.042427,0.56147,0.086195,-0.030274,-2.3856
0.014603,-0.016834,-0.074967,-0.00099236,-0.69304,-0.3161,-0.060387,0.50151,0.10896,-0.099787,0.18375,-0.3002,-0.72008,0.98203,-0.64057,-3.975,-0.047006,0.00054962,-0.34919,-0.038486,0.39934,0.019536,0.029594,-2.632
0.01436,-0.0053662,-0.083569,-0.0043041,-1.0675,-0.27036,0.023087,0.7523,0.128,-0.075044,-0.0075473,-0.21279,-0.89613,1.1438,-0.84074,-5.2737,-0.047648,0.071871,-0.12114,-0.02688,0.18028,-0.052171,0.29731,-3.021
0.01434,0.0076343,-0.087482,-0.0063484,-1.3051,-0.22329,0.075692,1.0705,0.13909,-0.05066,-0.18737,-0.18341,-1.0076,1.2335,-0.99641,-6.5254,-0.044384,0.24024,0.15137,-0.0090951,-0.056232,-0.11603,0.80388,-3.4131
0.01481,0.014615,-0.082081,-0.0051714,-1.3125,-0.19898,0.093796,1.4706,0.1304,-0.03646,-0.35078,-0.2518,-1.0409,1.2455,-1.0517,-7.5068,-0.05413,0.44338,0.42901,0.0071217,-0.27521,-0.16636,1.4677,-3.6504
0.015005,0.013326,-0.069919,-0.0009264,-1.0629,-0.19489,0.08436,1.9372,0.098207,-0.038741,-0.49435,-0.40411,-1.0072,1.1778,-0.99692,-8.0104,-0.08345,0.6338,0.69143,0.011361,-0.47885,-0.21035,2.1087,-3.6852
0.013692,0.0077864,-0.058837,0.0038165,-0.61052,-0.18198,0.063821,2.4359,0.052271,-0.05426,-0.61572,-0.58278,-0.93089,1.0361,-0.86812,-7.907,-0.12523,0.79423,0.94365,-0.0015491,-0.70294,-0.26353,2.5338,-3.6247
0.010273,0.0043025,-0.055634,0.005758,-0.060152,-0.11999,0.055867,2.9322,0.011018,-0.073282,-0.71479,-0.71986,-0.84548,0.83802,-0.71763,-7.2096,-0.16291,0.92758,1.1913,-0.026358,-0.97555,-0.33721,2.6466,-3.6529
0.0056258,0.0060802,-0.060911,0.0035564,0.48907,0.023332,0.085257,3.4054,-0.0098996,-0.088077,-0.79345,-0.77183,-0.79033,0.61224,-0.57989,-6.0852,-0.17937,1.0335,1.4103,-0.050181,-1.2719,-0.42748,2.5014,-3.8913
0.0019103,0.010888,-0.069369,-0.00080115,0.98851,0.26039,0.16798,3.8492,-0.0069479,-0.09871,-0.8527,-0.73414,-0.79234,0.39105,-0.45664,-4.7733,-0.16522,1.0925,1.5444,-0.061308,-1.5066,-0.51427,2.2561,-4.3013
0.0012468,0.01344,-0.074802,-0.0035139,1.4438,0.58378,0.30262,4.2615,0.010855,-0.11131,-0.88986,-0.63134,-0.8394,0.20078,-0.32953,-3.4413,-0.12215,1.0708,1.5373,-0.056556,-1.5761,-0.57169,2.0542,-4.7005
0.0041282,0.010167,-0.075087,-0.0023959,1.8787,0.9741,0.46838,4.6348,0.029787,-0.13134,-0.89999,-0.49602,-0.87327,0.055005,-0.18591,-2.0811,-0.060353,0.94371,1.3786,-0.041238,-1.4229,-0.5825,1.9251,-4.8756
0.0088503,0.0022334,-0.07298,0.00084076,2.2892,1.4076,0.63111,4.9523,0.040564,-0.15866,-0.88141,-0.35413,-0.8233,-0.046529,-0.035085,-0.55021,0.0073092,0.71925,1.1249,-0.022848,-1.0749,-0.54611,1.779,-4.7135
0.012597,-0.0055099,-0.072663,0.0018822,2.6256,1.8585,0.75374,5.1933,0.041862,-0.18833,-0.84063,-0.22372,-0.66549,-0.11479,0.096616,1.2402,0.070434,0.44593,0.8779,-0.0049563,-0.63036,-0.47544,1.4953,-4.2652
0.013459,-0.0084105,-0.075639,-0.0020566,2.8163,2.2992,0.80608,5.3403,0.037045,-0.21558,-0.79112,-0.12064,-0.45735,-0.16692,0.18468,3.1266,0.12285,0.19864,0.7324,0.013467,-0.20159,-0.38634,1.028,-3.71
0.011757,-0.005314,-0.079589,-0.008921,2.8155,2.7029,0.77161,5.3869,0.028881,-0.2395,-0.74559,-0.060559,-0.30835,-0.2209,0.22153,4.6658,0.16158,0.050202,0.72923,0.034076,0.13986,-0.2884,0.44,-3.254
0.0095069,0.0011805,-0.080656,-0.012676,2.6387,3.0534,0.65124,5.3417,0.017742,-0.26213,-0.70754,-0.053186,-0.29765,-0.28905,0.21642,5.3531,0.18544,0.042548,0.84318,0.055728,0.37954,-0.1839,-0.15654,-3.0283
0.0084785,0.0071181,-0.076604,-0.0080646,2.3581,3.3535,0.46394,5.2289,0.0042523,-0.28454,-0.66962,-0.094035,-0.40143,-0.37135,0.1837,4.9608,0.19493,0.17002,1.0085,0.075349,0.53448,-0.073725,-0.69716,-3.0429
0.0085861,0.0098301,-0.068083,0.0047284,2.0657,3.6248,0.24265,5.0827,-0.0076253,-0.30416,-0.62018,-0.16237,-0.49196,-0.45292,0.13168,3.7413,0.19314,0.38044,1.161,0.09172,0.61665,0.036593,-1.2142,-3.2146
0.0081108,0.0088432,-0.057505,0.01974,1.8309,3.8916,0.024413,4.9379,-0.011419,-0.31572,-0.55274,-0.22869,-0.41527,-0.50953,0.061403,2.3167,0.1859,0.5933,1.2689,0.10766,0.62139,0.13724,-1.798,-3.4391
0.0055772,0.0051038,-0.047186,0.02973,1.6844,4.1579,-0.16264,4.8172,-0.0028071,-0.31449,-0.46981,-0.2672,-0.09131,-0.51996,-0.026908,1.308,0.17991,0.72939,1.3389,0.12796,0.54931,0.22075,-2.5056,-3.6627
0.001523,-4.4521e-005,-0.038491,0.031723,1.6288,4.3931,-0.30866,4.7239,0.016499,-0.29827,-0.37831,-0.26536,0.43551,-0.47818,-0.12858,0.97259,0.17959,0.74204,1.4001,0.15476,0.43565,0.28855,-3.2933,-3.9041
-0.0015918,-0.0051277,-0.032148,0.028863,1.6529,4.5388,-0.42146,4.6429,0.040011,-0.26635,-0.28088,-0.22548,1.025,-0.39692,-0.23613,1.1126,0.18485,0.63796,1.4796,0.18464,0.35041,0.35078,-4.0245,-4.2182
-0.0014304,-0.0084514,-0.028636,0.027205,1.7276,4.5352,-0.51537,4.5514,0.06228,-0.21691,-0.17174,-0.15955,1.519,-0.30041,-0.34463,1.3055,0.19154,0.47786,1.5834,0.20986,0.35723,0.41843,-4.5427,-4.6273
0.0019484,-0.0086125,-0.027863,0.0305,1.7873,4.351,-0.59637,4.4303,0.083938,-0.14637,-0.041292,-0.082342,1.8108,-0.2121,-0.45348,1.2522,0.1944,0.35407,1.6888,0.2225,0.45844,0.49397,-4.7541,-5.0765
0.0056473,-0.0056397,-0.028612,0.037522,1.7272,3.998,-0.65366,4.2725,0.11101,-0.05206,0.11367,-0.0066004,1.8719,-0.1463,-0.56089,0.96805,0.19075,0.35274,1.7515,0.2185,0.57351,0.56783,-4.6639,-5.449
0.0058834,-0.0015724,-0.028781,0.043914,1.4432,3.5252,-0.66406,4.0814,0.14892,0.063481,0.28263,0.058933,1.7385,-0.10856,-0.65641,0.69704,0.18227,0.51557,1.7245,0.19918,0.57756,0.6234,-4.3549,-5.6345
0.00088238,0.00059475,-0.026578,0.046438,0.90191,2.9972,-0.60691,3.8662,0.19666,0.19035,0.44306,0.11013,1.4815,-0.10129,-0.71966,0.66933,0.17356,0.81708,1.5808,0.17002,0.38117,0.6464,-3.9315,-5.5985
-0.0075921,-0.00090569,-0.021672,0.045728,0.19073,2.4723,-0.47995,3.6369,0.24647,0.31379,0.57073,0.14767,1.175,-0.12721,-0.72915,0.92544,0.168,1.1681,1.3299,0.13803,-0.0032871,0.63164,-3.4713,-5.395
-0.015349,-0.0051913,-0.015122,0.045382,-0.5022,1.9904,-0.30558,3.4021,0.28907,0.42027,0.65139,0.17612,0.86881,-0.18613,-0.67561,1.3335,0.16397,1.446,1.0194,0.10921,-0.45797,0.58381,-3.0049,-5.1176
-0.018743,-0.0094993,-0.0081143,0.048604,-0.98102,1.5717,-0.12271,3.1696,0.31942,0.50294,0.68653,0.20096,0.57043,-0.26809,-0.57021,1.7357,0.15449,1.5417,0.72096,0.087155,-0.82472,0.5139,-2.5259,-4.8314
-0.017274,-0.011547,-0.00075601,0.055496,-1.1517,1.2228,0.031199,2.9468,0.33792,0.56262,0.6902,0.22488,0.25337,-0.35032,-0.4414,2.0637,0.13137,1.4043,0.50663,0.073757,-0.99569,0.43524,-2.017,-4.5461
-0.013851,-0.011311,0.007856,0.063103,-1.0718,0.9462,0.13694,2.7394,0.34676,0.60362,0.68003,0.24613,-0.1048,-0.40333,-0.32254,2.3267,0.091464,1.0628,0.42525,0.071074,-0.96903,0.36087,-1.4757,-4.2485
-0.012509,-0.010615,0.018367,0.067794,-0.90366,0.74671,0.19871,2.5508,0.34596,0.62778,0.66885,0.26096,-0.47743,-0.40381,-0.23845,2.5213,0.040451,0.61506,0.48598,0.08239,-0.83606,0.30117,-0.92871,-3.9548
-0.01533,-0.011081,0.030001,0.067816,-0.80671,0.63368,0.23487,2.3818,0.33314,0.6317,0.66161,0.26874,-0.77911,-0.34672,-0.1984,2.5808,-0.0093183,0.18589,0.65436,0.11047,-0.71547,0.26065,-0.43031,-3.7232
-0.020885,-0.01256,0.040697,0.064086,-0.84571,0.61526,0.2615,2.2301,0.3072,0.61001,0.65812,0.27542,-0.9127,-0.24875,-0.19764,2.424,-0.045894,-0.12304,0.86455,0.15363,-0.68362,0.23529,-0.043182,-3.6077
-0.025385,-0.013524,0.04848,0.058978,-0.97551,0.68824,0.28137,2.0909,0.27178,0.56232,0.65827,0.2916,-0.84305,-0.14134,-0.2241,2.0494,-0.064771,-0.26918,1.0471,0.20322,-0.74558,0.21395,0.18877,-3.5916
-0.0256,-0.012831,0.052867,0.054371,-1.1003,0.83029,0.28653,1.9574,0.23476,0.49788,0.66498,0.32585,-0.63409,-0.057222,-0.26495,1.5729,-0.070756,-0.27578,1.1631,0.24648,-0.85606,0.18467,0.26274,-3.5671
-0.02129,-0.01097,0.055126,0.050515,-1.1521,1.0026,0.27161,1.8231,0.20407,0.43307,0.6825,0.37836,-0.40892,-0.017551,-0.30951,1.1612,-0.073636,-0.21152,1.226,0.27412,-0.96397,0.14229,0.22165,-3.3892
-0.015304,-0.0095917,0.057333,0.046458,-1.1283,1.1628,0.24525,1.6857,0.18351,0.38262,0.7115,0.44007,-0.25937,-0.024596,-0.34826,0.91873,-0.081528,-0.1577,1.2941,0.28702,-1.0442,0.091294,0.1369,-2.9707
-0.011401,-0.0099744,0.061117,0.041501,-1.0725,1.281,0.22788,1.5498,0.17212,0.35098,0.74537,0.49838,-0.18125,-0.062139,-0.37067,0.82107,-0.097202,-0.17819,1.4342,0.29537,-1.0991,0.041354,0.077298,-2.3476
-0.011578,-0.01202,0.067013,0.036406,-1.0269,1.3458,0.23549,1.4257,0.16708,0.33122,0.77162,0.54504,-0.094191,-0.10297,-0.36527,0.74652,-0.11936,-0.3009,1.6777,0.30964,-1.1396,-0.00069576,0.080583,-1.6642
-0.014951,-0.014612,0.074613,0.033286,-1.0011,1.3597,0.26245,1.323,0.16711,0.31251,0.77818,0.57984,0.068993,-0.12106,-0.32401,0.56682,-0.14624,-0.51271,1.9999,0.33021,-1.1676,-0.035367,0.14226,-1.0895
-0.018845,-0.016694,0.083011,0.034098,-0.97631,1.3283,0.27925,1.2427,0.17317,0.28997,0.76004,0.60759,0.2822,-0.10398,-0.24898,0.22138,-0.17733,-0.76804,2.3371,0.34501,-1.1745,-0.067639,0.22667,-0.72384
-0.020921,-0.017878,0.091097,0.038822,-0.93196,1.2557,0.25014,1.173,0.18634,0.26814,0.72079,0.63186,0.42854,-0.059642,-0.15665,-0.27151,-0.21166,-1.0105,2.628,0.33826,-1.1512,-0.099892,0.29258,-0.55561
-0.020553,-0.018176,0.097673,0.044853,-0.867,1.1496,0.15859,1.0922,0.20511,0.25489,0.66801,0.65171,0.38682,-0.012684,-0.07458,-0.85148,-0.24536,-1.202,2.8474,0.30377,-1.0969,-0.12794,0.31777,-0.48611
-0.018539,-0.017495,0.10174,0.048381,-0.80199,1.0293,0.021186,0.97788,0.22491,0.25179,0.60702,0.66507,0.12973,0.0091394,-0.030403,-1.4548,-0.27174,-1.3459,3.0062,0.25156,-1.0175,-0.14437,0.30904,-0.39611
-0.01581,-0.015652,0.10301,0.046962,-0.76648,0.92372,-0.12117,0.81648,0.24053,0.2504,0.53924,0.67548,-0.24921,-0.0086584,-0.038564,-2.026,-0.2847,-1.4874,3.122,0.20209,-0.91629,-0.14616,0.29355,-0.20733
-0.012549,-0.012872,0.10237,0.04135,-0.78438,0.85915,-0.22786,0.60962,0.24945,0.23914,0.46712,0.69514,-0.6008,-0.058209,-0.093685,-2.5102,-0.28237,-1.6868,3.1881,0.17243,-0.78945,-0.13898,0.29927,0.091932
-0.0085194,-0.010044,0.10159,0.034961,-0.86356,0.84311,-0.27981,0.37417,0.25335,0.2148,0.40046,0.73921,-0.82137,-0.11364,-0.17561,-2.8505,-0.26731,-1.9756,3.1677,0.16558,-0.63021,-0.13349,0.33801,0.45947
-0.0040551,-0.0082444,0.10236,0.031104,-0.98824,0.85983,-0.28288,0.13856,0.25632,0.18791,0.35652,0.81438,-0.9078,-0.1462,-0.26343,-3.0009,-0.24319,-2.3249,3.0216,0.17078,-0.43925,-0.13674,0.40106,0.83245
-0.00047866,-0.0078946,0.1051,0.030073,-1.1146,0.8819,-0.25422,-0.062964,0.26091,0.17584,0.351,0.91036,-0.92895,-0.14022,-0.34922,-2.9477,-0.21146,-2.6462,2.7471,0.17326,-0.23068,-0.14627,0.46769,1.1608
0.00065225,-0.0083846,0.10851,0.028581,-1.1771,0.88931,-0.20671,-0.19799,0.26466,0.18844,0.38555,1.0022,-0.94885,-0.10001,-0.44176,-2.7212,-0.17169,-2.8271,2.3985,0.16456,-0.027269,-0.15238,0.51849,1.4272
-0.0011583,-0.0085259,0.1104,0.022283,-1.1117,0.88026,-0.1453,-0.24592,0.25963,0.21839,0.44193,1.0626,-0.97311,-0.044461,-0.55737,-2.3934,-0.12538,-2.7804,2.0715,0.14565,0.15178,-0.14636,0.54428,1.648
-0.0047514,-0.0073754,0.10927,0.0095493,-0.89087,0.86504,-0.076078,-0.20813,0.23546,0.2451,0.48914,1.0757,-0.96184,0.0053013,-0.70347,-2.0611,-0.078968,-2.4782,1.8593,0.12238,0.30081,-0.1272,0.54684,1.8564
-0.0080253,-0.0046473,0.10544,-0.0066016,-0.54778,0.84963,-0.015776,-0.11248,0.18452,0.24978,0.49985,1.0414,-0.88909,0.036615,-0.86586,-1.8214,-0.041769,-1.9559,1.807,0.099213,0.42775,-0.10132,0.53447,2.0755
-0.009328,-0.00045979,0.10082,-0.020199,-0.16955,0.8244,0.011144,-0.0061748,0.10617,0.22991,0.46549,0.9685,-0.78888,0.048326,-1.0085,-1.7414,-0.01938,-1.2902,1.8911,0.077252,0.54498,-0.076348,0.51781,2.299
-0.0083445,0.0050754,0.097566,-0.026506,0.14491,0.76892,-0.011526,0.06216,0.0081292,0.20161,0.39957,0.86323,-0.7434,0.046541,-1.0875,-1.8308,-0.0080172,-0.56963,2.034,0.057093,0.65888,-0.054974,0.50857,2.4911
-0.0058995,0.011775,0.096601,-0.025461,0.33843,0.66915,-0.075917,0.06245,-0.095661,0.18805,0.32731,0.72378,-0.82321,0.037795,-1.0713,-2.033,0.0043717,0.12605,2.1434,0.042019,0.76667,-0.034073,0.51954,2.6118
-0.0031534,0.018826,0.097254,-0.021705,0.42583,0.53218,-0.14969,-0.0060103,-0.18937,0.20289,0.26925,0.54488,-1.0312,0.024571,-0.95703,-2.245,0.029854,0.73498,2.1504,0.037265,0.8617,-0.0087706,0.56276,2.6478
-0.0010398,0.024484,0.097941,-0.021236,0.4797,0.38568,-0.19437,-0.11753,-0.25996,0.241,0.22979,0.32797,-1.2972,0.0051295,-0.77268,-2.3639,0.071235,1.2171,2.0266,0.045716,0.94152,0.022972,0.64488,2.6283
-0.0001969,0.026698,0.097196,-0.027277,0.58172,0.26195,-0.18975,-0.23211,-0.30062,0.28241,0.19785,0.087512,-1.526,-0.023616,-0.56479,-2.3335,0.11943,1.5597,1.7748,0.06435,1.011,0.059127,0.76171,2.6084
-0.00092661,0.024446,0.0942,-0.038337,0.77351,0.17933,-0.14621,-0.30875,-0.31224,0.30555,0.15752,-0.15101,-1.6564,-0.062892,-0.37863,-2.1645,0.15994,1.781,1.4091,0.08513,1.0781,0.095687,0.89523,2.6316
-0.0028065,0.01868,0.088688,-0.049558,1.0401,0.13561,-0.096423,-0.31695,-0.30243,0.29994,0.10058,-0.35844,-1.6856,-0.11068,-0.24119,-1.9172,0.18314,1.9231,0.9444,0.099703,1.1462,0.1291,1.0158,2.6989
-0.0043668,0.01189,0.080715,-0.056066,1.3327,0.11718,-0.074722,-0.24902,-0.28228,0.27025,0.032019,-0.50714,-1.6479,-0.16266,-0.15505,-1.6634,0.18995,2.0285,0.40489,0.10358,1.2101,0.15674,1.0904,2.7684
-0.0036445,0.0064539,0.070595,-0.055937,1.6089,0.11434,-0.10056,-0.13247,-0.26162,0.231,-0.034118,-0.57083,-1.5723,-0.21448,-0.10425,-1.4538,0.18846,2.1106,-0.15949,0.096188,1.2598,0.17591,1.096,2.7849
0.00029892,0.0030766,0.058841,-0.051037,1.8572,0.12851,-0.1758,-0.03192,-0.24518,0.19704,-0.084462,-0.52293,-1.4608,-0.2633,-0.066921,-1.3072,0.18495,2.1389,-0.66968,0.077494,1.2859,0.1834,1.0327,2.7178
0.0060621,0.00067376,0.045754,-0.045574,2.0902,0.16496,-0.29141,-0.027111,-0.2319,0.17628,-0.11401,-0.34109,-1.3017,-0.3075,-0.027581,-1.2144,0.17763,2.0569,-1.0396,0.045427,1.285,0.17692,0.93157,2.5769
0.010282,-0.002197,0.030938,-0.04345,2.317,0.21858,-0.43214,-0.16791,-0.21807,0.16796,-0.12673,-0.020068,-1.0992,-0.34453,0.016705,-1.1445,0.15864,1.8251,-1.214,-0.002323,1.2577,0.157,0.84889,2.3954
0.0099209,-0.0056697,0.01355,-0.045988,2.5224,0.2666,-0.57418,-0.43173,-0.20212,0.16511,-0.12981,0.41338,-0.887,-0.36929,0.057549,-1.0472,0.12222,1.4599,-1.1946,-0.06328,1.205,0.12762,0.84794,2.1988
0.0048244,-0.008235,-0.0062832,-0.051244,2.6699,0.27676,-0.6834,-0.71939,-0.1872,0.15864,-0.12701,0.89621,-0.71296,-0.37502,0.081847,-0.86566,0.071395,1.0356,-1.0345,-0.12708,1.1276,0.094576,0.97315,1.9877
-0.0017085,-0.0080855,-0.025782,-0.055203,2.7262,0.22558,-0.72474,-0.90471,-0.17926,0.14086,-0.11626,1.3433,-0.60826,-0.35688,0.079939,-0.56842,0.016855,0.64415,-0.80372,-0.17876,1.0296,0.063116,1.2295,1.752
-0.0051059,-0.0049057,-0.039417,-0.054163,2.6827,0.11245,-0.68182,-0.91143,-0.18209,0.10837,-0.092536,1.6771,-0.56998,-0.31547,0.051668,-0.1874,-0.030926,0.34204,-0.55379,-0.20749,0.9236,0.036472,1.5779,1.5072
-0.0028799,-0.00042482,-0.041547,-0.046912,2.5557,-0.041785,-0.57177,-0.76306,-0.19377,0.064024,-0.052632,1.8578,-0.57088,-0.25697,0.0080587,0.1737,-0.069339,0.12393,-0.30718,-0.21423,0.82982,0.016144,1.9497,1.3178
0.003532,0.0028094,-0.030595,-0.035449,2.3653,-0.2099,-0.43903,-0.5656,-0.20785,0.01719,0.0024891,1.898,-0.58518,-0.1894,-0.031887,0.38755,-0.10413,-0.05686,-0.076572,-0.21147,0.76801,0.002741,2.2742,1.2792
0.0099305,0.0033078,-0.011596,-0.023885,2.1145,-0.37413,-0.32817,-0.4334,-0.21828,-0.019227,0.06905,1.8514,-0.606,-0.11785,-0.048118,0.38964,-0.14251,-0.24184,0.11093,-0.21403,0.74637,-0.00399,2.5055,1.4555
0.012526,0.0014625,0.0056219,-0.016281,1.7877,-0.52968,-0.25555,-0.41368,-0.22341,-0.034506,0.14317,1.783,-0.64032,-0.043452,-0.027555,0.24063,-0.1851,-0.43491,0.21331,-0.22744,0.75665,-0.0061059,2.6367,1.8131
0.010532,-0.001319,0.012154,-0.014721,1.3759,-0.67395,-0.20309,-0.46603,-0.22476,-0.025686,0.22175,1.7355,-0.68992,0.032641,0.030429,0.10305,-0.22381,-0.60882,0.20368,-0.24281,0.77976,-0.0080165,2.6936,2.2028
0.0062416,-0.0041426,0.0057538,-0.018609,0.90443,-0.7923,-0.13968,-0.50738,-0.22066,0.00092622,0.30096,1.7106,-0.73976,0.10345,0.11445,0.1306,-0.24724,-0.73905,0.10676,-0.24265,0.79784,-0.01525,2.7129,2.423
0.0028283,-0.0071991,-0.0079031,-0.025315,0.44151,-0.85462,-0.052334,-0.48043,-0.19987,0.033908,0.37486,1.6776,-0.76678,0.15428,0.20843,0.34349,-0.24847,-0.83083,0.0070867,-0.2135,0.80284,-0.031614,2.7174,2.3382
0.0019466,-0.010849,-0.019687,-0.031659,0.07249,-0.82848,0.039312,-0.38904,-0.14048,0.063825,0.43686,1.6007,-0.76065,0.16763,0.30239,0.58831,-0.22894,-0.91498,0.01427,-0.15576,0.79544,-0.056649,2.7034,1.9749
0.0030572,-0.014335,-0.023796,-0.035441,-0.14196,-0.70071,0.097144,-0.27825,-0.015888,0.088018,0.48381,1.4699,-0.73534,0.13273,0.39942,0.62475,-0.19592,-1.0188,0.20504,-0.083781,0.77653,-0.085395,2.6485,1.5201
0.0046836,-0.015719,-0.021458,-0.03633,-0.19581,-0.49116,0.095402,-0.18539,0.19466,0.10939,0.5192,1.3153,-0.7179,0.053412,0.5123,0.28384,-0.15687,-1.1397,0.58107,-0.016762,0.74089,-0.11083,2.5341,1.2078
0.0060955,-0.013416,-0.01871,-0.035665,-0.13647,-0.24649,0.043338,-0.10905,0.4952,0.13032,0.55185,1.1945,-0.72263,-0.050974,0.65006,-0.41671,-0.11585,-1.2447,1.0695,0.032071,0.67962,-0.12739,2.365,1.1656
0.0077721,-0.0079202,-0.020507,-0.035186,-0.038643,-0.0166,-0.017489,-0.019492,0.86423,0.14704,0.58988,1.1595,-0.73385,-0.15256,0.80318,-1.2828,-0.074016,-1.2922,1.561,0.060279,0.58932,-0.13327,2.1711,1.3331
0.010385,-0.0019269,-0.026412,-0.035383,0.023896,0.17062,-0.03833,0.10666,1.2501,0.1494,0.63387,1.2257,-0.71342,-0.22615,0.94048,-2.0638,-0.032158,-1.2585,1.9567,0.072921,0.47834,-0.13077,1.9909,1.5154
0.013535,0.001524,-0.031427,-0.034644,-0.008096,0.31844,0.0079613,0.26355,1.5749,0.12678,0.6743,1.3593,-0.62707,-0.25851,1.0237,-2.5853,0.0082634,-1.1478,2.1956,0.075684,0.36276,-0.12501,1.849,1.5335
0.015657,0.0013136,-0.030732,-0.030122,-0.17672,0.44828,0.11398,0.42381,1.7529,0.075634,0.69552,1.493,-0.46596,-0.25123,1.0324,-2.7996,0.046716,-0.98516,2.2572,0.070807,0.25446,-0.12248,1.7466,1.3573
0.015241,-0.0011426,-0.023768,-0.020022,-0.50002,0.57501,0.24774,0.56326,1.7236,0.0024935,0.6837,1.5571,-0.24578,-0.21583,0.9811,-2.7383,0.08566,-0.7993,2.1515,0.058524,0.15202,-0.12976,1.6693,1.1218
0.012221,-0.0034848,-0.014215,-0.0056976,-0.95527,0.68945,0.37717,0.67469,1.4876,-0.079942,0.63368,1.5081,0.01216,-0.16443,0.91354,-2.4307,0.13018,-0.60884,1.9103,0.041244,0.043652,-0.15185,1.6026,1.0217
0.0081905,-0.0046738,-0.0065769,0.0082477,-1.4675,0.76075,0.49204,0.7589,1.1188,-0.16041,0.55052,1.3403,0.29492,-0.10177,0.87458,-1.8677,0.18443,-0.41518,1.5832,0.025514,-0.079247,-0.19001,1.5376,1.1746
0.0052585,-0.0057846,-0.0030271,0.016357,-1.9257,0.75532,0.60832,0.80794,0.73765,-0.23398,0.4458,1.0802,0.58927,-0.024279,0.87822,-1.0327,0.24727,-0.2043,1.2295,0.019317,-0.20971,-0.24026,1.4627,1.5575
0.0045818,-0.0086343,-0.0031991,0.015738,-2.23,0.65674,0.75185,0.80412,0.44947,-0.30005,0.33184,0.77485,0.85717,0.072322,0.89593,0.040789,0.31036,0.042909,0.90146,0.026872,-0.32574,-0.29424,1.3522,2.0493
0.0057482,-0.013654,-0.0061504,0.0081137,-2.3458,0.47236,0.93257,0.73953,0.28647,-0.35557,0.21761,0.47849,1.0238,0.18133,0.87548,1.2437,0.36065,0.33421,0.62718,0.045427,-0.40493,-0.34286,1.1678,2.5243
0.0073099,-0.019111,-0.011636,-0.0010529,-2.3239,0.22439,1.1293,0.63566,0.19472,-0.39044,0.10752,0.23899,1.0022,0.27868,0.77771,2.4211,0.3862,0.65122,0.40449,0.066804,-0.44165,-0.38109,0.87944,2.9155
0.0078083,-0.022433,-0.019208,-0.0058348,-2.2707,-0.063968,1.2989,0.53835,0.080435,-0.39087,0.0019251,0.07902,0.74949,0.32955,0.60451,3.4286,0.38199,0.94714,0.21283,0.082391,-0.45259,-0.41037,0.4892,3.2116
0.0065014,-0.022338,-0.026672,-0.0033895,-2.2838,-0.37534,1.4072,0.48572,-0.11598,-0.34996,-0.10192,-0.020694,0.31622,0.30719,0.39718,4.1759,0.35236,1.1616,0.035693,0.087698,-0.46555,-0.43686,0.038431,3.4239
0.0035677,-0.019791,-0.030535,0.0044657,-2.3965,-0.6944,1.4572,0.47505,-0.37313,-0.27725,-0.20834,-0.11919,-0.15426,0.21308,0.20741,4.6348,0.30827,1.2449,-0.12228,0.083489,-0.50008,-0.46672,-0.40974,3.5701
2.0103e-005,-0.016981,-0.02886,0.01254,-2.5662,-1.0007,1.4919,0.45894,-0.60465,-0.1982,-0.32016,-0.28308,-0.48865,0.083212,0.063216,4.8207,0.26121,1.1762,-0.23556,0.073646,-0.55534,-0.50162,-0.79783,3.6881
-0.0025339,-0.01546,-0.023894,0.015522,-2.7071,-1.2672,1.5648,0.37717,-0.7233,-0.14122,-0.43426,-0.53687,-0.57394,-0.026999,-0.045001,4.7679,0.21762,0.96487,-0.2747,0.062401,-0.61434,-0.53753,-1.0881,3.8406
-0.0024671,-0.015179,-0.021344,0.011189,-2.7406,-1.4684,1.6975,0.19898,-0.70109,-0.12056,-0.53916,-0.8309,-0.41376,-0.071899,-0.15027,4.5129,0.17798,0.63737,-0.22792,0.053171,-0.66008,-0.56693,-1.2544,4.0795
0.00089308,-0.015069,-0.026199,0.0016372,-2.6304,-1.5905,1.8586,-0.058669,-0.57994,-0.12773,-0.6176,-1.0584,-0.1102,-0.039826,-0.28082,4.0902,0.1409,0.22407,-0.11287,0.048939,-0.6898,-0.58198,-1.2678,4.3903
0.0064021,-0.014248,-0.038504,-0.0082218,-2.3875,-1.6383,1.9823,-0.34961,-0.43155,-0.13897,-0.6545,-1.1186,0.21479,0.044001,-0.44083,3.54,0.10878,-0.244,0.029191,0.052344,-0.71489,-0.57641,-1.0986,4.6741
0.011215,-0.012531,-0.052983,-0.013954,-2.0548,-1.6335,2.0119,-0.63474,-0.30652,-0.13349,-0.64538,-0.98375,0.4986,0.13704,-0.61289,2.9176,0.089649,-0.72828,0.15351,0.064348,-0.74565,-0.54566,-0.74454,4.8017
0.012249,-0.0099581,-0.063051,-0.01449,-1.6875,-1.6084,1.9364,-0.90357,-0.21534,-0.10868,-0.59896,-0.72031,0.75989,0.2061,-0.77615,2.2955,0.092697,-1.1761,0.23462,0.082499,-0.77248,-0.48709,-0.25994,4.7045
0.0082268,-0.0062986,-0.065833,-0.012534,-1.3407,-1.5977,1.7888,-1.1649,-0.14928,-0.080122,-0.53184,-0.44763,1.0546,0.24216,-0.92197,1.7473,0.12053,-1.5239,0.27911,0.10101,-0.75961,-0.40178,0.246,4.4223
0.00082462,-0.0014113,-0.06394,-0.012127,-1.0601,-1.6296,1.6114,-1.42,-0.11183,-0.066968,-0.45938,-0.26451,1.4114,0.25594,-1.0539,1.3183,0.16447,-1.7126,0.32196,0.11358,-0.66019,-0.29723,0.65439,4.0622
-0.0061234,0.0038221,-0.062729,-0.015268,-0.87534,-1.7169,1.419,-1.6456,-0.12587,-0.075021,-0.39001,-0.19826,1.8016,0.26308,-1.1739,1.003,0.20735,-1.7084,0.4095,0.11702,-0.44677,-0.18824,0.89664,3.7066
-0.0089427,0.0072611,-0.065719,-0.020412,-0.79108,-1.848,1.1905,-1.8041,-0.20954,-0.091543,-0.32666,-0.20921,2.1621,0.27429,-1.2699,0.75143,0.23247,-1.5197,0.57839,0.11264,-0.13799,-0.093598,0.98083,3.3544
-0.0063494,0.006738,-0.072173,-0.024164,-0.78467,-1.9859,0.89767,-1.8684,-0.34626,-0.095586,-0.27197,-0.23894,2.4357,0.297,-1.3159,0.50576,0.23214,-1.2027,0.83961,0.10399,0.19938,-0.029244,0.95886,2.9481
-5.6818e-006,0.0019808,-0.078592,-0.024636,-0.81232,-2.081,0.54291,-1.841,-0.48042,-0.07462,-0.23075,-0.26012,2.5853,0.34167,-1.2861,0.24614,0.20999,-0.84933,1.1711,0.092877,0.48017,-0.0020183,0.85853,2.4495
0.0068919,-0.0045465,-0.082346,-0.023272,-0.82522,-2.0946,0.17318,-1.749,-0.54638,-0.033629,-0.20631,-0.29133,2.5728,0.42068,-1.171,0.012977,0.17605,-0.55735,1.5194,0.077499,0.64725,-0.008194,0.6399,1.8814
0.011792,-0.0089496,-0.084083,-0.023268,-0.79036,-2.0233,-0.14302,-1.6251,-0.5091,0.0097921,-0.19473,-0.37257,2.3403,0.53651,-0.98165,-0.11107,0.13954,-0.39068,1.8092,0.054616,0.70369,-0.037849,0.2213,1.2898
0.014065,-0.0085499,-0.086888,-0.026031,-0.70782,-1.9067,-0.35816,-1.4923,-0.38523,0.038687,-0.18456,-0.52607,1.8374,0.66928,-0.74099,-0.050401,0.10484,-0.34817,1.9639,0.02375,0.70532,-0.081445,-0.43545,0.66948
0.014602,-0.0037987,-0.093111,-0.029199,-0.61466,-1.813,-0.47386,-1.3649,-0.2309,0.046628,-0.1647,-0.7322,1.0882,0.77797,-0.47103,0.20987,0.072631,-0.36128,1.9321,-0.010661,0.7155,-0.13315,-1.2443,-0.058567
0.01439,0.0020544,-0.10157,-0.028437,-0.56859,-1.8057,-0.53417,-1.2578,-0.10771,0.037219,-0.13515,-0.93403,0.24338,0.8196,-0.18631,0.59238,0.043214,-0.32976,1.7103,-0.041615,0.75404,-0.1883,-1.9884,-0.9739
0.013485,0.0052022,-0.10751,-0.021539,-0.61409,-1.9101,-0.59167,-1.1883,-0.051346,0.016359,-0.11097,-1.0642,-0.45024,0.77427,0.10254,0.93292,0.017881,-0.18063,1.3467,-0.064521,0.78055,-0.23774,-2.4076,-2.0425
0.011271,0.0036408,-0.10542,-0.010887,-0.74732,-2.0976,-0.6735,-1.1638,-0.060208,-0.013765,-0.11415,-1.0776,-0.7663,0.6577,0.38178,1.024,-0.0028815,0.083555,0.91885,-0.080365,0.72778,-0.26517,-2.332,-3.0693
0.0075875,-0.0019712,-0.092906,-0.0017259,-0.90344,-2.294,-0.77087,-1.1661,-0.10468,-0.053356,-0.15842,-0.97434,-0.63086,0.51132,0.63259,0.68815,-0.021762,0.38047,0.49646,-0.094193,0.56063,-0.25187,-1.7753,-3.7803
0.0035041,-0.009173,-0.072644,0.0023522,-0.9811,-2.4092,-0.85448,-1.1506,-0.14626,-0.099183,-0.23857,-0.80236,-0.17183,0.37795,0.83634,-0.14076,-0.044341,0.59492,0.11426,-0.11051,0.3135,-0.18718,-0.9259,-3.9889
0.00085364,-0.015259,-0.051146,0.0024908,-0.89426,-2.3739,-0.89951,-1.0664,-0.15503,-0.14195,-0.33288,-0.63735,0.35818,0.28104,0.98176,-1.3597,-0.075827,0.64914,-0.22871,-0.13004,0.073859,-0.077751,-0.040644,-3.7228
0.00082995,-0.018414,-0.03487,0.0032756,-0.62049,-2.1651,-0.90156,-0.88476,-0.11951,-0.17111,-0.41669,-0.54556,0.7347,0.22063,1.0668,-2.6994,-0.11774,0.54985,-0.54585,-0.1508,-0.077271,0.051644,0.68835,-3.214
0.0028758,-0.01809,-0.026474,0.0082453,-0.21383,-1.8124,-0.87648,-0.61685,-0.048405,-0.18339,-0.47654,-0.54793,0.88129,0.18405,1.0944,-3.8044,-0.16757,0.38048,-0.83835,-0.17198,-0.12224,0.16765,1.2089,-2.7573
0.0048999,-0.014907,-0.023862,0.016451,0.22511,-1.3817,-0.84972,-0.30924,0.03513,-0.18674,-0.51409,-0.60763,0.87476,0.15814,1.0662,-4.3704,-0.22145,0.24502,-1.0908,-0.19617,-0.11709,0.24322,1.5857,-2.5447
0.0047515,-0.010379,-0.022632,0.023326,0.59987,-0.94576,-0.84413,-0.02237,0.10457,-0.19488,-0.53836,-0.65248,0.84506,0.13279,0.98288,-4.28,-0.27684,0.20463,-1.29,-0.22744,-0.14854,0.26907,1.9091,-2.5912
0.0018236,-0.0063865,-0.019859,0.025016,0.85602,-0.55629,-0.8702,0.19332,0.14235,-0.21626,-0.55456,-0.62113,0.85732,0.097211,0.8488,-3.6629,-0.33245,0.25057,-1.4498,-0.26674,-0.27178,0.25574,2.2116,-2.7888
-0.002478,-0.0043432,-0.016097,0.022055,0.98769,-0.22641,-0.91916,0.3126,0.14722,-0.24654,-0.55975,-0.50269,0.86849,0.038938,0.67927,-2.8413,-0.38577,0.32699,-1.6187,-0.30918,-0.47547,0.22604,2.4524,-3.0203
-0.0057923,-0.0044221,-0.01407,0.018908,1.0206,0.06918,-0.96084,0.33985,0.13196,-0.27115,-0.54839,-0.34183,0.78232,-0.048424,0.50105,-2.1783,-0.43115,0.3791,-1.862,-0.34588,-0.69591,0.20317,2.571,-3.2362
-0.0066149,-0.0054795,-0.01541,0.019872,0.99213,0.37996,-0.9509,0.30522,0.11293,-0.27616,-0.52113,-0.2052,0.54571,-0.15461,0.34493,-1.91,-0.4612,0.38725,-2.2313,-0.36886,-0.86401,0.20096,2.5555,-3.4441
-0.0054972,-0.0059282,-0.018513,0.025235,0.94121,0.75655,-0.84878,0.25413,0.098868,-0.25872,-0.48749,-0.13304,0.20188,-0.25179,0.23337,-2.0502,-0.47071,0.36591,-2.7404,-0.37515,-0.94824,0.21992,2.4634,-3.6507
-0.0046597,-0.0049781,-0.01946,0.031295,0.90311,1.2261,-0.63945,0.23092,0.087083,-0.22874,-0.45939,-0.11062,-0.14047,-0.30904,0.17041,-2.4196,-0.4602,0.33831,-3.3649,-0.36764,-0.96558,0.24901,2.3776,-3.8271
-0.0062014,-0.0032147,-0.015136,0.034098,0.90098,1.7735,-0.34557,0.26174,0.069259,-0.20054,-0.44195,-0.077996,-0.3904,-0.31307,0.13988,-2.7712,-0.43601,0.3148,-4.0632,-0.35416,-0.96078,0.27104,2.3391,-3.9318
-0.01021,-0.0019679,-0.0057699,0.033283,0.93574,2.3378,-0.020975,0.34603,0.04125,-0.18126,-0.4313,0.030933,-0.53814,-0.27784,0.11325,-2.9299,-0.40738,0.29207,-4.803,-0.34745,-0.97507,0.26929,2.3161,-3.9576
-0.014331,-0.0019925,0.0052634,0.032344,0.98699,2.8286,0.27092,0.46356,0.0081078,-0.16483,-0.422,0.24751,-0.64906,-0.23381,0.063338,-2.8639,-0.38273,0.26613,-5.574,-0.36584,-1.0265,0.23331,2.2343,-3.9421
-0.015382,-0.0026584,0.013961,0.035133,1.0309,3.1612,0.47975,0.59279,-0.019725,-0.13593,-0.41702,0.54977,-0.79957,-0.20516,-0.023127,-2.6615,-0.36782,0.23949,-6.3746,-0.43122,-1.108,0.16282,2.0423,-3.9251
-0.011936,-0.002455,0.018192,0.041921,1.0625,3.2943,0.57851,0.72564,-0.035027,-0.080468,-0.42927,0.87201,-1.0125,-0.19413,-0.14105,-2.4498,-0.36574,0.21284,-7.18,-0.56015,-1.1958,0.068444,1.7536,-3.8956
-0.0058379,-0.00044424,0.01818,0.048704,1.0982,3.2502,0.55982,0.86593,-0.03901,0.005407,-0.47157,1.1312,-1.245,-0.18538,-0.2728,-2.3204,-0.37733,0.17171,-7.913,-0.74959,-1.256,-0.030892,1.4358,-3.7902
-0.0012088,0.0026065,0.015057,0.050344,1.1518,3.101,0.42771,1.0132,-0.038488,0.11365,-0.54338,1.2547,-1.4313,-0.1644,-0.40013,-2.3004,-0.40091,0.086561,-8.442,-0.96552,-1.249,-0.11347,1.1602,-3.5528
-0.0015059,0.0044834,0.0093805,0.044701,1.2021,2.9301,0.19539,1.149,-0.038227,0.23001,-0.62755,1.1994,-1.5387,-0.13159,-0.51349,-2.3648,-0.43171,-0.068016,-8.6201,-1.1452,-1.1362,-0.16157,0.9591,-3.2011
-0.0069148,0.0030934,0.0012397,0.034197,1.1867,2.789,-0.10974,1.2414,-0.036336,0.34172,-0.7025,0.96054,-1.5856,-0.098936,-0.61187,-2.4621,-0.4623,-0.28915,-8.348,-1.2183,-0.89404,-0.16738,0.82028,-2.8283
-0.014225,-0.0018598,-0.0082564,0.023762,1.0364,2.6779,-0.44303,1.268,-0.027527,0.44142,-0.76113,0.57061,-1.6114,-0.074174,-0.69366,-2.5319,-0.48444,-0.53835,-7.6284,-1.1386,-0.52885,-0.13575,0.71422,-2.5271
-0.019327,-0.0084212,-0.015964,0.017261,0.72687,2.5592,-0.7507,1.2368,-0.011283,0.52602,-0.82005,0.087129,-1.6325,-0.050167,-0.74735,-2.5185,-0.49121,-0.75945,-6.5746,-0.90981,-0.082311,-0.082239,0.61931,-2.298
-0.02026,-0.01353,-0.017767,0.015438,0.30636,2.3915,-0.98866,1.1857,0.0031565,0.59356,-0.90909,-0.42701,-1.6281,-0.011828,-0.75172,-2.3892,-0.47842,-0.90905,-5.364,-0.5871,0.37987,-0.026865,0.52201,-2.0294
-0.018349,-0.014916,-0.011368,0.016598,-0.12855,2.1575,-1.1401,1.1582,0.00048641,0.64185,-1.047,-0.92393,-1.5667,0.0456,-0.6877,-2.1518,-0.4451,-0.97706,-4.1632,-0.25194,0.78971,0.01405,0.399,-1.5768
-0.016659,-0.012381,0.0014652,0.018701,-0.49177,1.8687,-1.2181,1.1748,-0.030697,0.66989,-1.2218,-1.3809,-1.4446,0.106,-0.55387,-1.8542,-0.39388,-0.98447,-3.0696,0.026294,1.096,0.033943,0.20864,-0.87944
-0.017322,-0.0076393,0.015451,0.020709,-0.75602,1.5499,-1.2494,1.224,-0.089981,0.67923,-1.3912,-1.7947,-1.2962,0.1423,-0.37312,-1.5554,-0.33134,-0.96412,-2.1035,0.21746,1.2716,0.036895,-0.090932,-0.016789
-0.020043,-0.0030344,0.025268,0.022299,-0.9526,1.2211,-1.2515,1.2793,-0.16596,0.67291,-1.5054,-2.1651,-1.1641,0.13959,-0.18446,-1.2873,-0.26714,-0.94111,-1.2474,0.33072,1.3121,0.033194,-0.50925,0.8461
-0.022837,-0.00017724,0.029458,0.022885,-1.1243,0.89476,-1.219,1.3259,-0.24487,0.6521,-1.5359,-2.4814,-1.063,0.1096,-0.025057,-1.0378,-0.21073,-0.92537,-0.49651,0.39204,1.2349,0.032718,-1.0073,1.5755
-0.023975,0.00057821,0.031514,0.021412,-1.2716,0.58602,-1.131,1.3709,-0.31944,0.61397,-1.4901,-2.7225,-0.97302,0.081532,0.085352,-0.7717,-0.16677,-0.91624,0.12116,0.41982,1.0812,0.04041,-1.5174,2.1489
-0.023256,-0.00021481,0.036968,0.017237,-1.3368,0.3209,-0.97306,1.4316,-0.39073,0.55352,-1.4041,-2.8719,-0.87087,0.075966,0.14815,-0.47237,-0.13263,-0.91037,0.56626,0.41789,0.91472,0.056102,-1.9872,2.6334
-0.021635,-0.0016699,0.048552,0.01106,-1.2423,0.1276,-0.75636,1.5119,-0.46229,0.46841,-1.3175,-2.9339,-0.76473,0.08578,0.17759,-0.16573,-0.10073,-0.90586,0.82426,0.38746,0.80496,0.077536,-2.4143,3.0946
-0.019888,-0.0028127,0.063375,0.0047486,-0.9532,0.014592,-0.51906,1.5929,-0.53289,0.36308,-1.2509,-2.9405,-0.69401,0.082792,0.18845,0.09404,-0.064725,-0.90241,0.91863,0.34177,0.79866,0.10335,-2.8409,3.5254
-0.01781,-0.002629,0.074654,1.2145e-005,-0.51792,-0.043879,-0.30774,1.6446,-0.59447,0.24859,-1.1969,-2.9399,-0.69052,0.045702,0.18829,0.26394,-0.024853,-0.90094,0.88727,0.30573,0.89706,0.1336,-3.3125,3.8642
-0.014703,-0.00045208,0.076851,-0.0028804,-0.052785,-0.096648,-0.15304,1.6483,-0.63692,0.13856,-1.1294,-2.9732,-0.73924,-0.01537,0.17745,0.34084,0.011963,-0.9043,0.74675,0.29909,1.0588,0.16819,-3.8278,4.0757
-0.010553,0.0032291,0.070135,-0.0051897,0.32116,-0.1826,-0.057036,1.6073,-0.65462,0.044485,-1.0214,-3.0504,-0.78139,-0.060734,0.15368,0.35628,0.037607,-0.91738,0.48361,0.31898,1.2299,0.20519,-4.3175,4.2096
-0.0066038,0.0063134,0.060479,-0.0085676,0.54669,-0.30149,-0.00025084,1.5376,-0.64916,-0.026346,-0.85928,-3.1371,-0.7617,-0.049651,0.11608,0.34701,0.049093,-0.94409,0.086563,0.33948,1.3778,0.241,-4.6668,4.3691
-0.0046195,0.0059175,0.055251,-0.013755,0.6581,-0.41427,0.039397,1.4502,-0.62625,-0.070164,-0.64814,-3.1603,-0.67713,0.027431,0.065178,0.33167,0.050278,-0.98228,-0.40902,0.3304,1.5036,0.27183,-4.7702,4.6153
-0.0054133,0.00041181,0.057896,-0.020202,0.75074,-0.47417,0.071641,1.3445,-0.59067,-0.085364,-0.40747,-3.0308,-0.57961,0.13926,-0.00029032,0.31387,0.04761,-1.0206,-0.90986,0.27964,1.6238,0.29504,-4.585,4.8973
-0.0079153,-0.0087976,0.065949,-0.026758,0.91548,-0.46248,0.09347,1.219,-0.54375,-0.072395,-0.16191,-2.6796,-0.5281,0.23407,-0.086373,0.30304,0.043912,-1.0411,-1.3052,0.20036,1.7403,0.3092,-4.1564,5.0826
-0.0096916,-0.017476,0.073656,-0.032639,1.1833,-0.39835,0.10059,1.0886,-0.48502,-0.034562,0.067794,-2.0918,-0.53392,0.27305,-0.20299,0.32693,0.035804,-1.0273,-1.5289,0.11865,1.8292,0.31342,-3.5992,5.0661
-0.0086503,-0.021097,0.076596,-0.037841,1.5145,-0.31534,0.098425,0.98598,-0.41513,0.022023,0.27016,-1.3233,-0.55037,0.25138,-0.35739,0.41932,0.016954,-0.97435,-1.5903,0.054442,1.8584,0.30725,-3.0484,4.8607
-0.0047102,-0.018032,0.07427,-0.042804,1.8332,-0.22723,0.10215,0.94239,-0.33703,0.090151,0.44364,-0.48999,-0.51577,0.19394,-0.54412,0.59224,-0.015939,-0.89402,-1.5486,0.012402,1.8169,0.29169,-2.6026,4.5873
-0.00015132,-0.010901,0.068942,-0.047779,2.0775,-0.11516,0.12582,0.96,-0.25478,0.16376,0.59354,0.27081,-0.40913,0.13332,-0.7374,0.81811,-0.059778,-0.81234,-1.4574,-0.012421,1.7273,0.27012,-2.2911,4.37
0.0017441,-0.0048448,0.062552,-0.052467,2.2295,0.052304,0.17012,1.0012,-0.17208,0.23878,0.72789,0.8499,-0.26706,0.089275,-0.89312,1.0382,-0.10717,-0.75805,-1.3328,-0.024165,1.6276,0.24786,-2.0764,4.2353
-0.0010434,-0.0039053,0.055058,-0.056096,2.3095,0.28436,0.21905,1.0059,-0.092491,0.31214,0.85459,1.2027,-0.1486,0.063296,-0.96367,1.191,-0.15203,-0.74747,-1.1725,-0.023753,1.5385,0.22994,-1.8897,4.1013
-0.0076074,-0.0082368,0.045587,-0.05785,2.3466,0.54987,0.24842,0.92531,-0.020491,0.38006,0.97985,1.3551,-0.083692,0.047265,-0.9207,1.2391,-0.19382,-0.77374,-0.99984,-0.016099,1.4448,0.21832,-1.6745,3.8652
-0.014292,-0.014264,0.034681,-0.057374,2.3521,0.79167,0.23995,0.74982,0.038691,0.43768,1.1057,1.3781,-0.054234,0.035065,-0.77302,1.179,-0.23716,-0.8074,-0.87654,-0.016047,1.3098,0.21038,-1.4126,3.5013
-0.0168,-0.017592,0.024754,-0.055124,2.3137,0.96101,0.19206,0.51065,0.081371,0.48007,1.226,1.3474,-0.02419,0.026912,-0.5669,1.0352,-0.28734,-0.80988,-0.8607,-0.042181,1.1097,0.19976,-1.1198,3.0819
-0.012986,-0.016366,0.017949,-0.052282,2.2098,1.0443,0.1215,0.25937,0.1078,0.50372,1.3242,1.3114,0.011254,0.024831,-0.36575,0.85059,-0.34523,-0.75325,-0.9431,-0.10075,0.86133,0.17945,-0.82031,2.7067
-0.0044527,-0.012528,0.013624,-0.050142,2.0284,1.0639,0.056469,0.041219,0.12191,0.50713,1.3777,1.2837,0.004322,0.025496,-0.22035,0.67941,-0.40516,-0.6348,-1.0284,-0.17474,0.61953,0.14562,-0.52201,2.4156
0.0042998,-0.01013,0.0084162,-0.049209,1.7748,1.0572,0.025573,-0.12094,0.12807,0.49037,1.3706,1.2558,-0.11811,0.017974,-0.14846,0.57826,-0.45631,-0.47738,-0.99418,-0.2314,0.44871,0.10063,-0.21351,2.1643
0.008761,-0.01211,-0.00058459,-0.048645,1.4682,1.0539,0.046948,-0.22716,0.12754,0.45442,1.3067,1.2147,-0.40065,-0.010744,-0.13633,0.58789,-0.48615,-0.3144,-0.78788,-0.24558,0.3885,0.053504,0.11742,1.8803
0.0073874,-0.018015,-0.012375,-0.046641,1.1322,1.0662,0.12097,-0.29125,0.11814,0.40121,1.2115,1.1507,-0.82214,-0.065888,-0.1585,0.71031,-0.48388,-0.16845,-0.48126,-0.22014,0.43652,0.016989,0.46103,1.5344
0.0024924,-0.024293,-0.021816,-0.041609,0.78982,1.0922,0.22902,-0.33018,0.097423,0.33387,1.1179,1.0531,-1.302,-0.13792,-0.19845,0.89841,-0.44332,-0.036722,-0.22763,-0.18517,0.55371,0.0021502,0.77977,1.1576
-0.0016631,-0.026829,-0.023438,-0.033438,0.462,1.1231,0.34004,-0.35579,0.066445,0.25653,1.0447,0.90603,-1.7412,-0.20428,-0.25364,1.0732,-0.36544,0.10672,-0.15013,-0.17503,0.68349,0.012835,1.0266,0.79205
-0.0021394,-0.023802,-0.016229,-0.023896,0.16673,1.1464,0.42346,-0.37026,0.03016,0.17328,0.98248,0.69364,-2.0648,-0.24022,-0.32367,1.1658,-0.26014,0.29176,-0.2493,-0.20177,0.77189,0.043174,1.1737,0.43308
0.00061735,-0.016816,-0.0051745,-0.015843,-0.085182,1.1483,0.46258,-0.36743,-0.0060862,0.087021,0.90026,0.4134,-2.2393,-0.23259,-0.39603,1.1589,-0.14576,0.52706,-0.40515,-0.24689,0.78284,0.079841,1.2287,0.026573
0.0035434,-0.0096251,0.0020727,-0.01177,-0.29451,1.1205,0.46,-0.34194,-0.040953,-0.00099329,0.76711,0.084201,-2.2642,-0.18761,-0.44668,1.1,-0.044648,0.78545,-0.47033,-0.27775,0.70809,0.10808,1.2267,-0.47223
0.0038636,-0.0055396,0.00079414,-0.012531,-0.4734,1.0689,0.43086,-0.30219,-0.07824,-0.090532,0.57282,-0.26177,-2.158,-0.12725,-0.45803,1.0738,0.024831,1.0113,-0.37487,-0.2734,0.57039,0.1182,1.2063,-1.0369
0.0016483,-0.0054678,-0.0074846,-0.01694,-0.63955,1.0156,0.38847,-0.27639,-0.12338,-0.18114,0.33258,-0.59906,-1.9543,-0.076082,-0.43897,1.1489,0.05628,1.1478,-0.15563,-0.23728,0.41523,0.1091,1.1893,-1.568
-0.00016064,-0.0079,-0.01662,-0.022379,-0.80935,0.98694,0.33352,-0.30193,-0.17799,-0.27103,0.075152,-0.92402,-1.7035,-0.046857,-0.42599,1.3331,0.058302,1.1668,0.10957,-0.18721,0.28974,0.087323,1.1787,-1.959
0.0017424,-0.010535,-0.020912,-0.026099,-0.99476,0.99284,0.25554,-0.40122,-0.23681,-0.35664,-0.17392,-1.2515,-1.4604,-0.033979,-0.4594,1.5626,0.049674,1.0822,0.40014,-0.13388,0.21728,0.062681,1.1707,-2.173
0.0081457,-0.012008,-0.019403,-0.026636,-1.2037,1.0136,0.14499,-0.56243,-0.28974,-0.43286,-0.40145,-1.5972,-1.2506,-0.018382,-0.55047,1.7339,0.048571,0.93736,0.79296,-0.069911,0.18381,0.043279,1.1645,-2.2654
0.016504,-0.012314,-0.016097,-0.024568,-1.4395,1.0069,0.0043682,-0.74437,-0.32742,-0.49427,-0.60594,-1.9634,-1.038,0.019491,-0.66609,1.7572,0.061983,0.77815,1.4046,0.01945,0.14758,0.032303,1.1606,-2.3355
0.022812,-0.011874,-0.016298,-0.022057,-1.6971,0.93277,-0.15236,-0.90692,-0.34662,-0.53724,-0.79314,-2.3415,-0.73322,0.086321,-0.74517,1.6001,0.081871,0.63146,2.2791,0.13339,0.067498,0.027859,1.152,-2.4523
0.024529,-0.010474,-0.022235,-0.021208,-1.9594,0.77744,-0.31165,-1.0441,-0.35171,-0.56252,-0.97392,-2.7254,-0.25882,0.16945,-0.73603,1.2948,0.090516,0.50376,3.3115,0.24302,-0.069345,0.02541,1.1236,-2.6129
0.022136,-0.0073675,-0.031341,-0.022244,-2.2005,0.55946,-0.47155,-1.19,-0.3514,-0.57656,-1.1627,-3.1157,0.36513,0.24058,-0.6271,0.90891,0.071714,0.39436,4.2714,0.30407,-0.24092,0.021268,1.0634,-2.7599
0.018223,-0.0025522,-0.038081,-0.022899,-2.3962,0.3147,-0.6394,-1.3884,-0.35327,-0.58973,-1.3715,-3.5015,0.98742,0.26802,-0.44922,0.49889,0.020873,0.30643,4.9141,0.28757,-0.40853,0.015124,0.97691,-2.8277
0.015104,0.0021885,-0.037588,-0.019811,-2.5347,0.074064,-0.81534,-1.648,-0.35953,-0.61065,-1.5996,-3.8336,1.3905,0.23154,-0.2512,0.080168,-0.051874,0.24353,5.1049,0.2042,-0.54528,0.010175,0.88814,-2.7772
0.013076,0.0038881,-0.028489,-0.011184,-2.6175,-0.14863,-0.97582,-1.9221,-0.36639,-0.63903,-1.8276,-4.0182,1.4242,0.13274,-0.070467,-0.36561,-0.12689,0.19662,4.8772,0.10141,-0.65254,0.010742,0.82406,-2.5986
0.010692,0.0005812,-0.013433,0.0012362,-2.6493,-0.35283,-1.0745,-2.1332,-0.36687,-0.66166,-2.0233,-3.9553,1.1125,-0.0046326,0.07952,-0.85183,-0.18495,0.13782,4.3956,0.033424,-0.75238,0.018906,0.79575,-2.3018
0.0065826,-0.0067187,0.0024332,0.012635,-2.6246,-0.54001,-1.0653,-2.227,-0.35487,-0.65607,-2.1614,-3.6059,0.64383,-0.14478,0.20114,-1.3461,-0.21587,0.031541,3.8597,0.026764,-0.86343,0.032491,0.79383,-1.917
0.0011008,-0.014203,0.013893,0.018094,-2.5245,-0.70753,-0.93432,-2.2142,-0.32797,-0.60213,-2.2399,-3.0412,0.24567,-0.25519,0.29777,-1.7611,-0.22134,-0.14357,3.4143,0.067251,-0.98001,0.045956,0.80066,-1.5049
-0.0036689,-0.017799,0.017883,0.01605,-2.3267,-0.85217,-0.71631,-2.1648,-0.28764,-0.49553,-2.2823,-2.4284,0.035547,-0.31892,0.36843,-1.9895,-0.21116,-0.37978,3.112,0.11703,-1.0715,0.053841,0.80443,-1.1499
-0.0054814,-0.016073,0.014743,0.0096185,-2.0225,-0.97637,-0.48258,-2.162,-0.23762,-0.35455,-2.3206,-1.9475,-0.032855,-0.33794,0.41459,-1.965,-0.19604,-0.64453,2.9328,0.14597,-1.1021,0.054589,0.79897,-0.91992
-0.0036737,-0.01104,0.0079374,0.0045638,-1.6267,-1.0887,-0.30617,-2.2487,-0.18174,-0.21424,-2.3721,-1.6886,-0.091147,-0.32669,0.44865,-1.7087,-0.18164,-0.89891,2.8298,0.1517,-1.0556,0.052153,0.77132,-0.81361
0.00041414,-0.0062451,0.0021399,0.0052169,-1.1769,-1.1975,-0.22726,-2.4074,-0.1229,-0.11019,-2.43,-1.6009,-0.21919,-0.30116,0.49245,-1.327,-0.16704,-1.1138,2.7645,0.15419,-0.94587,0.054232,0.69675,-0.74444
0.0046211,-0.0039235,0.0004724,0.011331,-0.72505,-1.3055,-0.23998,-2.5835,-0.063571,-0.061782,-2.471,-1.5313,-0.37145,-0.27025,0.56542,-0.95853,-0.14739,-1.2721,2.7164,0.17329,-0.8063,0.068158,0.55679,-0.59018
0.0076342,-0.0037767,0.002625,0.018276,-0.32785,-1.4111,-0.30492,-2.7279,-0.0068946,-0.065138,-2.4735,-1.3304,-0.4282,-0.23357,0.67245,-0.70363,-0.11771,-1.3601,2.6758,0.21095,-0.66605,0.096904,0.37042,-0.2823
0.0096739,-0.0042477,0.0053625,0.020473,-0.037302,-1.5148,-0.37456,-2.8262,0.042802,-0.099507,-2.4281,-0.95081,-0.31848,-0.18568,0.80113,-0.58388,-0.074883,-1.3623,2.6361,0.25276,-0.5328,0.13741,0.20726,0.13492
0.01169,-0.0047243,0.0052887,0.015489,0.11262,-1.622,-0.41348,-2.8966,0.081162,-0.14163,-2.3348,-0.47077,-0.097656,-0.12324,0.92896,-0.55872,-0.017232,-1.2666,2.5936,0.2847,-0.39421,0.18177,0.16005,0.5306
0.013946,-0.0063211,0.0018015,0.0056746,0.12408,-1.7383,-0.40516,-2.9677,0.10633,-0.17798,-2.1957,-0.032012,0.093215,-0.050806,1.0333,-0.58289,0.056111,-1.0752,2.5492,0.30689,-0.23607,0.22001,0.28892,0.78587
0.015422,-0.010468,-0.0022434,-0.0037996,0.048326,-1.8602,-0.34944,-3.0554,0.12123,-0.20798,-2.0125,0.25896,0.14777,0.017961,1.0973,-0.65605,0.14424,-0.8058,2.5041,0.33132,-0.062055,0.24279,0.58031,0.8874
0.014652,-0.016838,-0.0028726,-0.008817,-0.021573,-1.9739,-0.25842,-3.1544,0.13354,-0.23873,-1.7948,0.39309,0.082252,0.064296,1.1119,-0.82191,0.24246,-0.47709,2.4474,0.36661,0.10087,0.24316,0.95627,0.93655
0.011235,-0.022852,0.001523,-0.0090146,0.01511,-2.0648,-0.1535,-3.2424,0.15227,-0.27704,-1.5679,0.44569,0.010531,0.072068,1.0776,-1.1165,0.34196,-0.089377,2.3492,0.40588,0.21561,0.21781,1.3282,1.0629
0.0065826,-0.025435,0.0085128,-0.0073889,0.21806,-2.1303,-0.059739,-3.2886,0.18231,-0.32465,-1.3657,0.50826,0.032423,0.03564,1.0062,-1.5108,0.43287,0.37627,2.1664,0.43005,0.25709,0.16844,1.6496,1.3125
0.0030655,-0.023467,0.013225,-0.0075251,0.57048,-2.184,0.0043724,-3.2643,0.22,-0.37818,-1.211,0.62227,0.14149,-0.036251,0.92056,-1.9026,0.50929,0.93017,1.8638,0.42381,0.22781,0.10272,1.9238,1.604
0.002218,-0.018655,0.011896,-0.010953,0.9821,-2.2441,0.036492,-3.1538,0.25298,-0.43189,-1.0962,0.76212,0.23771,-0.12312,0.8464,-2.1713,0.57195,1.5325,1.4347,0.38956,0.15756,0.033248,2.1656,1.7911
0.0035009,-0.014049,0.0043927,-0.016624,1.3339,-2.3143,0.050604,-2.9647,0.26507,-0.4806,-0.98537,0.87019,0.22957,-0.20119,0.79899,-2.2544,0.62615,2.0736,0.906,0.34662,0.089045,-0.026556,2.3589,1.7773
0.0047183,-0.011576,-0.0062972,-0.022412,1.5399,-2.374,0.065166,-2.7288,0.2442,-0.52159,-0.83853,0.90739,0.12555,-0.25348,0.77388,-2.1804,0.67591,2.403,0.32101,0.31685,0.059602,-0.068348,2.4549,1.5897
0.0037758,-0.01079,-0.017054,-0.026936,1.5882,-2.387,0.087723,-2.486,0.18893,-0.55529,-0.64302,0.87822,0.026646,-0.27639,0.74945,-2.0247,0.71901,2.3996,-0.28642,0.30935,0.088667,-0.093033,2.4129,1.3527
0.00034745,-0.0097292,-0.027507,-0.030162,1.5357,-2.3235,0.10907,-2.2602,0.11021,-0.58459,-0.42581,0.81694,0.026586,-0.27919,0.7016,-1.8251,0.74663,2.042,-0.90714,0.31638,0.17512,-0.10991,2.2405,1.1889
-0.003875,-0.006825,-0.040504,-0.032782,1.4613,-2.1778,0.11261,-2.0442,0.027063,-0.61263,-0.23642,0.75455,0.11523,-0.27697,0.62074,-1.5314,0.74781,1.4306,-1.5465,0.32132,0.30259,-0.13066,1.9905,1.1329
-0.0065016,-0.002007,-0.059852,-0.035413,1.4122,-1.9694,0.091004,-1.8078,-0.041481,-0.63989,-0.11312,0.69703,0.17892,-0.28118,0.51894,-1.0425,0.71577,0.74403,-2.1937,0.31006,0.44808,-0.1618,1.713,1.1249
-0.0062584,0.0037311,-0.087052,-0.038392,1.3814,-1.7267,0.055574,-1.5267,-0.084096,-0.66299,-0.058514,0.62933,0.10195,-0.293,0.42259,-0.30871,0.65222,0.15724,-2.7951,0.2766,0.58959,-0.20074,1.4095,1.0797
-0.0039238,0.0094105,-0.11923,-0.041877,1.3259,-1.4697,0.029773,-1.2072,-0.10075,-0.67661,-0.042297,0.53546,-0.12038,-0.30322,0.35641,0.58377,0.56807,-0.22983,-3.2575,0.22185,0.71025,-0.23783,1.0344,0.96717
-0.0017521,0.014415,-0.14956,-0.045544,1.2079,-1.2061,0.032003,-0.88716,-0.10058,-0.67744,-0.026138,0.4143,-0.35917,-0.29815,0.33043,1.4245,0.48049,-0.41293,-3.4903,0.15084,0.79878,-0.26266,0.5464,0.83555
-0.0018546,0.017873,-0.16982,-0.047936,1.0227,-0.94042,0.061682,-0.61126,-0.095641,-0.66708,0.01122,0.27925,-0.44174,-0.26788,0.33762,1.9894,0.40767,-0.4504,-3.4662,0.072678,0.84851,-0.27,-0.039537,0.76583
-0.00468,0.018201,-0.17408,-0.046464,0.79477,-0.6869,0.099289,-0.40145,-0.094323,-0.65102,0.067626,0.14678,-0.2786,-0.21196,0.36145,2.173,0.36263,-0.40531,-3.2569,0.0011885,0.8578,-0.26157,-0.6519,0.80156
-0.0086273,0.013889,-0.16157,-0.038856,0.55152,-0.46979,0.11941,-0.24664,-0.098104,-0.63462,0.13038,0.026448,0.077352,-0.13943,0.38631,2.0444,0.34858,-0.30072,-3.0124,-0.048598,0.83279,-0.24326,-1.218,0.91186
-0.011086,0.0051402,-0.1374,-0.025426,0.30338,-0.31063,0.10625,-0.11806,-0.10305,-0.61971,0.1923,-0.079831,0.48184,-0.064111,0.40432,1.7878,0.35827,-0.11179,-2.8848,-0.068806,0.78943,-0.22051,-1.7262,1.0113
-0.010284,-0.0053378,-0.11058,-0.010167,0.046863,-0.21319,0.060763,0.0050328,-0.1042,-0.60492,0.25529,-0.17234,0.81006,0.0012706,0.41618,1.5763,0.37854,0.20574,-2.9419,-0.065329,0.75032,-0.19521,-2.2341,1.014
-0.0067134,-0.013604,-0.089763,0.00082495,-0.21517,-0.15994,-0.0033403,0.12159,-0.099319,-0.58913,0.32046,-0.2498,1.034,0.048439,0.42803,1.474,0.3977,0.67037,-3.1256,-0.054858,0.73464,-0.16573,-2.8077,0.87993
-0.0030419,-0.01711,-0.079142,0.0030044,-0.45793,-0.12289,-0.069692,0.21654,-0.089221,-0.57409,0.37812,-0.3108,1.2131,0.073675,0.44641,1.4287,0.41071,1.24,-3.2844,-0.052099,0.74644,-0.12955,-3.4374,0.62863
-0.002352,-0.016488,-0.076845,-0.0034876,-0.63966,-0.078568,-0.12752,0.28066,-0.075042,-0.56333,0.41069,-0.35698,1.4238,0.076903,0.47313,1.3436,0.41817,1.8096,-3.261,-0.056977,0.77008,-0.086091,-4.0019,0.32315
-0.005819,-0.014866,-0.076932,-0.013687,-0.72368,-0.015188,-0.17405,0.3245,-0.055403,-0.558,0.40771,-0.3926,1.6983,0.062189,0.50139,1.1584,0.42022,2.2465,-2.9788,-0.053875,0.77814,-0.038043,-4.3179,0.044138
-0.011588,-0.015227,-0.073653,-0.020869,-0.69969,0.069945,-0.21206,0.37595,-0.02652,-0.55419,0.37929,-0.41986,2.0184,0.039421,0.51599,0.8806,0.41104,2.4483,-2.4774,-0.025707,0.74766,0.0099439,-4.2464,-0.1341
-0.015924,-0.018041,-0.064938,-0.020535,-0.58831,0.17415,-0.24561,0.46556,0.014345,-0.54529,0.35416,-0.43532,2.3483,0.024022,0.49981,0.55744,0.37948,2.3885,-1.8818,0.027801,0.67327,0.054002,-3.7821,-0.16393
-0.015962,-0.021092,-0.052756,-0.012515,-0.42594,0.28661,-0.2762,0.61282,0.064899,-0.52804,0.36203,-0.43249,2.6592,0.031833,0.44425,0.23045,0.31588,2.122,-1.3311,0.083544,0.56746,0.093138,-3.0618,-0.041134
-0.011955,-0.021498,-0.040505,-0.00017112,-0.23979,0.38322,-0.2997,0.82339,0.11696,-0.50754,0.41374,-0.41012,2.9167,0.070206,0.3571,-0.084349,0.21936,1.7454,-0.91153,0.10768,0.44853,0.12867,-2.2856,0.1892
-0.0070847,-0.018111,-0.029904,0.012112,-0.028143,0.43164,-0.3044,1.0964,0.1599,-0.496,0.49445,-0.37919,3.0576,0.13073,0.26069,-0.38119,0.099354,1.3395,-0.62709,0.07915,0.32687,0.16106,-1.6054,0.44731
-0.0048664,-0.012356,-0.020011,0.021116,0.24176,0.4114,-0.27238,1.4323,0.18595,-0.50562,0.57433,-0.36178,3.001,0.18978,0.17977,-0.64158,-0.029511,0.93475,-0.41712,0.0058745,0.20094,0.18667,-1.0593,0.65171
-0.0062616,-0.0069639,-0.0088533,0.025616,0.61364,0.33643,-0.18654,1.8304,0.1931,-0.54026,0.62758,-0.38069,2.7063,0.21874,0.12705,-0.83403,-0.15424,0.52324,-0.20539,-0.079365,0.065298,0.19768,-0.59055,0.75239
-0.0089962,-0.00376,0.0042131,0.026171,1.1072,0.25772,-0.042645,2.2759,0.18365,-0.59213,0.64582,-0.44656,2.2333,0.19916,0.09738,-0.9391,-0.26599,0.10031,0.047139,-0.14076,-0.077594,0.18639,-0.13245,0.74305
-0.009699,-0.0022815,0.017756,0.024598,1.6867,0.23659,0.13907,2.7255,0.1602,-0.6456,0.63878,-0.55065,1.7399,0.13392,0.075437,-0.97318,-0.35748,-0.30211,0.31374,-0.16241,-0.2133,0.1514,0.31307,0.64602
-0.006959,-0.00030107,0.029648,0.023298,2.2545,0.30538,0.3115,3.1073,0.12345,-0.68492,0.62502,-0.66744,1.3978,0.047096,0.050303,-0.98384,-0.41994,-0.62122,0.51414,-0.1555,-0.3229,0.10119,0.66324,0.4846
-0.0025647,0.0041532,0.03891,0.024216,2.6789,0.44732,0.4129,3.343,0.074124,-0.70072,0.62154,-0.76448,1.2805,-0.028363,0.024175,-1.0169,-0.4446,-0.80302,0.56306,-0.14557,-0.39536,0.052055,0.81704,0.26549
0.0001449,0.010816,0.045998,0.027652,2.8443,0.6138,0.39045,3.383,0.01745,-0.69147,0.63827,-0.81384,1.3126,-0.06826,0.0071794,-1.0836,-0.42855,-0.8413,0.42839,-0.15127,-0.43371,0.021439,0.73942,-0.016907
-0.00075523,0.016813,0.051291,0.03181,2.6943,0.76461,0.22285,3.2315,-0.034772,-0.66094,0.67774,-0.8011,1.3242,-0.069684,0.0028578,-1.1575,-0.37952,-0.78307,0.16218,-0.17119,-0.4497,0.020629,0.49761,-0.36032
-0.0042046,0.018336,0.053628,0.033792,2.2453,0.89593,-0.071997,2.9413,-0.067733,-0.61467,0.73669,-0.73047,1.1718,-0.050535,-0.0017857,-1.2039,-0.3144,-0.69681,-0.11898,-0.18808,-0.45229,0.050785,0.2206,-0.73424
-0.007295,0.013274,0.05082,0.031626,1.5672,1.0324,-0.44853,2.5783,-0.071545,-0.55868,0.80743,-0.62515,0.83043,-0.036148,-0.03069,-1.2118,-0.25162,-0.63068,-0.29582,-0.18491,-0.44091,0.10324,0.016659,-1.0723
-0.0079219,0.0028614,0.042067,0.025821,0.75417,1.1937,-0.85488,2.1839,-0.047923,-0.50021,0.87968,-0.52097,0.39087,-0.04162,-0.10017,-1.1986,-0.20285,-0.59266,-0.31139,-0.15941,-0.40993,0.16256,-0.083503,-1.282
-0.0064993,-0.0089268,0.029954,0.019161,-0.094098,1.3695,-1.2478,1.7651,-0.01021,-0.44822,0.9444,-0.45308,-0.025486,-0.061796,-0.20273,-1.1816,-0.17009,-0.56287,-0.19565,-0.12553,-0.35983,0.2105,-0.11613,-1.2714
-0.0053383,-0.017848,0.019771,0.014784,-0.87464,1.5283,-1.5923,1.3221,0.023989,-0.41124,0.99877,-0.44051,-0.35416,-0.076082,-0.30865,-1.1473,-0.14904,-0.52159,-0.033086,-0.10181,-0.30367,0.23043,-0.12514,-0.98682
-0.0064507,-0.021863,0.016276,0.014033,-1.4836,1.6485,-1.8519,0.88739,0.042721,-0.39281,1.049,-0.47793,-0.60586,-0.064762,-0.38696,-1.053,-0.13504,-0.46806,0.10232,-0.096707,-0.2606,0.21235,-0.11416,-0.45029
-0.0097867,-0.021804,0.020559,0.015672,-1.8352,1.7417,-1.9873,0.53688,0.045394,-0.38781,1.1081,-0.54127,-0.8128,-0.024596,-0.43017,-0.86478,-0.12661,-0.41897,0.19705,-0.10224,-0.24021,0.15724,-0.055062,0.22603
-0.013314,-0.019967,0.029726,0.016917,-1.8949,1.841,-1.971,0.35568,0.040717,-0.38313,1.1877,-0.60427,-0.96699,0.028673,-0.46199,-0.59995,-0.125,-0.39533,0.2976,-0.10028,-0.23073,0.077916,0.057657,0.8669
-0.014712,-0.018068,0.039592,0.015398,-1.7021,1.967,-1.8118,0.38053,0.03907,-0.36411,1.2908,-0.65368,-1.0167,0.073445,-0.51915,-0.33065,-0.13163,-0.41268,0.46377,-0.075973,-0.20293,-0.0053522,0.16395,1.3032
-0.013267,-0.016345,0.047791,0.010607,-1.3594,2.1029,-1.5637,0.5672,0.045196,-0.32305,1.4074,-0.69161,-0.92621,0.10077,-0.61976,-0.1396,-0.14609,-0.48045,0.71474,-0.027711,-0.12857,-0.073316,0.15745,1.4526
-0.010571,-0.014329,0.054455,0.0039974,-0.988,2.204,-1.3085,0.81328,0.056155,-0.26432,1.5182,-0.72466,-0.73717,0.12261,-0.74253,-0.061981,-0.1658,-0.60329,1.01,0.032893,0.00017916,-0.11553,-0.037265,1.3651
-0.0095503,-0.012147,0.060148,-0.0021556,-0.67879,2.232,-1.1159,1.0216,0.064954,-0.20178,1.6021,-0.75091,-0.56361,0.16151,-0.83513,-0.063458,-0.18679,-0.77648,1.2769,0.089721,0.1661,-0.13285,-0.38982,1.1993
-0.012447,-0.01086,0.063556,-0.0063372,-0.47122,2.1813,-1.01,1.1547,0.066135,-0.14993,1.6444,-0.75757,-0.51292,0.22882,-0.84746,-0.074275,-0.20478,-0.97765,1.4589,0.13178,0.34112,-0.13359,-0.75908,1.1388
-0.019034,-0.011452,0.061755,-0.0088577,-0.36912,2.0745,-0.96381,1.2375,0.058908,-0.1149,1.6403,-0.73124,-0.59938,0.30863,-0.76627,-0.049537,-0.21671,-1.1667,1.5452,0.15667,0.50766,-0.1268,-0.97391,1.2965
-0.026337,-0.013645,0.053159,-0.011728,-0.37023,1.9356,-0.92522,1.3138,0.046173,-0.091798,1.5952,-0.6704,-0.73168,0.36182,-0.6255,-0.0022109,-0.22245,-1.3017,1.5627,0.16685,0.66888,-0.11756,-0.94567,1.6637
-0.030238,-0.015922,0.04031,-0.017265,-0.47575,1.7698,-0.85339,1.3963,0.031315,-0.069949,1.5212,-0.58758,-0.79389,0.34879,-0.48465,0.019747,-0.22563,-1.3627,1.5434,0.16389,0.83844,-0.10681,-0.72766,2.1304
-0.0281,-0.016886,0.029353,-0.026159,-0.66933,1.5708,-0.73965,1.4587,0.015921,-0.041608,1.4333,-0.49825,-0.75338,0.25492,-0.39127,-0.010659,-0.23196,-1.3647,1.5011,0.14664,1.0178,-0.094322,-0.474,2.5605
-0.020609,-0.016594,0.025981,-0.03631,-0.89029,1.3451,-0.60311,1.4707,1.9372e-005,-0.0069717,1.345,-0.40641,-0.69843,0.10042,-0.35471,-0.06401,-0.24514,-1.3467,1.4346,0.11486,1.181,-0.081493,-0.32755,2.8677
-0.011419,-0.016427,0.031094,-0.043601,-1.039,1.1222,-0.47077,1.4393,-0.016096,0.028056,1.2649,-0.30047,-0.76555,-0.071091,-0.34842,-0.074292,-0.26298,-1.3412,1.3506,0.074378,1.2816,-0.071485,-0.32225,3.0488
-0.0046798,-0.017537,0.040021,-0.044483,-1.0266,0.93545,-0.36042,1.4138,-0.030616,0.05863,1.1952,-0.16416,-1.0138,-0.21533,-0.33613,0.0031869,-0.27681,-1.3483,1.2803,0.037939,1.2813,-0.067209,-0.37383,3.156
-0.0022,-0.019442,0.046193,-0.038757,-0.83911,0.78856,-0.2769,1.446,-0.040691,0.085846,1.133,0.0052308,-1.3553,-0.30471,-0.29997,0.15043,-0.27571,-1.3346,1.2696,0.020013,1.1783,-0.069226,-0.36104,3.2349
-0.0023325,-0.020281,0.046174,-0.03033,-0.56055,0.64112,-0.21827,1.5444,-0.043994,0.11546,1.0741,0.18596,-1.6077,-0.33099,-0.24988,0.30426,-0.25306,-1.2574,1.3513,0.028699,1.0152,-0.075275,-0.22824,3.2736
-0.0014277,-0.018586,0.041811,-0.024972,-0.32917,0.43324,-0.182,1.6634,-0.039866,0.15208,1.0153,0.3375,-1.6336,-0.29733,-0.2099,0.42243,-0.21107,-1.0955,1.5225,0.06072,0.85828,-0.081393,-0.026002,3.2005
0.0032587,-0.014817,0.037838,-0.026399,-0.25006,0.13137,-0.16582,1.7402,-0.029263,0.19443,0.95502,0.42075,-1.4556,-0.21105,-0.19531,0.54086,-0.16015,-0.86086,1.7429,0.103,0.76097,-0.083483,0.13783,2.9328
0.011377,-0.011062,0.037379,-0.033601,-0.32791,-0.24313,-0.16516,1.7461,-0.014026,0.23624,0.89287,0.42067,-1.2529,-0.08436,-0.2001,0.76665,-0.11343,-0.58555,1.9559,0.13955,0.7367,-0.078491,0.18913,2.4443
0.019597,-0.0091272,0.039435,-0.04159,-0.4699,-0.62784,-0.17248,1.706,0.0035736,0.27143,0.82916,0.35757,-1.2363,0.060323,-0.20391,1.2017,-0.080149,-0.29858,2.1123,0.15892,0.75708,-0.065249,0.14163,1.8002
0.023879,-0.0088949,0.040376,-0.045118,-0.55455,-0.96269,-0.17993,1.6693,0.020692,0.29863,0.76637,0.27946,-1.4969,0.18996,-0.1911,1.851,-0.061796,-0.014248,2.182,0.15813,0.77354,-0.045309,0.072627,1.1341
0.022197,-0.0086216,0.037666,-0.042472,-0.512,-1.2242,-0.18197,1.6605,0.03375,0.32085,0.70981,0.239,-1.937,0.27117,-0.16498,2.5866,-0.053032,0.25824,2.1535,0.14166,0.74498,-0.023288,0.048378,0.58067
0.015761,-0.0069345,0.032167,-0.03638,-0.35701,-1.4221,-0.17471,1.6533,0.038904,0.34115,0.66509,0.26746,-2.3311,0.28709,-0.14514,3.2005,-0.046267,0.4962,2.0285,0.11765,0.65325,-0.005601,0.067753,0.21134
0.0079767,-0.0045641,0.027021,-0.031447,-0.15938,-1.5645,-0.15252,1.5906,0.033091,0.35919,0.63308,0.36076,-2.4649,0.24917,-0.15003,3.5165,-0.036926,0.6581,1.821,0.0938,0.50082,0.0028357,0.070854,0.017724
0.0020361,-0.0040576,0.024485,-0.030434,0.013563,-1.6299,-0.10617,1.4314,0.014956,0.37227,0.60657,0.48582,-2.2519,0.19392,-0.17955,3.4878,-0.026155,0.70227,1.558,0.074792,0.29917,0.0023361,-0.00067011,-0.054933
-0.00095939,-0.0076033,0.023929,-0.032439,0.13215,-1.5735,-0.026141,1.1841,-0.014917,0.37984,0.57297,0.60264,-1.7537,0.16464,-0.21238,3.2189,-0.019381,0.61807,1.2737,0.061663,0.059793,-0.00041823,-0.14794,-0.059597
-0.0020072,-0.01485,0.022898,-0.034173,0.19713,-1.3673,0.089634,0.89717,-0.054356,0.3865,0.52243,0.68681,-1.1108,0.18866,-0.22139,2.8999,-0.021701,0.44386,0.99716,0.052549,-0.20715,0.0041861,-0.31064,-0.027583
-0.0025905,-0.022613,0.020018,-0.032803,0.21172,-1.0377,0.229,0.62054,-0.10004,0.39989,0.45527,0.73721,-0.45167,0.2641,-0.19534,2.6985,-0.033363,0.25384,0.7406,0.0442,-0.49115,0.022074,-0.41277,0.012942
-0.003045,-0.02674,0.0168,-0.027783,0.16964,-0.66691,0.36571,0.37227,-0.14782,0.42466,0.38181,0.76463,0.15165,0.36387,-0.14948,2.6731,-0.048792,0.11953,0.49965,0.033549,-0.78269,0.050187,-0.41562,0.010173
-0.0024084,-0.024726,0.016398,-0.020518,0.071827,-0.3536,0.46898,0.13896,-0.19322,0.45768,0.31364,0.77278,0.66624,0.45313,-0.11585,2.7553,-0.060176,0.071401,0.26669,0.018792,-1.0767,0.076942,-0.3355,-0.10778
0.00022749,-0.01723,0.020337,-0.012805,-0.050434,-0.16181,0.51826,-0.094497,-0.23245,0.48894,0.25291,0.74886,1.0613,0.50794,-0.1201,2.8,-0.062994,0.086486,0.046843,-0.0002359,-1.3704,0.089036,-0.21908,-0.39169
0.0043279,-0.0076291,0.02615,-0.0058365,-0.13847,-0.09558,0.51469,-0.31625,-0.26343,0.50783,0.18874,0.67305,1.2989,0.52353,-0.16275,2.6674,-0.059008,0.10758,-0.13686,-0.022153,-1.6501,0.080376,-0.10489,-0.82526
0.0080043,-3.4057e-005,0.028197,-0.00036253,-0.14237,-0.11422,0.48118,-0.48824,-0.28612,0.50984,0.10427,0.53902,1.3597,0.50888,-0.21926,2.2867,-0.054079,0.077189,-0.2538,-0.044137,-1.8746,0.056879,-0.0040518,-1.3157
0.0095997,0.003001,0.021251,0.0028261,-0.061663,-0.17117,0.44969,-0.57649,-0.30155,0.49846,-0.010868,0.3679,1.2683,0.4746,-0.25828,1.6737,-0.05243,-0.037487,-0.28412,-0.062048,-1.974,0.03343,0.090335,-1.7307
0.0092209,0.0018546,0.0041119,0.0031105,0.047884,-0.24426,0.44339,-0.58421,-0.31058,0.48123,-0.15294,0.2027,1.0811,0.42509,-0.26239,0.90378,-0.052074,-0.2397,-0.23217,-0.071063,-1.8778,0.024607,0.18238,-1.9532
0.0086185,-0.00044429,-0.019509,0.00075831,0.1123,-0.33741,0.46562,-0.55755,-0.31362,0.46299,-0.30771,0.08658,0.84607,0.36059,-0.23473,0.06894,-0.045239,-0.51017,-0.12765,-0.067254,-1.5661,0.035058,0.26342,-1.9155
0.0094223,-0.00010241,-0.043377,-0.0029595,0.093305,-0.45974,0.50278,-0.55723,-0.31172,0.44168,-0.46215,0.040995,0.57733,0.28534,-0.18784,-0.75411,-0.023554,-0.81075,-0.016081,-0.049665,-1.1083,0.055822,0.31953,-1.6056
0.011422,0.0049133,-0.062415,-0.0067662,0.013482,-0.60452,0.53799,-0.61768,-0.30782,0.4098,-0.61405,0.058594,0.27895,0.21225,-0.12704,-1.5104,0.015984,-1.0808,0.054705,-0.021533,-0.65357,0.069167,0.34475,-1.0629
0.012624,0.013273,-0.07492,-0.010562,-0.067172,-0.74635,0.56412,-0.72505,-0.30619,0.3605,-0.77073,0.1129,-0.006684,0.15792,-0.044983,-2.1562,0.068512,-1.239,0.047379,0.01058,-0.36149,0.059172,0.34562,-0.3841
0.011102,0.020826,-0.082004,-0.015336,-0.10145,-0.8564,0.58612,-0.83015,-0.30969,0.29383,-0.93786,0.17493,-0.18533,0.13103,0.067499,-2.6482,0.12354,-1.2066,-0.053984,0.039637,-0.30927,0.021494,0.33361,0.27668
0.0068398,0.023137,-0.085283,-0.021576,-0.087893,-0.92099,0.61224,-0.88468,-0.31693,0.21857,-1.1085,0.22582,-0.16687,0.12453,0.20479,-2.9482,0.16985,-0.95183,-0.23668,0.061265,-0.43828,-0.034001,0.31495,0.73856
0.0017381,0.018305,-0.085046,-0.027721,-0.060113,-0.94832,0.64315,-0.8725,-0.32235,0.14771,-1.2631,0.26266,0.047288,0.11938,0.34104,-3.0434,0.19986,-0.52656,-0.46109,0.07513,-0.58582,-0.089768,0.28782,0.86488
-0.0022802,0.0080251,-0.080342,-0.03049,-0.046234,-0.96033,0.66894,-0.81375,-0.32004,0.090116,-1.3829,0.30104,0.33011,0.097964,0.44266,-2.9696,0.2116,-0.063211,-0.67658,0.08371,-0.58994,-0.13226,0.24823,0.63518
-0.0051731,-0.0038235,-0.070558,-0.027253,-0.037934,-0.97827,0.67627,-0.74261,-0.30859,0.044533,-1.4644,0.3751,0.4986,0.056726,0.48928,-2.8207,0.20815,0.28219,-0.84848,0.08953,-0.39896,-0.16094,0.1971,0.16189
-0.0087118,-0.013761,-0.056854,-0.01846,0.0022342,-1.0134,0.65898,-0.67935,-0.2929,0.00073465,-1.5231,0.52857,0.44484,0.0077087,0.48608,-2.7227,0.19555,0.41212,-0.98132,0.092859,-0.10877,-0.18835,0.14156,-0.37166
-0.014342,-0.020324,-0.042264,-0.0078555,0.10289,-1.0668,0.62302,-0.61937,-0.28068,-0.051785,-1.5793,0.79111,0.22161,-0.031549,0.45797,-2.7752,0.17985,0.34249,-1.1197,0.091312,0.099458,-0.23084,0.090251,-0.8128
-0.020979,-0.023639,-0.030566,-8.0933e-005,0.25069,-1.135,0.58208,-0.54553,-0.27639,-0.11372,-1.6369,1.1474,0.0049342,-0.050953,0.43186,-2.983,0.16431,0.19075,-1.3194,0.081361,0.076969,-0.29626,0.048252,-1.1081
-0.025023,-0.023893,-0.024836,0.0024036,0.39236,-1.2146,0.54831,-0.44958,-0.27773,-0.17277,-1.6726,1.522,-0.040172,-0.053212,0.4219,-3.2238,0.1483,0.10237,-1.6041,0.060662,-0.20169,-0.37697,0.016575,-1.2936
-0.022947,-0.020576,-0.026342,0.0006026,0.4701,-1.3028,0.52558,-0.34244,-0.27787,-0.21124,-1.6472,1.8012,0.11973,-0.048758,0.42786,-3.2899,0.12879,0.1644,-1.9355,0.030048,-0.63232,-0.45253,-0.0043519,-1.4256
-0.014391,-0.013425,-0.033843,-0.0022997,0.46008,-1.3951,0.50934,-0.24502,-0.27147,-0.21979,-1.5345,1.8903,0.37742,-0.046431,0.44373,-2.9977,0.1041,0.36248,-2.2214,-0.0056497,-1.0529,-0.50005,-0.011716,-1.5196
-0.0030423,-0.0040368,-0.043402,-0.003405,0.38267,-1.4837,0.49152,-0.17001,-0.25914,-0.20647,-1.3469,1.7689,0.58684,-0.048492,0.4658,-2.3061,0.076933,0.60468,-2.3605,-0.038474,-1.3353,-0.50521,-0.0015367,-1.5478
0.0056927,0.0038167,-0.049348,-0.0017265,0.27952,-1.5574,0.46573,-0.11287,-0.24646,-0.19325,-1.1371,1.5052,0.68163,-0.052941,0.49268,-1.3623,0.053868,0.78794,-2.2947,-0.060072,-1.4373,-0.46792,0.026593,-1.4912
0.0084558,0.0060961,-0.046803,0.0018493,0.18036,-1.6038,0.42942,-0.060238,-0.23886,-0.20147,-0.97362,1.2103,0.71063,-0.05871,0.51982,-0.43589,0.04064,0.85763,-2.0357,-0.065528,-1.3946,-0.40061,0.065451,-1.3924
0.0061348,0.001418,-0.034873,0.0055529,0.087851,-1.6135,0.38275,-0.0062866,-0.23734,-0.23735,-0.90179,0.96736,0.77191,-0.067361,0.53706,0.2232,0.03683,0.82378,-1.6514,-0.056267,-1.2774,-0.32135,0.10087,-1.3566
0.002767,-0.0074434,-0.018129,0.0076057,-0.010309,-1.5826,0.3267,0.040535,-0.23895,-0.28884,-0.91791,0.78584,0.91549,-0.079656,0.53419,0.50706,0.034726,0.73434,-1.2256,-0.039754,-1.1474,-0.24588,0.11785,-1.4962
0.0021719,-0.015035,-0.0044107,0.0066954,-0.11739,-1.5146,0.26225,0.068206,-0.24103,-0.33583,-0.97102,0.61846,1.1025,-0.091444,0.51003,0.47252,0.024362,0.63511,-0.82272,-0.025351,-1.0335,-0.18157,0.10856,-1.8604
0.0051537,-0.016871,0.00033563,0.0024311,-0.21532,-1.4167,0.19111,0.079631,-0.24409,-0.36449,-0.99086,0.42133,1.2469,-0.094388,0.47616,0.25965,0.0014632,0.54679,-0.47815,-0.018674,-0.92189,-0.12557,0.07702,-2.4017
0.0094696,-0.012556,-0.0034534,-0.0041357,-0.27439,-1.2934,0.1167,0.10072,-0.25012,-0.37378,-0.92286,0.20555,1.292,-0.082245,0.45026,-0.019766,-0.028112,0.46826,-0.21174,-0.018443,-0.75412,-0.067598,0.036888,-2.9988
0.012291,-0.0059385,-0.0089889,-0.010556,-0.27493,-1.1426,0.043905,0.16857,-0.25774,-0.36936,-0.74919,0.036399,1.2507,-0.057611,0.44428,-0.33395,-0.051664,0.39229,-0.041748,-0.018294,-0.43911,0.0033247,0.00376,-3.5112
0.012777,-0.0020985,-0.0082376,-0.014174,-0.22138,-0.95799,-0.022929,0.3078,-0.25988,-0.35242,-0.48721,-0.017017,1.1842,-0.033031,0.45722,-0.69127,-0.058852,0.31527,0.017948,-0.012268,0.10974,0.091151,-0.012298,-3.8282
0.012457,-0.0034959,0.0016938,-0.013966,-0.13753,-0.74114,-0.082471,0.51267,-0.2474,-0.315,-0.17292,0.062616,1.1473,-0.024953,0.47884,-1.0576,-0.049973,0.23459,-0.025625,0.00026506,0.91589,0.18874,-0.0080443,-3.8855
0.013225,-0.0082644,0.016133,-0.011547,-0.049053,-0.51269,-0.13733,0.74734,-0.21672,-0.24712,0.15583,0.22564,1.1536,-0.044863,0.5002,-1.3132,-0.036857,0.14199,-0.1339,0.013832,1.8903,0.28055,0.018718,-3.6562
0.015,-0.011951,0.026519,-0.010187,0.029867,-0.31277,-0.1922,0.96145,-0.1747,-0.14951,0.46701,0.38908,1.1826,-0.093694,0.52097,-1.2923,-0.035588,0.02379,-0.2487,0.020225,2.8312,0.35102,0.076309,-3.1378
0.015421,-0.011243,0.027186,-0.012337,0.093813,-0.18516,-0.25026,1.1091,-0.13584,-0.039789,0.73463,0.48737,1.2133,-0.16234,0.54631,-0.8744,-0.056466,-0.12996,-0.32274,0.01287,3.4902,0.39308,0.17988,-2.3521
0.012049,-0.0066836,0.019613,-0.017648,0.13144,-0.15354,-0.31103,1.1617,-0.11346,0.054599,0.93962,0.50013,1.2515,-0.23643,0.57653,-0.054218,-0.098422,-0.31537,-0.34552,-0.010878,3.6747,0.4107,0.34303,-1.3554
0.0050896,-0.0022594,0.010734,-0.023251,0.11607,-0.20691,-0.37153,1.1126,-0.11163,0.11223,1.0747,0.44402,1.3296,-0.30188,0.60026,1.061,-0.15111,-0.51269,-0.34206,-0.049817,3.3301,0.41376,0.56604,-0.24643
-0.0020154,-0.0023146,0.0070599,-0.026199,0.016339,-0.30614,-0.43007,0.97915,-0.1242,0.13027,1.149,0.34846,1.4802,-0.3492,0.59935,2.312,-0.20186,-0.69354,-0.3428,-0.099336,2.5512,0.40985,0.83057,0.84135
-0.0049482,-0.0083078,0.0097274,-0.026015,-0.17651,-0.40805,-0.48862,0.79923,-0.14088,0.12463,1.1836,0.24306,1.7029,-0.3767,0.56331,3.5488,-0.24173,-0.83138,-0.34735,-0.15087,1.5234,0.39947,1.1052,1.7667
-0.0019346,-0.017897,0.014376,-0.025076,-0.42679,-0.48929,-0.5508,0.62186,-0.15477,0.11836,1.199,0.16377,1.9434,-0.39223,0.50104,4.6496,-0.26695,-0.90856,-0.31223,-0.1918,0.43754,0.37795,1.3577,2.418
0.0047794,-0.0268,0.015296,-0.026391,-0.66118,-0.55299,-0.61689,0.48726,-0.16497,0.12717,1.2004,0.1587,2.0996,-0.41128,0.43857,5.5048,-0.27684,-0.91892,-0.17523,-0.20845,-0.56559,0.3408,1.5641,2.747
0.010755,-0.031692,0.0098066,-0.030663,-0.80643,-0.61529,-0.68073,0.40525,-0.17342,0.15165,1.1763,0.27276,2.061,-0.44967,0.40245,6.0113,-0.27194,-0.86914,0.099407,-0.19273,-1.397,0.28704,1.711,2.7843
0.012916,-0.031803,-0.00072045,-0.035287,-0.83307,-0.68492,-0.73285,0.34615,-0.18038,0.17964,1.111,0.51363,1.7648,-0.51294,0.40082,6.1048,-0.25487,-0.78056,0.48911,-0.14858,-1.9903,0.21831,1.7941,2.6237
0.011725,-0.02833,-0.013248,-0.036372,-0.77212,-0.75309,-0.7681,0.25463,-0.18373,0.19513,1.0028,0.8278,1.2415,-0.58923,0.41682,5.8083,-0.23256,-0.68872,0.91995,-0.092731,-2.2847,0.13705,1.8187,2.3808
0.010203,-0.022665,-0.025892,-0.032153,-0.69194,-0.80049,-0.791,0.081579,-0.18259,0.18765,0.87297,1.115,0.61252,-0.65242,0.41922,5.2438,-0.21651,-0.63592,1.3091,-0.047253,-2.2451,0.04792,1.8013,2.1421
0.010894,-0.015287,-0.03837,-0.024793,-0.6546,-0.81349,-0.81245,-0.18444,-0.18078,0.15722,0.75575,1.2797,0.033205,-0.67559,0.38202,4.5772,-0.21918,-0.65641,1.6118,-0.027851,-1.9029,-0.038431,1.7639,1.9321
0.013643,-0.0062259,-0.050154,-0.018772,-0.68575,-0.79514,-0.83847,-0.50639,-0.18527,0.11389,0.67826,1.2863,-0.38767,-0.64654,0.29853,3.9244,-0.2482,-0.76009,1.8393,-0.035733,-1.3741,-0.10496,1.7195,1.7148
0.016129,0.0036539,-0.058857,-0.017092,-0.77608,-0.76274,-0.85982,-0.81541,-0.19983,0.072547,0.64554,1.1743,-0.63775,-0.57394,0.18135,3.2882,-0.30206,-0.92445,2.0356,-0.05883,-0.82654,-0.13577,1.659,1.4243
0.016367,0.012033,-0.061059,-0.018609,-0.90218,-0.73462,-0.8528,-1.0445,-0.21973,0.045433,0.64187,1.0237,-0.78327,-0.47938,0.051425,2.5753,-0.37027,-1.1008,2.2352,-0.081234,-0.40832,-0.12795,1.5565,1.0023
0.014632,0.016024,-0.055099,-0.019003,-1.0404,-0.71617,-0.79371,-1.159,-0.23318,0.03569,0.64532,0.89503,-0.89889,-0.38142,-0.07378,1.6844,-0.43765,-1.2332,2.4355,-0.093521,-0.18182,-0.097392,1.3973,0.41968
0.01293,0.013983,-0.04315,-0.014734,-1.1618,-0.69341,-0.67838,-1.1687,-0.22952,0.035423,0.64242,0.79194,-1.0037,-0.28482,-0.18543,0.60028,-0.4901,-1.2804,2.6025,-0.096495,-0.10951,-0.07102,1.207,-0.32351
0.012691,0.0068088,-0.030377,-0.0064877,-1.2223,-0.63727,-0.53213,-1.1169,-0.20763,0.030293,0.63207,0.67225,-1.0576,-0.18357,-0.28209,-0.56926,-0.51885,-1.2314,2.7017,-0.096618,-0.098565,-0.069058,1.0526,-1.2062
0.013094,-0.0022761,-0.021718,0.001105,-1.1715,-0.51659,-0.40096,-1.054,-0.177,0.008724,0.61941,0.495,-1.0189,-0.074649,-0.36722,-1.6343,-0.52185,-1.1068,2.7242,-0.098174,-0.070301,-0.09089,1.0027,-2.1878
0.011833,-0.0093679,-0.019032,0.003452,-0.98349,-0.31521,-0.32734,-1.0118,-0.15008,-0.029954,0.60868,0.26266,-0.90783,0.030108,-0.44835,-2.4063,-0.50289,-0.94676,2.6876,-0.09915,-0.0049974,-0.11641,1.0739,-3.2002
0.0076651,-0.01185,-0.020976,0.00021332,-0.68613,-0.045902,-0.3255,-0.98893,-0.13259,-0.074395,0.60209,0.024272,-0.80896,0.10565,-0.53616,-2.7709,-0.46943,-0.79336,2.6152,-0.093856,0.063926,-0.12227,1.2085,-4.1411
0.0021794,-0.0094951,-0.025351,-0.0041139,-0.35966,0.24686,-0.37228,-0.95736,-0.1204,-0.10872,0.60252,-0.1617,-0.802,0.12916,-0.63976,-2.7171,-0.43009,-0.67558,2.5136,-0.079067,0.092138,-0.099901,1.3074,-4.8867
-0.0011909,-0.0041475,-0.031337,-0.003907,-0.099123,0.5008,-0.4203,-0.88657,-0.10553,-0.12372,0.61279,-0.27363,-0.8791,0.097738,-0.75905,-2.3242,-0.39224,-0.60256,2.3694,-0.057792,0.063688,-0.061035,1.2952,-5.3268
-0.00030091,0.0016667,-0.039387,0.0028025,0.03138,0.66237,-0.42569,-0.77199,-0.08552,-0.12351,0.62885,-0.34514,-0.93234,0.033918,-0.88029,-1.7316,-0.35996,-0.56663,2.165,-0.03739,-0.0032642,-0.02743,1.1663,-5.4122
0.0033035,0.0062237,-0.049003,0.012695,0.01797,0.71198,-0.37293,-0.64928,-0.066974,-0.12223,0.63354,-0.44194,-0.83912,-0.026229,-0.98138,-1.1087,-0.33343,-0.55192,1.8979,-0.024101,-0.083075,-0.014485,0.97374,-5.1875
0.0052093,0.0092161,-0.057027,0.019994,-0.11981,0.67144,-0.28067,-0.58157,-0.059683,-0.13276,0.60039,-0.61554,-0.5832,-0.05459,-1.0462,-0.62553,-0.31025,-0.54354,1.5878,-0.018991,-0.17345,-0.022182,0.7736,-4.7834
0.0018298,0.011183,-0.058743,0.02106,-0.35809,0.58753,-0.18385,-0.62391,-0.066313,-0.15574,0.50875,-0.86841,-0.30408,-0.04698,-1.0784,-0.41586,-0.28812,-0.5334,1.2687,-0.018507,-0.30206,-0.038991,0.57343,-4.3609
-0.0061805,0.012348,-0.051479,0.016648,-0.67809,0.50227,-0.10415,-0.78642,-0.077192,-0.17722,0.35944,-1.155,-0.21758,-0.022541,-1.1028,-0.53518,-0.26693,-0.52183,0.97318,-0.018325,-0.50423,-0.053116,0.32628,-4.0294
-0.013991,0.011933,-0.037619,0.010224,-1.0488,0.43105,-0.029854,-1.0213,-0.075391,-0.17689,0.17733,-1.4152,-0.45917,-0.0075525,-1.1494,-0.93177,-0.24829,-0.51556,0.72403,-0.01641,-0.79268,-0.060831,-0.028935,-3.787
-0.016386,0.0086251,-0.023986,0.0045044,-1.4073,0.36419,0.07835,-1.244,-0.048455,-0.14103,-0.0030153,-1.6137,-0.9739,-0.0154,-1.2283,-1.4566,-0.23231,-0.52295,0.53511,-0.012545,-1.1449,-0.066321,-0.5182,-3.5289
-0.012153,0.00186,-0.017403,-0.00028818,-1.6683,0.28889,0.2573,-1.3767,0.0025496,-0.071062,-0.1575,-1.7568,-1.545,-0.036659,-1.3149,-1.9197,-0.21396,-0.54739,0.41905,-0.0055443,-1.5159,-0.075707,-1.112,-3.1271
-0.0052457,-0.0072095,-0.019672,-0.0050652,-1.7627,0.21212,0.5083,-1.3842,0.063747,0.017548,-0.2825,-1.8754,-1.9405,-0.04571,-1.3578,-2.1692,-0.18298,-0.58142,0.39177,0.0081687,-1.861,-0.091849,-1.7409,-2.5338
-0.0016297,-0.015959,-0.026011,-0.0093658,-1.6782,0.16447,0.78681,-1.2829,0.11792,0.10419,-0.38805,-1.9901,-2.0606,-0.018798,-1.3104,-2.1493,-0.12871,-0.60519,0.46677,0.032323,-2.1468,-0.11376,-2.3238,-1.8335
-0.0044701,-0.021648,-0.028367,-0.010668,-1.4633,0.18047,1.0249,-1.1213,0.15495,0.17292,-0.48281,-2.0872,-1.9739,0.049147,-1.1654,-1.9024,-0.047875,-0.59238,0.6393,0.066474,-2.3449,-0.13904,-2.7846,-1.2029
-0.011701,-0.022863,-0.021125,-0.0064002,-1.1939,0.27121,1.1708,-0.95006,0.17551,0.21703,-0.56586,-2.1258,-1.8282,0.14024,-0.96859,-1.5224,0.050456,-0.5222,0.86928,0.10371,-2.4234,-0.16559,-3.0534,-0.80215
-0.017898,-0.020081,-0.0048671,0.0033727,-0.93032,0.41123,1.2163,-0.80393,0.18615,0.23704,-0.6322,-2.0713,-1.7225,0.22432,-0.79893,-1.0973,0.14695,-0.39125,1.0789,0.13312,-2.3553,-0.19091,-3.0703,-0.67538
-0.018686,-0.015163,0.014412,0.015341,-0.70045,0.55083,1.1927,-0.70134,0.19149,0.23586,-0.68461,-1.9294,-1.6479,0.27689,-0.72451,-0.68454,0.22086,-0.21787,1.177,0.1457,-2.1441,-0.21118,-2.8026,-0.72714
-0.013978,-0.010367,0.029587,0.025081,-0.51487,0.64462,1.1415,-0.65149,0.19023,0.21579,-0.73814,-1.7512,-1.5299,0.29206,-0.76256,-0.32469,0.26014,-0.036264,1.1066,0.13914,-1.8435,-0.22227,-2.2718,-0.78537
-0.0075778,-0.007466,0.036692,0.029963,-0.38686,0.6753,1.0868,-0.65531,0.17818,0.17932,-0.8114,-1.6041,-1.3184,0.28267,-0.87001,-0.064464,0.26604,0.11568,0.89065,0.11778,-1.5455,-0.22253,-1.5662,-0.69879
-0.0038336,-0.007196,0.036382,0.030282,-0.33022,0.65637,1.0308,-0.69775,0.1544,0.13189,-0.91281,-1.528,-1.0371,0.26871,-0.97075,0.050406,0.24966,0.20749,0.64042,0.088272,-1.3341,-0.21408,-0.8248,-0.40521
-0.0042757,-0.0089838,0.032353,0.027958,-0.33662,0.61462,0.97074,-0.74282,0.12428,0.082564,-1.0356,-1.5115,-0.76024,0.26315,-1.0008,0.0137,0.22373,0.22144,0.50855,0.054855,-1.2339,-0.20017,-0.19464,0.057416
-0.0068037,-0.01114,0.028673,0.024381,-0.36239,0.56795,0.91576,-0.74443,0.096412,0.040922,-1.1669,-1.5045,-0.54852,0.2648,-0.94158,-0.11022,0.1964,0.15255,0.60465,0.018656,-1.1938,-0.18055,0.21629,0.58086
-0.0077382,-0.011728,0.027921,0.019484,-0.34892,0.51544,0.88516,-0.67188,0.075836,0.011644,-1.3011,-1.4565,-0.40939,0.26216,-0.82129,-0.20643,0.17117,0.0070459,0.92312,-0.018582,-1.1229,-0.14969,0.36827,1.0275
-0.0048648,-0.0098406,0.030651,0.01257,-0.26611,0.44501,0.88857,-0.53237,0.059848,-0.008854,-1.4432,-1.3499,-0.31028,0.24409,-0.68832,-0.18129,0.1513,-0.19895,1.3332,-0.050129,-0.95488,-0.10117,0.28933,1.2687
0.00089453,-0.0063615,0.035604,0.0037018,-0.14021,0.34999,0.90941,-0.36987,0.040198,-0.030436,-1.5955,-1.2049,-0.22098,0.20907,-0.57793,-0.033606,0.14343,-0.44116,1.6435,-0.064131,-0.69613,-0.035827,0.048776,1.2237
0.0062932,-0.0033746,0.040303,-0.0058479,-0.036798,0.24039,0.91023,-0.23633,0.0099508,-0.062519,-1.7393,-1.0579,-0.14007,0.16659,-0.49503,0.13754,0.15579,-0.69045,1.7035,-0.049399,-0.4206,0.033449,-0.27962,0.8948
0.0083,-0.0024689,0.042185,-0.014342,-0.010143,0.14039,0.85841,-0.1544,-0.030581,-0.10716,-1.8318,-0.93552,-0.084879,0.13014,-0.42079,0.20329,0.19216,-0.91601,1.4792,-0.0036992,-0.21895,0.085966,-0.64636,0.37576
0.0064303,-0.00335,0.040194,-0.020593,-0.062136,0.074641,0.75106,-0.10044,-0.073477,-0.15714,-1.8249,-0.84462,-0.06388,0.10733,-0.33348,0.10134,0.24683,-1.0857,1.0579,0.061664,-0.13962,0.1051,-1.0329,-0.18562
0.0031333,-0.0040977,0.03586,-0.024268,-0.1458,0.053492,0.61787,-0.02268,-0.1083,-0.20061,-1.6967,-0.78039,-0.064314,0.094155,-0.2266,-0.11965,0.30599,-1.164,0.58509,0.12523,-0.16386,0.089448,-1.4346,-0.65926
0.0018958,-0.0029466,0.032575,-0.02551,-0.20729,0.066857,0.49985,0.11812,-0.1284,-0.22904,-1.4704,-0.73814,-0.066179,0.077924,-0.11297,-0.34303,0.35516,-1.1123,0.17986,0.16555,-0.22702,0.054583,-1.8328,-0.99116
0.0044271,4.7029e-005,0.032992,-0.024631,-0.22567,0.090021,0.42194,0.31659,-0.13375,-0.24249,-1.2049,-0.7151,-0.063405,0.046665,-0.015387,-0.47599,0.38737,-0.89897,-0.11855,0.17185,-0.26408,0.023693,-2.1772,-1.2046
0.0091073,0.0030746,0.036388,-0.02237,-0.21479,0.097152,0.3804,0.52396,-0.12921,-0.24851,-0.96196,-0.7038,-0.066028,-0.0015585,0.047468,-0.51152,0.40569,-0.51709,-0.34793,0.14849,-0.2442,0.01388,-2.3944,-1.3454
0.012062,0.0043502,0.038409,-0.020283,-0.19029,0.074586,0.35155,0.68127,-0.1203,-0.25614,-0.774,-0.68909,-0.079779,-0.056635,0.0706,-0.51177,0.41853,-0.001133,-0.57813,0.11057,-0.17516,0.027702,-2.4206,-1.4217
0.010208,0.0038654,0.034054,-0.020393,-0.13896,0.02689,0.31071,0.75862,-0.11008,-0.26983,-0.63595,-0.65688,-0.086745,-0.10376,0.06379,-0.5347,0.43197,0.57031,-0.85989,0.074143,-0.084485,0.054827,-2.24,-1.3923
0.0038942,0.0033803,0.021869,-0.023889,-0.024733,-0.026997,0.24532,0.77146,-0.09874,-0.28764,-0.52326,-0.60798,-0.053048,-0.13511,0.045831,-0.57402,0.44533,1.092,-1.1973,0.047925,0.0016496,0.080769,-1.9018,-1.2126
-0.0030574,0.0046294,0.0058777,-0.029832,0.17166,-0.065004,0.15598,0.76469,-0.08527,-0.30424,-0.41852,-0.56202,0.03734,-0.15687,0.036317,-0.56433,0.45281,1.4643,-1.5524,0.031303,0.067852,0.095577,-1.5061,-0.89233
-0.0061072,0.0074839,-0.0067992,-0.035224,0.41715,-0.074265,0.051114,0.77981,-0.069297,-0.3152,-0.32402,-0.5442,0.1535,-0.18556,0.049135,-0.44031,0.44852,1.6256,-1.8709,0.018601,0.10893,0.097323,-1.1617,-0.50873
-0.0033765,0.0098783,-0.011173,-0.036858,0.63251,-0.05775,-0.056137,0.83077,-0.051609,-0.31903,-0.25266,-0.56457,0.22628,-0.23576,0.089826,-0.1914,0.43034,1.5732,-2.1133,0.0051342,0.12869,0.090332,-0.94222,-0.16028
0.0030385,0.0096082,-0.0083312,-0.033711,0.74197,-0.03153,-0.14732,0.90286,-0.033378,-0.31587,-0.20912,-0.60816,0.19668,-0.30827,0.15654,0.13556,0.39992,1.3632,-2.2766,-0.0096184,0.14119,0.081306,-0.86108,0.097574
0.0088049,0.0063192,-0.0046644,-0.02785,0.72892,-0.014421,-0.20053,0.96986,-0.014943,-0.30516,-0.18098,-0.64596,0.068102,-0.38813,0.24245,0.47875,0.36069,1.0909,-2.4013,-0.023127,0.16831,0.075919,-0.87728,0.27865
0.010635,0.0018429,-0.0067085,-0.022865,0.65236,-0.016302,-0.19949,1.0133,0.0047623,-0.28501,-0.148,-0.65788,-0.082672,-0.45409,0.33752,0.79997,0.31649,0.85729,-2.5567,-0.033086,0.22766,0.076344,-0.92587,0.4334
0.0084698,-0.0014003,-0.015734,-0.020978,0.60909,-0.032386,-0.14591,1.0308,0.027562,-0.25431,-0.10039,-0.64782,-0.15053,-0.49228,0.42936,1.0822,0.27218,0.73321,-2.8106,-0.039856,0.31639,0.079573,-0.95393,0.58994
0.0049868,-0.0024326,-0.02661,-0.021243,0.66899,-0.047422,-0.064277,1.0323,0.054402,-0.21575,-0.048561,-0.63791,-0.072697,-0.5034,0.50499,1.2969,0.2338,0.73557,-3.193,-0.046873,0.40565,0.077535,-0.94287,0.72229
0.0030807,-0.002364,-0.031939,-0.020439,0.83041,-0.047926,0.0083371,1.0294,0.083716,-0.17665,-0.014953,-0.64714,0.12729,-0.49866,0.55506,1.3866,0.20655,0.82575,-3.6736,-0.059822,0.45586,0.060484,-0.90717,0.77209
0.0034587,-0.0031857,-0.027956,-0.015867,1.0254,-0.035185,0.043057,1.0267,0.11113,-0.14618,-0.015016,-0.67282,0.35413,-0.48887,0.57904,1.2896,0.19115,0.93183,-4.1684,-0.085469,0.44462,0.023075,-0.87462,0.70166
0.0042091,-0.0059389,-0.017267,-0.0075993,1.1662,-0.030117,0.036159,1.0175,0.13126,-0.1299,-0.043695,-0.68964,0.50087,-0.47658,0.58705,0.98809,0.18216,0.98376,-4.575,-0.12979,0.3851,-0.030558,-0.86348,0.53087
0.0025564,-0.009939,-0.0063808,0.001693,1.1957,-0.064707,0.0085883,0.98661,0.14101,-0.12556,-0.078051,-0.66601,0.50903,-0.45709,0.59493,0.52934,0.17062,0.94475,-4.819,-0.1946,0.3176,-0.087115,-0.87166,0.32776
-0.0026453,-0.013591,-0.00056276,0.0089131,1.1079,-0.16278,-0.013054,0.91839,0.14203,-0.12351,-0.092224,-0.58456,0.3883,-0.4262,0.6145,-0.001161,0.15,0.82568,-4.8835,-0.27355,0.27875,-0.13082,-0.88283,0.16353
-0.0096286,-0.015805,-0.0005773,0.012565,0.93179,-0.32085,-0.02052,0.80868,0.14037,-0.11254,-0.070915,-0.45339,0.19158,-0.38632,0.64589,-0.52914,0.12083,0.67837,-4.8045,-0.35039,0.27326,-0.15234,-0.88187,0.069868
-0.014671,-0.01659,-0.0036825,0.012944,0.70054,-0.50195,-0.034096,0.6713,0.14254,-0.087882,-0.010638,-0.30332,-0.025227,-0.34538,0.67848,-1.0124,0.090418,0.57254,-4.6346,-0.40246,0.27236,-0.15352,-0.86655,0.02984
-0.014672,-0.01644,-0.007178,0.010863,0.43445,-0.64865,-0.089237,0.53376,0.15059,-0.055492,0.089365,-0.17529,-0.22349,-0.30981,0.7002,-1.4145,0.067805,0.56636,-4.4015,-0.40921,0.24057,-0.14433,-0.84714,0.0028974
-0.0094839,-0.015439,-0.010799,0.0066694,0.14681,-0.70879,-0.20768,0.42254,0.15975,-0.02888,0.23457,-0.10384,-0.37217,-0.27859,0.70769,-1.6682,0.057963,0.68165,-4.0919,-0.36169,0.16809,-0.13466,-0.83641,-0.041188
-0.0022452,-0.013239,-0.015987,0.00070151,-0.14,-0.65833,-0.37414,0.34745,0.16119,-0.019652,0.43089,-0.10144,-0.42881,-0.24377,0.70847,-1.6841,0.059472,0.89394,-3.6716,-0.26707,0.081156,-0.12737,-0.83939,-0.10573
0.0026561,-0.0099367,-0.023412,-0.0056099,-0.39054,-0.50758,-0.53774,0.29692,0.14829,-0.028282,0.67078,-0.14937,-0.34056,-0.19642,0.71324,-1.4184,0.06662,1.1428,-3.1264,-0.14547,0.021807,-0.11802,-0.85059,-0.17489
0.0025789,-0.0067175,-0.031655,-0.0097276,-0.57285,-0.28895,-0.63968,0.24767,0.12196,-0.042094,0.92294,-0.20218,-0.074743,-0.13245,0.7247,-0.94791,0.073451,1.3585,-2.4897,-0.020704,0.014368,-0.10089,-0.85957,-0.23265
-0.0015683,-0.0052433,-0.038281,-0.0096813,-0.68367,-0.037607,-0.64899,0.18081,0.090781,-0.042519,1.1383,-0.20857,0.34204,-0.053992,0.73287,-0.47424,0.076397,1.4911,-1.8288,0.089141,0.046127,-0.075878,-0.85883,-0.27502
-0.0060431,-0.0061408,-0.041895,-0.0059839,-0.7601,0.22045,-0.58077,0.091724,0.065804,-0.016682,1.2719,-0.14001,0.81043,0.03265,0.72072,-0.22969,0.074057,1.5249,-1.2016,0.17607,0.076647,-0.050531,-0.84779,-0.30832
-0.006981,-0.0080931,-0.042866,-0.0016485,-0.86475,0.46712,-0.4838,-0.012263,0.05363,0.034894,1.3061,-0.008043,1.1889,0.11826,0.67535,-0.33821,0.065229,1.4713,-0.61664,0.2396,0.066671,-0.035351,-0.8315,-0.3397
-0.0031445,-0.0086448,-0.04212,0.0002155,-1.0512,0.6842,-0.40759,-0.12172,0.052979,0.099522,1.2587,0.1453,1.3545,0.18967,0.59531,-0.72976,0.047421,1.3482,-0.03467,0.28029,0.0037388,-0.036416,-0.81661,-0.3704
0.0032189,-0.0061932,-0.039527,-0.00069304,-1.3307,0.85001,-0.37384,-0.23248,0.056672,0.16059,1.1691,0.27968,1.2566,0.22961,0.48891,-1.1709,0.017315,1.1647,0.5852,0.29488,-0.092743,-0.051128,-0.8083,-0.39665
0.007926,-0.0013932,-0.033781,-0.0011954,-1.6587,0.94542,-0.37268,-0.34543,0.056826,0.20601,1.0755,0.38728,0.93228,0.22213,0.36712,-1.3887,-0.026878,0.92285,1.23,0.27696,-0.18709,-0.070288,-0.80919,-0.41454
0.00765,0.0033478,-0.02393,0.0028673,-1.9482,0.96376,-0.38278,-0.46133,0.048977,0.23131,0.99686,0.49657,0.47798,0.16262,0.23846,-1.2029,-0.08246,0.63392,1.8153,0.22326,-0.25002,-0.084609,-0.81915,-0.42266
0.0020605,0.0058762,-0.01102,0.012872,-2.102,0.91492,-0.39561,-0.57661,0.032532,0.23706,0.93285,0.64515,0.001861,0.064976,0.11061,-0.58694,-0.14057,0.33037,2.2256,0.14071,-0.27379,-0.090579,-0.8347,-0.42021
-0.0059894,0.0060435,0.001793,0.025588,-2.0502,0.81955,-0.42298,-0.68256,0.0084132,0.22513,0.8745,0.84459,-0.41386,-0.042516,-0.0051393,0.35749,-0.18741,0.058667,2.3859,0.048397,-0.27339,-0.091564,-0.84881,-0.40402
-0.012201,0.0057262,0.010834,0.034982,-1.7793,0.69815,-0.48326,-0.76615,-0.023156,0.1976,0.81569,1.0677,-0.72445,-0.13229,-0.094183,1.4685,-0.20882,-0.14481,2.3107,-0.028465,-0.27607,-0.094108,-0.85218,-0.36872
-0.013356,0.0071756,0.013989,0.03638,-1.3427,0.56359,-0.58064,-0.81106,-0.062586,0.15831,0.75679,1.2693,-0.91363,-0.19344,-0.14715,2.5805,-0.1965,-0.27629,2.0938,-0.069976,-0.30569,-0.10285,-0.83641,-0.31075
-0.0091711,0.011111,0.011877,0.029768,-0.8449,0.42137,-0.69606,-0.80137,-0.10891,0.11361,0.70228,1.4212,-0.97964,-0.23555,-0.17104,3.5472,-0.15243,-0.36543,1.847,-0.071201,-0.36864,-0.1178,-0.79718,-0.23263
-0.0024808,0.016036,0.0075091,0.01973,-0.40197,0.27531,-0.79637,-0.72984,-0.15796,0.07021,0.65821,1.5307,-0.92711,-0.27613,-0.19198,4.2496,-0.088346,-0.45135,1.6341,-0.043616,-0.44764,-0.1351,-0.73583,-0.14286
0.0023877,0.019188,0.0047122,0.012166,-0.093009,0.13306,-0.85169,-0.60696,-0.20251,0.031707,0.63224,1.627,-0.7653,-0.32128,-0.2433,4.6086,-0.019914,-0.55088,1.4507,-0.0072894,-0.50811,-0.14972,-0.65842,-0.051292
0.0022389,0.018358,0.0060709,0.010312,0.071692,0.0082316,-0.84631,-0.46152,-0.23436,-0.0022919,0.63337,1.7296,-0.50919,-0.35499,-0.34484,4.6057,0.040948,-0.64383,1.2567,0.020791,-0.51612,-0.15746,-0.57362,0.036452
-0.002863,0.013331,0.011382,0.012945,0.14522,-0.081112,-0.77721,-0.32671,-0.24692,-0.032538,0.66778,1.828,-0.18148,-0.34651,-0.48812,4.2924,0.090568,-0.68686,1.0305,0.034441,-0.45908,-0.15555,-0.49039,0.12085
-0.0094013,0.0060739,0.017633,0.015858,0.20273,-0.11654,-0.64738,-0.2184,-0.23682,-0.05495,0.73277,1.8931,0.18462,-0.27063,-0.63969,3.7727,0.13189,-0.64635,0.79489,0.037676,-0.35588,-0.14264,-0.41575,0.20559
-0.012555,-0.00040508,0.020921,0.015245,0.29126,-0.084986,-0.46383,-0.12285,-0.2043,-0.059265,0.81465,1.9084,0.54528,-0.12587,-0.76095,3.1668,0.16824,-0.52598,0.59483,0.037771,-0.24767,-0.11937,-0.35276,0.29314
-0.009469,-0.0038004,0.019367,0.010365,0.40532,0.015255,-0.24235,-0.0075472,-0.15315,-0.034239,0.89424,1.898,0.8547,0.062118,-0.83,2.5763,0.19745,-0.36969,0.44618,0.038175,-0.17384,-0.089589,-0.29905,0.38298
-0.0013638,-0.0037602,0.01491,0.0035711,0.5037,0.17115,-0.010974,0.14943,-0.09069,0.023781,0.95609,1.9233,1.0838,0.25301,-0.84887,2.0663,0.21088,-0.23914,0.30281,0.036434,-0.14887,-0.06035,-0.24771,0.47378
0.0071954,-0.001828,0.012182,-0.0020306,0.5504,0.35697,0.19608,0.33321,-0.027172,0.10587,0.99377,2.0503,1.2379,0.40986,-0.8323,1.6633,0.19819,-0.18216,0.07339,0.027454,-0.15646,-0.03936,-0.19113,0.56671
0.011512,-0.00013972,0.014865,-0.0052186,0.5445,0.54167,0.35265,0.49172,0.026614,0.1939,1.0069,2.305,1.3571,0.51074,-0.78889,1.3587,0.15451,-0.21245,-0.32092,0.0082981,-0.164,-0.030477,-0.12596,0.66618
0.010067,0.00013808,0.022332,-0.007344,0.51557,0.69803,0.45243,0.56427,0.063663,0.27043,0.99422,2.6436,1.4897,0.54963,-0.71149,1.1134,0.085225,-0.31005,-0.89016,-0.019651,-0.14523,-0.030325,-0.055781,0.77673
0.0053659,-0.00056226,0.029599,-0.010594,0.49259,0.80937,0.50895,0.51933,0.084725,0.32799,0.95047,2.9575,1.6553,0.53115,-0.58413,0.87282,0.0054923,-0.43676,-1.5625,-0.052188,-0.09353,-0.029434,0.011241,0.89886
0.0017182,-0.0009233,0.031037,-0.015507,0.47654,0.87264,0.54425,0.37389,0.098581,0.37098,0.87084,3.1151,1.8232,0.46617,-0.39858,0.5962,-0.064996,-0.55274,-2.2219,-0.085231,-0.0168,-0.018357,0.068341,1.0277
0.0018211,-7.1942e-005,0.024903,-0.020119,0.44121,0.89846,0.57634,0.18145,0.11707,0.40937,0.75819,3.0221,1.9297,0.37072,-0.16568,0.29091,-0.10899,-0.62419,-2.7662,-0.11633,0.079117,0.0051008,0.11532,1.1559
0.0049275,0.001678,0.014801,-0.021629,0.35902,0.90847,0.61448,-0.00061968,0.14729,0.44991,0.62531,2.6697,1.9245,0.2647,0.087206,0.02317,-0.11738,-0.62242,-3.1425,-0.1438,0.20321,0.033409,0.15872,1.279
0.0079355,0.003243,0.0067156,-0.019133,0.22647,0.9282,0.66153,-0.14024,0.18619,0.4912,0.48946,2.1398,1.8119,0.16688,0.32938,-0.11356,-0.091925,-0.52232,-3.3418,-0.16485,0.3772,0.054547,0.20687,1.3981
0.008272,0.0038091,0.0041736,-0.014884,0.066735,0.97523,0.71614,-0.23896,0.2218,0.52544,0.36386,1.5627,1.652,0.087767,0.5395,-0.062439,-0.044399,-0.30749,-3.3694,-0.17466,0.62009,0.061496,0.26387,1.5186
0.0060635,0.0034456,0.0057539,-0.012801,-0.089272,1.0479,0.76934,-0.32019,0.24041,0.54384,0.25361,1.0495,1.5179,0.026648,0.70942,0.14233,0.0074683,0.018388,-3.2245,-0.16711,0.93008,0.058095,0.32742,1.6459
0.0038691,0.0027873,0.006966,-0.015398,-0.22209,1.1238,0.8004,-0.4115,0.23472,0.54129,0.15832,0.64598,1.443,-0.023348,0.83936,0.37578,0.046364,0.4218,-2.9038,-0.13667,1.2749,0.055536,0.39201,1.7806
0.0043648,0.0022657,0.0045736,-0.021712,-0.32397,1.172,0.78144,-0.53337,0.20725,0.51783,0.077434,0.33601,1.4019,-0.065746,0.93093,0.48883,0.061653,0.84027,-2.4202,-0.080539,1.5951,0.061763,0.45451,1.9181
0.0080126,0.0017592,-0.00062063,-0.027932,-0.38285,1.1737,0.69373,-0.69625,0.16735,0.4781,0.012588,0.087718,1.3439,-0.09569,0.98328,0.4031,0.052349,1.1965,-1.8103,-0.00084919,1.8188,0.072976,0.51767,2.0508
0.012635,0.00098101,-0.0048512,-0.030112,-0.37081,1.1338,0.54577,-0.89938,0.12511,0.4305,-0.034192,-0.10121,1.2503,-0.10505,0.99329,0.16776,0.024862,1.4196,-1.1237,0.093438,1.885,0.075538,0.58943,2.1719
0.015195,4.9823e-005,-0.0050227,-0.026757,-0.25465,1.0742,0.3768,-1.1276,0.087082,0.38583,-0.062735,-0.19843,1.164,-0.09372,0.95755,-0.067833,-0.013019,1.4642,-0.40361,0.18605,1.7697,0.057594,0.67948,2.2777
0.014293,-0.00051858,-0.0014428,-0.01943,-0.024445,1.0118,0.23839,-1.3502,0.055961,0.35422,-0.074108,-0.17476,1.1608,-0.076101,0.87439,-0.15401,-0.057432,1.3202,0.31841,0.25637,1.5031,0.020486,0.79616,2.3681
0.011351,-0.00047251,0.0026477,-0.011302,0.28394,0.94157,0.16467,-1.5294,0.032666,0.34056,-0.068202,-0.048309,1.2796,-0.075247,0.74634,-0.046252,-0.10887,1.0144,1.0132,0.28639,1.1652,-0.020599,0.94468,2.4449
0.0094906,-0.00036674,0.0039822,-0.0050516,0.59463,0.83895,0.1532,-1.6376,0.017375,0.34126,-0.043667,0.10697,1.4672,-0.10794,0.58303,0.16006,-0.16763,0.60606,1.643,0.26923,0.85468,-0.048046,1.1247,2.5109
0.010944,-0.0011927,0.0018192,-0.0016498,0.82626,0.68295,0.17165,-1.6741,0.0084885,0.34598,-0.0018698,0.19821,1.5848,-0.17308,0.4024,0.29535,-0.22877,0.17583,2.1655,0.21377,0.64082,-0.05557,1.3264,2.5683
0.015056,-0.0032424,-0.0019568,-0.00053797,0.93243,0.47879,0.18518,-1.6656,0.0015953,0.34457,0.048783,0.16562,1.4784,-0.25354,0.22747,0.24141,-0.28163,-0.19385,2.5503,0.14138,0.53091,-0.052227,1.5272,2.6182
0.018525,-0.0053234,-0.0048662,-0.00061442,0.92044,0.26053,0.18232,-1.6489,-0.0088404,0.33455,0.093928,0.0083623,1.067,-0.32986,0.078689,0.031775,-0.31509,-0.44658,2.7939,0.07565,0.47566,-0.053318,1.6952,2.6604
0.017833,-0.0053467,-0.0059276,-0.0010891,0.83802,0.07003,0.17895,-1.6444,-0.025157,0.32363,0.12119,-0.23081,0.3935,-0.39387,-0.034232,-0.14483,-0.32437,-0.57642,2.916,0.031288,0.41306,-0.066697,1.8011,2.6935
0.012037,-0.0020535,-0.0060594,-0.0016691,0.74191,-0.069667,0.19889,-1.6426,-0.043063,0.32496,0.12947,-0.50104,-0.38935,-0.45058,-0.11493,-0.049219,-0.31352,-0.63247,2.944,0.0096106,0.31854,-0.086906,1.8348,2.7146
0.0037227,0.0036236,-0.00677,-0.002183,0.67246,-0.16384,0.24942,-1.6124,-0.052924,0.34891,0.1313,-0.76526,-1.0804,-0.50788,-0.1749,0.45372,-0.2918,-0.69504,2.8979,0.0028142,0.22229,-0.10192,1.8133,2.7208
-0.0027131,0.008998,-0.008518,-0.0021633,0.64819,-0.23162,0.31332,-1.5269,-0.045939,0.39747,0.14496,-0.99518,-1.5053,-0.56463,-0.2231,1.2845,-0.26716,-0.83358,2.7874,0.0025668,0.17997,-0.10549,1.7722,2.7126
-0.0042113,0.011742,-0.010123,-0.00087597,0.67389,-0.28281,0.36307,-1.3857,-0.020905,0.46456,0.18151,-1.1559,-1.5759,-0.60876,-0.25799,2.1564,-0.24272,-1.0705,2.6189,0.0054997,0.22184,-0.1031,1.7436,2.6989
-0.0012193,0.011853,-0.0095298,0.0021225,0.74553,-0.30923,0.38265,-1.2191,0.013813,0.54021,0.23644,-1.2063,-1.3211,-0.62688,-0.26812,2.707,-0.21825,-1.3712,2.4022,0.011849,0.32391,-0.1063,1.7347,2.704
0.002768,0.011524,-0.0052037,0.0063469,0.84321,-0.29902,0.37659,-1.0708,0.044899,0.61389,0.29221,-1.1216,-0.88196,-0.61534,-0.24139,2.6838,-0.19403,-1.6626,2.1526,0.020305,0.42585,-0.12105,1.7259,2.7711
0.0038907,0.012803,0.0028503,0.010334,0.92188,-0.25981,0.35863,-0.97397,0.061803,0.67482,0.32904,-0.91857,-0.46077,-0.58108,-0.17661,2.0683,-0.1721,-1.8623,1.8927,0.025632,0.47976,-0.14158,1.6901,2.9582
0.00071633,0.015093,0.012994,0.012475,0.91788,-0.22629,0.33217,-0.9355,0.061803,0.71161,0.33564,-0.65572,-0.23143,-0.53054,-0.088625,1.0598,-0.1533,-1.9008,1.6546,0.022508,0.48745,-0.15548,1.6203,3.3198
-0.004947,0.01503,0.022718,0.012232,0.77848,-0.24089,0.28178,-0.93823,0.049199,0.71452,0.31254,-0.40387,-0.24677,-0.45716,-0.0022751,-0.074607,-0.13333,-1.7304,1.4791,0.012289,0.49496,-0.15559,1.5419,3.8772
-0.0096424,0.0092566,0.029725,0.010687,0.49846,-0.32094,0.18443,-0.95518,0.030452,0.68057,0.26766,-0.207,-0.40128,-0.34105,0.061561,-1.1733,-0.10296,-1.3315,1.4027,0.0056603,0.55058,-0.14753,1.4989,4.5876
-0.010833,-0.0021398,0.032686,0.0097621,0.13589,-0.43995,0.030373,-0.96575,0.0099949,0.6172,0.20956,-0.064216,-0.48704,-0.1646,0.098372,-2.2504,-0.053622,-0.72388,1.433,0.017263,0.66362,-0.14606,1.5235,5.3316
-0.0084769,-0.014732,0.03129,0.010581,-0.20937,-0.54038,-0.16522,-0.96504,-0.010139,0.53983,0.14422,0.055722,-0.31941,0.066903,0.12176,-3.4081,0.015644,0.021542,1.5296,0.055694,0.79802,-0.16308,1.6121,5.9379
-0.0046879,-0.022561,0.025765,0.012338,-0.44282,-0.57014,-0.36996,-0.96361,-0.027788,0.46409,0.076245,0.18252,0.14896,0.3166,0.15299,-4.6629,0.09592,0.78745,1.6107,0.1169,0.90318,-0.19733,1.724,6.2471
-0.0020991,-0.02254,0.016515,0.01281,-0.51727,-0.51492,-0.55359,-0.97964,-0.038806,0.39852,0.011398,0.32188,0.80682,0.5286,0.20608,-5.8339,0.17303,1.4416,1.5877,0.18634,0.9529,-0.2343,1.8033,6.1873
-0.0023044,-0.016731,0.0044187,0.010264,-0.44358,-0.40245,-0.7016,-1.0271,-0.038215,0.344,-0.043512,0.4576,1.4684,0.65478,0.27971,-6.5951,0.2351,1.8846,1.4107,0.24794,0.95996,-0.25627,1.8029,5.8135
-0.0052769,-0.010534,-0.0084163,0.0051866,-0.27008,-0.27757,-0.81272,-1.1048,-0.023286,0.29999,-0.08326,0.57086,1.9921,0.67829,0.3617,-6.67,0.27679,2.086,1.0925,0.29215,0.95784,-0.25448,1.6966,5.2786
-0.0097321,-0.0083147,-0.018433,0.00028974,-0.052445,-0.17027,-0.88634,-1.1925,0.0045974,0.27115,-0.10642,0.65751,2.3386,0.6185,0.44112,-6.027,0.29742,2.0836,0.69562,0.31742,0.96989,-0.23448,1.4741,4.7424
-0.013899,-0.010199,-0.021781,-0.0013716,0.16395,-0.082773,-0.91552,-1.2578,0.041135,0.26745,-0.1145,0.72946,2.529,0.51563,0.517,-4.9264,0.29644,1.9488,0.29269,0.32563,0.9933,-0.21124,1.135,4.2791
-0.01628,-0.012602,-0.016554,0.0012821,0.34582,-0.0036855,-0.89518,-1.2735,0.082166,0.297,-0.10884,0.80215,2.5607,0.4071,0.59562,-3.7788,0.27213,1.7435,-0.070449,0.31769,1.0083,-0.19842,0.69186,3.8477
-0.016253,-0.011732,-0.0045508,0.0064591,0.47123,0.06663,-0.83784,-1.2354,0.12575,0.35808,-0.088522,0.87944,2.3763,0.31114,0.67927,-2.9121,0.22573,1.5008,-0.38645,0.29402,0.99956,-0.19966,0.18388,3.3489
-0.014353,-0.0068421,0.0090702,0.010734,0.53726,0.10467,-0.77914,-1.1694,0.17178,0.4381,-0.051905,0.94625,1.931,0.22599,0.75724,-2.4096,0.16669,1.2376,-0.67171,0.25842,0.96875,-0.2073,-0.31452,2.7231
-0.011994,-0.00054506,0.018432,0.011441,0.57032,0.078825,-0.76139,-1.1192,0.22021,0.52095,-0.00075699,0.97182,1.2947,0.14126,0.8086,-2.121,0.11233,0.97701,-0.94422,0.21998,0.929,-0.20814,-0.70471,2.0126
-0.010548,0.0036993,0.020302,0.0084044,0.62213,-0.020893,-0.80299,-1.1213,0.26994,0.59642,0.056849,0.92123,0.67731,0.05077,0.81602,-1.8189,0.079523,0.75398,-1.2119,0.18898,0.89026,-0.19167,-0.89657,1.3402
-0.010318,0.0044065,0.01587,0.0038,0.74243,-0.1648,-0.87749,-1.1807,0.31909,0.66356,0.10801,0.7722,0.31421,-0.042348,0.77995,-1.368,0.073787,0.59296,-1.4735,0.16954,0.8507,-0.15585,-0.84749,0.82095
-0.010236,0.0027875,0.0096893,0.00040691,0.94197,-0.29559,-0.92252,-1.2661,0.36541,0.7254,0.1406,0.53245,0.28246,-0.12969,0.72121,-0.78763,0.084836,0.48101,-1.7215,0.15585,0.80045,-0.10802,-0.58548,0.47838
-0.0087173,0.0011578,0.0064915,-0.00038992,1.173,-0.36431,-0.87784,-1.3269,0.40565,0.78046,0.14937,0.24926,0.40226,-0.2053,0.66921,-0.18023,0.093332,0.36711,-1.9374,0.1363,0.73092,-0.061773,-0.20179,0.22529
-0.0051343,0.00086464,0.0080392,0.00055065,1.3465,-0.36301,-0.72786,-1.3227,0.43448,0.81891,0.13791,0.00021626,0.33307,-0.26976,0.6437,0.39001,0.084494,0.19814,-2.0858,0.10317,0.63903,-0.031802,0.18558,-0.080366
-0.00067428,0.0016119,0.012139,0.00090173,1.379,-0.32791,-0.51794,-1.2448,0.44523,0.82667,0.11455,-0.13797,-0.18067,-0.32759,0.64243,0.95313,0.05838,-0.033882,-2.1198,0.05997,0.52389,-0.028662,0.48019,-0.54494
0.0023221,0.0023884,0.014442,-0.0013579,1.2417,-0.30988,-0.33089,-1.1157,0.43301,0.79341,0.083756,-0.13051,-1.0958,-0.38102,0.64238,1.5755,0.029176,-0.27398,-2.0038,0.020629,0.38307,-0.054868,0.64377,-1.1685
0.0021877,0.002676,0.01175,-0.0063944,0.98011,-0.33539,-0.23814,-0.96743,0.39848,0.71729,0.03897,-0.011134,-2.0643,-0.42612,0.61227,2.2412,0.014656,-0.43542,-1.7402,0.00063755,0.21622,-0.10355,0.70268,-1.8282
-0.00053492,0.0026887,0.0045062,-0.012225,0.69441,-0.3886,-0.25852,-0.81781,0.34849,0.60364,-0.036933,0.126,-2.6536,-0.45501,0.52836,2.7827,0.024374,-0.45843,-1.3788,0.006917,0.034475,-0.16038,0.72036,-2.3194
-0.0032493,0.0027111,-0.003314,-0.015912,0.49161,-0.427,-0.35112,-0.66123,0.29224,0.46069,-0.16093,0.1679,-2.6337,-0.46244,0.38519,2.9315,0.055101,-0.34995,-0.99686,0.033468,-0.13452,-0.20827,0.74983,-2.4411
-0.0032056,0.0025987,-0.0068581,-0.015538,0.43676,-0.41582,-0.44408,-0.48164,0.23562,0.29771,-0.33372,0.034582,-2.1142,-0.45116,0.19785,2.4684,0.095302,-0.17321,-0.66005,0.065407,-0.25465,-0.23291,0.79279,-2.0966
0.00035244,0.0021217,-0.0037326,-0.011658,0.52763,-0.35264,-0.47668,-0.27543,0.1785,0.12712,-0.5292,-0.28823,-1.4366,-0.43104,-0.0031438,1.3694,0.13335,0.002586,-0.39075,0.088099,-0.29945,-0.22691,0.79011,-1.3667
0.0056341,0.0016745,0.0043062,-0.0071785,0.70321,-0.26469,-0.42621,-0.064011,0.11748,-0.033609,-0.69993,-0.75005,-0.91881,-0.41228,-0.18175,-0.14986,0.16268,0.14905,-0.16415,0.095183,-0.26756,-0.19097,0.6518,-0.5098
0.0098628,0.0023257,0.012391,-0.005553,0.87869,-0.185,-0.30644,0.11535,0.051717,-0.16551,-0.79948,-1.2625,-0.65516,-0.39787,-0.30784,-1.7164,0.18141,0.28422,0.066816,0.090568,-0.18447,-0.13252,0.31123,0.13373
0.011574,0.0048992,0.015453,-0.0084151,0.98684,-0.12896,-0.1472,0.23422,-0.013514,-0.25696,-0.80962,-1.7331,-0.51156,-0.38193,-0.3669,-2.9518,0.18905,0.43612,0.33576,0.083683,-0.091398,-0.062809,-0.22701,0.29884
0.011575,0.0089436,0.010985,-0.014331,1.0042,-0.087914,0.0248,0.29373,-0.069116,-0.31137,-0.7543,-2.0909,-0.28682,-0.35606,-0.36439,-3.6029,0.18465,0.59951,0.6395,0.081437,-0.032698,0.0065987,-0.87394,-0.073501
0.011753,0.012733,1.2817e-005,-0.019714,0.9495,-0.039664,0.19058,0.32478,-0.10846,-0.34599,-0.68927,-2.3018,0.11319,-0.31884,-0.32246,-3.6,0.1678,0.72488,0.93886,0.082397,-0.050862,0.067059,-1.4864,-0.81753
0.01305,0.014507,-0.013959,-0.021387,0.85858,0.036212,0.33265,0.36729,-0.13201,-0.38052,-0.67235,-2.3736,0.62624,-0.27984,-0.27024,-3.0471,0.14063,0.74982,1.1789,0.077252,-0.18648,0.11474,-1.9252,-1.6534
0.014702,0.013915,-0.027049,-0.01892,0.75302,0.1487,0.43106,0.44422,-0.14576,-0.42309,-0.73287,-2.3502,1.12,-0.25318,-0.23212,-2.1766,0.10823,0.6467,1.3136,0.055516,-0.47175,0.14975,-2.1106,-2.3536
0.015496,0.012376,-0.036819,-0.014878,0.62341,0.29289,0.47049,0.54864,-0.15467,-0.46411,-0.85907,-2.2905,1.5084,-0.24426,-0.21987,-1.2894,0.077015,0.44895,1.3218,0.014037,-0.91209,0.17248,-2.0514,-2.851
0.01552,0.011985,-0.043021,-0.012678,0.43819,0.45132,0.45289,0.65159,-0.15675,-0.48318,-1.009,-2.2382,1.7868,-0.241,-0.23132,-0.67266,0.052787,0.23602,1.2082,-0.03875,-1.4666,0.17947,-1.8347,-3.2215
0.016237,0.013871,-0.047173,-0.013742,0.17197,0.59813,0.40274,0.72261,-0.1433,-0.4641,-1.1351,-2.1982,1.9676,-0.21902,-0.25439,-0.49953,0.04001,0.089131,0.99565,-0.08615,-2.048,0.16301,-1.589,-3.5741
0.018497,0.017335,-0.051364,-0.016252,-0.16591,0.70806,0.35663,0.74831,-0.10566,-0.40714,-1.2053,-2.1366,1.9977,-0.15976,-0.27292,-0.74437,0.042026,0.04902,0.71572,-0.11225,-2.5511,0.11645,-1.4368,-3.951
0.020616,0.020407,-0.056883,-0.016561,-0.52358,0.76922,0.34303,0.73858,-0.0431,-0.32997,-1.211,-2.0091,1.7499,-0.068545,-0.27171,-1.1725,0.060627,0.10198,0.40259,-0.11077,-2.8973,0.04256,-1.4572,-4.3204
0.018986,0.021297,-0.06332,-0.012018,-0.82766,0.79187,0.36711,0.72003,0.034442,-0.25798,-1.1642,-1.7963,1.1101,0.02277,-0.24028,-1.4367,0.094385,0.19912,0.088555,-0.088166,-3.0626,-0.041927,-1.671,-4.6587
0.01129,0.019626,-0.068627,-0.0028831,-1.0225,0.8046,0.41167,0.7229,0.11123,-0.2117,-1.0878,-1.5195,0.091019,0.073463,-0.17608,-1.2472,0.1372,0.29252,-0.20225,-0.059588,-3.0701,-0.11075,-2.0506,-5.0318
-0.00056193,0.016594,-0.070235,0.0081146,-1.1024,0.83779,0.45214,0.76809,0.17451,-0.19961,-1.0081,-1.224,-1.1167,0.060792,-0.086528,-0.52092,0.17932,0.36457,-0.46217,-0.041101,-2.9549,-0.14047,-2.5464,-5.587
-0.010904,0.014122,-0.06666,0.017873,-1.1153,0.90579,0.47315,0.85819,0.2209,-0.21875,-0.9453,-0.94315,-2.1969,-0.0029903,0.011962,0.57911,0.21119,0.43376,-0.70449,-0.043338,-2.7336,-0.12274,-3.1126,-6.4439
-0.014314,0.013652,-0.058637,0.024712,-1.1328,1.0014,0.47448,0.97541,0.25628,-0.25939,-0.90479,-0.67242,-2.8323,-0.075902,0.099464,1.7394,0.22782,0.53618,-0.95644,-0.069613,-2.4068,-0.067626,-3.7117,-7.5674
-0.009838,0.015318,-0.048951,0.02856,-1.2056,1.1062,0.46454,1.0888,0.28992,-0.30902,-0.87266,-0.37636,-2.8347,-0.11006,0.16079,2.6624,0.23028,0.69594,-1.2402,-0.11771,-1.9905,0.0044326,-4.2928,-8.7359
-0.0016989,0.017851,-0.040963,0.029976,-1.333,1.2063,0.44952,1.17,0.32762,-0.35436,-0.82184,-0.021513,-2.2234,-0.077731,0.19205,3.199,0.22307,0.90343,-1.5514,-0.1823,-1.5413,0.07617,-4.7643,-9.6464
0.0041439,0.019201,-0.036735,0.029369,-1.4675,1.298,0.42793,1.2092,0.36819,-0.38353,-0.72873,0.39043,-1.2262,0.016615,0.20098,3.3745,0.20955,1.1149,-1.8496,-0.25553,-1.1452,0.14252,-4.9922,-10.091
0.0045001,0.017652,-0.035959,0.027167,-1.5489,1.3807,0.39345,1.2197,0.40465,-0.39055,-0.59033,0.81594,-0.19943,0.14315,0.20044,3.3156,0.18937,1.2728,-2.0692,-0.32606,-0.86991,0.20933,-4.8493,-10.072
0.00069733,0.01295,-0.036417,0.024301,-1.5448,1.4429,0.34157,1.2239,0.4281,-0.38018,-0.42872,1.1941,0.5111,0.26514,0.1995,3.1483,0.15971,1.3339,-2.1446,-0.37866,-0.72004,0.28434,-4.2922,-9.7713
-0.0034812,0.0067985,-0.035592,0.021983,-1.4682,1.4594,0.27361,1.2288,0.4317,-0.36826,-0.27876,1.4829,0.71579,0.35688,0.19893,2.9463,0.1189,1.2885,-2.0342,-0.39669,-0.63541,0.36851,-3.4143,-9.3886
-0.0052839,0.0021162,-0.032288,0.020746,-1.3623,1.4028,0.19611,1.2108,0.41304,-0.37498,-0.16751,1.6802,0.4591,0.41256,0.19457,2.7465,0.068915,1.1604,-1.7313,-0.36732,-0.53908,0.45487,-2.4202,-8.9856
-0.0046675,0.0012482,-0.027157,0.019823,-1.2664,1.2631,0.11867,1.1281,0.37523,-0.41332,-0.10052,1.8156,-0.025465,0.44431,0.18542,2.5923,0.014682,0.99109,-1.2601,-0.28765,-0.3965,0.53471,-1.524,-8.4479
-0.0031811,0.0042591,-0.021883,0.017872,-1.1887,1.0585,0.053017,0.95532,0.32667,-0.48026,-0.062991,1.9223,-0.46478,0.47248,0.17821,2.5465,-0.038406,0.82018,-0.66974,-0.16835,-0.2359,0.6052,-0.83613,-7.602
-0.0018774,0.0087023,-0.017735,0.014622,-1.1068,0.82916,0.01285,0.71493,0.27912,-0.55719,-0.031407,2.0114,-0.70366,0.51283,0.18264,2.6522,-0.086195,0.67223,-0.031597,-0.032412,-0.113,0.67122,-0.32421,-6.3892
-0.00063057,0.011253,-0.014587,0.011886,-0.99348,0.6177,0.010666,0.47644,0.24338,-0.62012,0.014665,2.0681,-0.76126,0.56662,0.20018,2.8827,-0.12537,0.55384,0.56439,0.091306,-0.052671,0.73955,0.12145,-4.9604
0.00071588,0.010039,-0.011038,0.01272,-0.84698,0.45048,0.05069,0.31726,0.22388,-0.65345,0.086897,2.0722,-0.75438,0.61876,0.21661,3.1349,-0.15248,0.45819,1.0277,0.17815,-0.020784,0.80995,0.56904,-3.6132
0.0011194,0.0058224,-0.0053716,0.01918,-0.69987,0.33138,0.12239,0.27102,0.21529,-0.65835,0.18661,2.0234,-0.76419,0.64597,0.20781,3.2844,-0.16461,0.37218,1.3021,0.21719,0.04796,0.87026,0.97333,-2.6179
-0.0011689,0.0011406,0.0033767,0.030444,-0.59828,0.25074,0.20161,0.30329,0.2044,-0.65063,0.30334,1.9517,-0.76662,0.63119,0.15728,3.2615,-0.16178,0.28389,1.3991,0.21556,0.19081,0.90014,1.2115,-2.0631
-0.0066266,-0.0017366,0.014843,0.042821,-0.56415,0.20046,0.26191,0.33645,0.17728,-0.64977,0.41468,1.9015,-0.68201,0.57485,0.071941,3.0841,-0.14849,0.18924,1.4015,0.19437,0.37884,0.88136,1.1954,-1.832
-0.013128,-0.0022525,0.027342,0.051671,-0.56816,0.18279,0.29006,0.30739,0.12782,-0.66673,0.49306,1.8999,-0.4855,0.49531,-0.018354,2.8204,-0.1319,0.096267,1.4214,0.17758,0.53276,0.80839,0.96092,-1.718
-0.017055,-0.0013642,0.038238,0.053893,-0.53511,0.20597,0.29481,0.21553,0.062176,-0.69795,0.52065,1.9328,-0.26258,0.4177,-0.080078,2.5174,-0.1173,0.023263,1.5349,0.17952,0.57823,0.69227,0.65561,-1.5791
-0.016259,-0.00023207,0.044662,0.049395,-0.38214,0.27039,0.30179,0.12518,-0.0041909,-0.72892,0.50371,1.9482,-0.14979,0.35953,-0.10011,2.1641,-0.10481,-0.010694,1.7374,0.19883,0.49454,0.55589,0.43482,-1.4136
-0.012242,0.00079404,0.04463,0.040809,-0.067096,0.3569,0.33777,0.1211,-0.054862,-0.74402,0.47312,1.8862,-0.21363,0.32343,-0.094855,1.722,-0.090652,0.00031916,1.9547,0.22231,0.32056,0.42373,0.3545,-1.3087
-0.0092665,0.0020561,0.038344,0.031837,0.38366,0.42802,0.41537,0.25098,-0.080917,-0.73618,0.46598,1.716,-0.3837,0.30095,-0.095788,1.1915,-0.072456,0.03916,2.1028,0.23541,0.12099,0.31246,0.34913,-1.3204
-0.010831,0.0037661,0.028731,0.025243,0.88674,0.44356,0.52882,0.49606,-0.084173,-0.71035,0.49942,1.455,-0.50609,0.28287,-0.12248,0.64608,-0.053798,0.06784,2.1502,0.23126,-0.05434,0.22678,0.30499,-1.3932
-0.016433,0.0055313,0.020283,0.021607,1.3455,0.38158,0.6617,0.78766,-0.073934,-0.67935,0.55666,1.1563,-0.47075,0.26646,-0.16556,0.19263,-0.043639,0.043039,2.1345,0.2119,-0.18809,0.16139,0.15858,-1.3869
-0.021579,0.0067221,0.016357,0.019485,1.698,0.25047,0.79829,1.0532,-0.060257,-0.6552,0.59763,0.87516,-0.29819,0.25448,-0.19436,-0.11054,-0.050636,-0.063374,2.124,0.18258,-0.28679,0.10636,-0.062823,-1.1837
-0.021298,0.0071696,0.016762,0.016815,1.9384,0.084058,0.928,1.2572,-0.048474,-0.64134,0.58714,0.63926,-0.11117,0.2483,-0.18305,-0.30432,-0.077014,-0.25157,2.1608,0.14557,-0.36396,0.052725,-0.28135,-0.78249
-0.014326,0.0073483,0.017883,0.012617,2.1003,-0.077139,1.0405,1.4109,-0.037955,-0.63017,0.51904,0.44174,-0.023587,0.24235,-0.13283,-0.49548,-0.11701,-0.49686,2.2349,0.099724,-0.43146,-0.0035193,-0.43936,-0.30358
-0.0044339,0.0078373,0.015793,0.007747,2.2169,-0.20617,1.1186,1.5513,-0.024682,-0.60665,0.41819,0.26144,-0.050671,0.22543,-0.070687,-0.76045,-0.16065,-0.76557,2.3041,0.045588,-0.49827,-0.059475,-0.53332,0.098603
0.0023071,0.0086889,0.010081,0.0041491,2.2902,-0.29905,1.1399,1.7085,-0.0049331,-0.55567,0.3205,0.091057,-0.11654,0.18794,-0.025068,-1.0664,-0.19892,-1.0317,2.3359,-0.0099498,-0.56654,-0.10586,-0.58888,0.34041
0.0021492,0.0094247,0.0049069,0.0032286,2.2939,-0.37003,1.0897,1.888,0.022517,-0.46925,0.24849,-0.050178,-0.14002,0.12903,0.00099158,-1.2802,-0.22587,-1.2823,2.3284,-0.055035,-0.62238,-0.1306,-0.61493,0.45072
-0.0035622,0.0096494,0.0058406,0.0047378,2.2059,-0.43889,0.97562,2.0739,0.056396,-0.35028,0.20186,-0.12927,-0.10998,0.057999,0.036153,-1.2635,-0.23715,-1.5087,2.2947,-0.079976,-0.63295,-0.12516,-0.5888,0.52446
-0.0096232,0.0095733,0.014832,0.0071229,2.0423,-0.52026,0.8308,2.2481,0.094132,-0.21172,0.1679,-0.12614,-0.080328,-0.011351,0.12023,-0.97957,-0.22832,-1.6916,2.2366,-0.08409,-0.56184,-0.090786,-0.48546,0.63487
-0.011043,0.0098476,0.027743,0.0089145,1.8595,-0.61993,0.6992,2.4054,0.13284,-0.072156,0.13953,-0.050961,-0.097214,-0.069165,0.27271,-0.52668,-0.19663,-1.7945,2.1387,-0.076263,-0.39852,-0.040446,-0.31491,0.77815
-0.0065697,0.010899,0.036986,0.0097348,1.7182,-0.73588,0.61164,2.5531,0.16953,0.049833,0.12376,0.062114,-0.136,-0.11467,0.47472,-0.072873,-0.14533,-1.7707,1.9912,-0.068645,-0.17892,0.0061306,-0.12429,0.88892
0.0010225,0.012487,0.037375,0.0098958,1.6357,-0.85946,0.57042,2.6982,0.20075,0.14034,0.1339,0.17729,-0.11201,-0.15428,0.67725,0.2525,-0.085805,-1.5843,1.8116,-0.0686,0.02408,0.032265,0.039572,0.90374
0.0076916,0.013907,0.030242,0.0090606,1.567,-0.97533,0.55379,2.8325,0.22264,0.19259,0.17462,0.27412,0.044261,-0.19417,0.82797,0.42573,-0.033563,-1.2319,1.6329,-0.075025,0.13906,0.032856,0.16782,0.81511
0.011318,0.014529,0.022253,0.0055651,1.4343,-1.064,0.53565,2.931,0.23141,0.20731,0.23451,0.34458,0.31828,-0.23256,0.89647,0.51106,0.00027527,-0.75584,1.4608,-0.081123,0.13693,0.015688,0.2867,0.67481
0.012687,0.014045,0.019912,-0.0024976,1.1834,-1.1102,0.50331,2.9637,0.22464,0.19168,0.29338,0.3771,0.61301,-0.25772,0.88202,0.58779,0.015571,-0.23966,1.2416,-0.080728,0.043761,-0.0053686,0.41611,0.55193
0.013873,0.0123,0.024452,-0.015113,0.82323,-1.1141,0.45897,2.9117,0.2025,0.1574,0.33742,0.34932,0.81927,-0.25364,0.80312,0.69019,0.021991,0.21335,0.88067,-0.073309,-0.082778,-0.020119,0.53448,0.48547
0.015897,0.0091983,0.031323,-0.02913,0.41544,-1.0966,0.40576,2.7718,0.16867,0.11793,0.36897,0.24273,0.89256,-0.21034,0.68057,0.80353,0.030625,0.51125,0.30882,-0.064683,-0.1929,-0.027533,0.59216,0.4675
0.017902,0.0051022,0.034408,-0.039499,0.026502,-1.0909,0.33346,2.5469,0.13001,0.084823,0.40296,0.068328,0.87177,-0.13206,0.52647,0.90193,0.045245,0.60342,-0.45498,-0.063954,-0.26904,-0.033424,0.56593,0.46196
0.018334,0.0013583,0.031142,-0.042344,-0.31436,-1.1235,0.21937,2.2297,0.094752,0.064202,0.45433,-0.124,0.83002,-0.037689,0.34444,0.98005,0.060526,0.49711,-1.2972,-0.079172,-0.32009,-0.043177,0.50093,0.4362
0.016702,9.3197e-005,0.024346,-0.037507,-0.61452,-1.1957,0.045234,1.7989,0.069657,0.055263,0.52721,-0.26849,0.80654,0.047604,0.13762,1.0488,0.068412,0.25302,-2.0663,-0.11396,-0.35765,-0.056115,0.49027,0.3795
0.014078,0.0029197,0.019654,-0.02849,-0.88009,-1.2802,-0.18365,1.2361,0.057406,0.052231,0.61386,-0.32557,0.78042,0.10471,-0.082031,1.1095,0.066744,-0.03854,-2.6465,-0.16576,-0.37966,-0.066153,0.60008,0.30072
0.011925,0.0094245,0.021054,-0.019845,-1.0831,-1.3372,-0.43484,0.55536,0.055884,0.049217,0.70197,-0.30828,0.70464,0.12935,-0.28871,1.1448,0.062439,-0.29046,-2.9937,-0.22551,-0.37592,-0.067706,0.80363,0.21483
0.010576,0.016915,0.028101,-0.014195,-1.1724,-1.3417,-0.66548,-0.1783,0.05995,0.044985,0.78267,-0.26857,0.56393,0.13179,-0.44538,1.1412,0.066517,-0.44579,-3.1176,-0.27856,-0.34651,-0.061341,0.98875,0.13198
0.0090277,0.02204,0.036468,-0.011202,-1.1238,-1.3041,-0.84786,-0.86062,0.064673,0.044136,0.85328,-0.25322,0.40176,0.12798,-0.51466,1.1206,0.085336,-0.48811,-3.0449,-0.30799,-0.31171,-0.054125,1.0406,0.054335
0.0063014,0.023163,0.040778,-0.0089836,-0.98212,-1.268,-0.9846,-1.3886,0.067797,0.053567,0.91457,-0.26654,0.29222,0.12804,-0.47459,1.1413,0.11537,-0.4343,-2.8038,-0.30042,-0.30095,-0.054359,0.93449,-0.021868
0.0029922,0.021462,0.037339,-0.0063834,-0.84806,-1.2842,-1.1024,-1.7074,0.069793,0.076769,0.9671,-0.27201,0.28253,0.12962,-0.33127,1.2574,0.1456,-0.31828,-2.4386,-0.25289,-0.32976,-0.065173,0.75981,-0.10198
0.0012364,0.019651,0.025293,-0.0039952,-0.81097,-1.3741,-1.2291,-1.8341,0.071796,0.11042,1.0098,-0.23004,0.35636,0.12006,-0.11924,1.4681,0.16528,-0.17659,-2.0226,-0.17633,-0.38616,-0.082251,0.65417,-0.18651
0.0028404,0.019417,0.0062712,-0.0032139,-0.87878,-1.5042,-1.3714,-1.8409,0.073436,0.14599,1.0405,-0.13742,0.44799,0.08514,0.11326,1.7043,0.17107,-0.042289,-1.6377,-0.091792,-0.43986,-0.097332,0.69993,-0.26352
0.0072159,0.019909,-0.016455,-0.0044774,-0.96612,-1.5915,-1.5073,-1.8091,0.072426,0.175,1.0569,-0.033297,0.49299,0.01836,0.32645,1.8688,0.1684,0.054417,-1.3279,-0.019629,-0.46673,-0.10438,0.86537,-0.30537
0.011255,0.01881,-0.038665,-0.0064956,-0.95462,-1.5402,-1.5965,-1.7808,0.066041,0.19374,1.0561,0.032111,0.47313,-0.075082,0.50426,1.9008,0.1669,0.085762,-1.0665,0.032396,-0.46736,-0.10341,1.0322,-0.27677
0.011677,0.015048,-0.055885,-0.0071963,-0.77874,-1.2894,-1.6007,-1.7398,0.052955,0.20397,1.0345,0.036926,0.42196,-0.18049,0.65239,1.8124,0.17328,0.031782,-0.7731,0.073406,-0.46366,-0.099303,1.0814,-0.15394
0.0080216,0.010524,-0.064454,-0.0054377,-0.46949,-0.84576,-1.4988,-1.6324,0.033981,0.2099,0.9905,0.00041461,0.39309,-0.27913,0.78215,1.6703,0.18677,-0.10908,-0.37162,0.12184,-0.47766,-0.097113,0.96783,0.056379
0.0035415,0.0089762,-0.062868,-0.0018432,-0.1261,-0.27946,-1.2909,-1.4137,0.011712,0.21458,0.92773,-0.039473,0.4206,-0.35304,0.89388,1.541,0.19965,-0.31119,0.15527,0.19051,-0.51173,-0.097971,0.73185,0.31335
0.0028279,0.012693,-0.052649,0.0019866,0.15377,0.31166,-0.99284,-1.087,-0.0099306,0.21893,0.85668,-0.061007,0.49978,-0.3884,0.97359,1.4464,0.20231,-0.52345,0.7578,0.27507,-0.54756,-0.098678,0.45011,0.56012
0.0078664,0.019968,-0.037922,0.0050554,0.32545,0.84841,-0.62904,-0.70999,-0.025807,0.22329,0.79262,-0.074507,0.59349,-0.37854,1.0043,1.3621,0.18944,-0.68505,1.3571,0.35515,-0.56357,-0.094737,0.17195,0.75364
0.015856,0.025783,-0.023614,0.0077759,0.39656,1.2988,-0.22811,-0.36432,-0.03022,0.2292,0.74987,-0.10731,0.64944,-0.32758,0.98088,1.2518,0.16327,-0.74995,1.8928,0.40753,-0.55469,-0.083967,-0.10778,0.88701
0.020919,0.025478,-0.013184,0.011228,0.39122,1.6761,0.17774,-0.10937,-0.019121,0.23888,0.73524,-0.17367,0.61508,-0.25232,0.91431,1.1033,0.13194,-0.70803,2.3419,0.42179,-0.53678,-0.06794,-0.42164,0.99081
0.01862,0.018457,-0.0072727,0.015653,0.32324,2.0135,0.55416,0.044804,0.0068705,0.25299,0.74414,-0.25585,0.45035,-0.17898,0.82191,0.93559,0.10397,-0.59128,2.7032,0.40662,-0.53221,-0.050645,-0.77238,1.1156
0.0096914,0.0088049,-0.0041592,0.019757,0.20271,2.3362,0.87044,0.12813,0.041224,0.26927,0.76124,-0.30985,0.14523,-0.13394,0.71241,0.77786,0.082646,-0.46092,2.9711,0.38255,-0.5493,-0.035975,-1.0913,1.3093
-0.0001921,0.0022128,-0.0016871,0.021613,0.059449,2.6479,1.109,0.1754,0.074067,0.28373,0.76561,-0.28883,-0.26201,-0.13261,0.57938,0.64274,0.064259,-0.38107,3.1271,0.36735,-0.57298,-0.026074,-1.248,1.6029
-0.0046151,0.0017156,0.00079539,0.020392,-0.051454,2.9348,1.2741,0.19685,0.097595,0.29363,0.73848,-0.16685,-0.6851,-0.17303,0.40915,0.51845,0.04139,-0.39123,3.1532,0.36518,-0.57427,-0.021406,-1.1141,2.0061
-0.0013318,0.0057076,0.0020324,0.01725,-0.077137,3.1785,1.3931,0.18013,0.1104,0.29883,0.67092,0.048602,-1.0237,-0.23774,0.1963,0.38191,0.0087805,-0.48978,3.0498,0.36678,-0.53091,-0.021927,-0.64441,2.5059
0.0060474,0.0097153,0.00035782,0.014489,-0.0061712,3.3654,1.5064,0.1205,0.11712,0.3001,0.56799,0.31757,-1.2183,-0.30185,-0.046256,0.21607,-0.032424,-0.63617,2.8379,0.35893,-0.4434,-0.028146,0.075867,3.063
0.010969,0.010229,-0.0041623,0.013748,0.11617,3.4871,1.6474,0.049831,0.12362,0.29617,0.44671,0.57947,-1.2866,-0.34174,-0.29086,0.014651,-0.07492,-0.77122,2.547,0.33492,-0.33528,-0.041207,0.85278,3.6087
0.0091283,0.0073004,-0.0089074,0.014913,0.21238,3.5338,1.8228,0.033717,0.13176,0.28311,0.32807,0.77372,-1.3019,-0.34014,-0.50921,-0.22666,-0.10943,-0.84668,2.201,0.29824,-0.23871,-0.06196,1.4665,4.054
0.0017975,0.0039128,-0.010186,0.016717,0.21894,3.4899,2.005,0.13311,0.13855,0.25781,0.22725,0.86415,-1.323,-0.28757,-0.68601,-0.51835,-0.12963,-0.84913,1.8168,0.25817,-0.17642,-0.089568,1.7678,4.3147
-0.0053122,0.0030307,-0.0060084,0.018304,0.12009,3.3383,2.1448,0.35872,0.14007,0.22282,0.14824,0.85587,-1.3277,-0.18225,-0.82223,-0.87029,-0.13481,-0.8046,1.4117,0.22227,-0.15238,-0.12052,1.7312,4.3449
-0.0066705,0.0051224,0.0021534,0.020118,-0.052495,3.0702,2.1988,0.65487,0.13662,0.18746,0.086684,0.79142,-1.2155,-0.029578,-0.92674,-1.2705,-0.12913,-0.76031,1.008,0.19193,-0.15589,-0.14892,1.4402,4.1608
-0.0012764,0.0082126,0.010248,0.023132,-0.24855,2.6955,2.1544,0.92697,0.13393,0.16312,0.038995,0.72382,-0.88863,0.15967,-1.0035,-1.6645,-0.11898,-0.75473,0.62651,0.16355,-0.17383,-0.16832,1.0239,3.8368
0.0067101,0.010041,0.01457,0.027237,-0.43269,2.2434,2.034,1.0925,0.13904,0.15573,0.010481,0.68289,-0.35153,0.37235,-1.0442,-1.9556,-0.11018,-0.79587,0.27491,0.13269,-0.20053,-0.17451,0.59194,3.4715
0.011447,0.010064,0.014355,0.030517,-0.60038,1.7526,1.8756,1.119,0.15451,0.16186,0.015388,0.65944,0.26067,0.59479,-1.0323,-2.0319,-0.10635,-0.86249,-0.054776,0.096964,-0.23782,-0.16774,0.2085,3.143
0.010083,0.0094748,0.011931,0.030444,-0.76964,1.2571,1.7031,1.0277,0.17621,0.17183,0.067797,0.62008,0.76195,0.81028,-0.95505,-1.8139,-0.10846,-0.92578,-0.37411,0.055406,-0.28582,-0.15258,-0.094909,2.8766
0.0048286,0.0095484,0.010428,0.026065,-0.9571,0.77692,1.5129,0.86747,0.197,0.17749,0.16972,0.54062,1.0488,0.99359,-0.81606,-1.2966,-0.11528,-0.97388,-0.68078,0.0059452,-0.33263,-0.13535,-0.29361,2.6459
0.00083323,0.010212,0.011088,0.01916,-1.155,0.3211,1.286,0.68739,0.21305,0.17806,0.30544,0.43053,1.1795,1.1096,-0.63881,-0.56439,-0.12441,-1.0201,-0.95313,-0.055747,-0.35216,-0.12058,-0.36238,2.4039
0.0017669,0.010319,0.012429,0.013063,-1.3237,-0.10369,1.0167,0.52331,0.2274,0.17949,0.44663,0.32935,1.3293,1.1231,-0.45829,0.23764,-0.13369,-1.0897,-1.1647,-0.13446,-0.31336,-0.10923,-0.29296,2.1227
0.0068268,0.0092203,0.011766,0.0099685,-1.4045,-0.48694,0.73218,0.39875,0.24725,0.18839,0.56497,0.28168,1.6502,1.0178,-0.30493,0.96585,-0.14225,-1.1969,-1.3085,-0.23194,-0.19521,-0.099908,-0.11617,1.8146
0.011617,0.0078572,0.0075842,0.0090624,-1.3493,-0.81785,0.48193,0.32551,0.27724,0.20631,0.644,0.31549,2.1434,0.8128,-0.19072,1.5434,-0.15054,-1.3285,-1.4067,-0.34421,0.0027404,-0.091839,0.098693,1.5196
0.012044,0.0081545,0.00071597,0.0072371,-1.1478,-1.0945,0.30391,0.29743,0.31439,0.22892,0.68338,0.44226,2.6422,0.56164,-0.10683,1.9894,-0.15882,-1.4449,-1.4926,-0.46087,0.26119,-0.086759,0.27573,1.2694
0.0078409,0.01124,-0.006506,0.0019293,-0.83886,-1.328,0.19439,0.28604,0.34904,0.25007,0.69485,0.67276,2.9176,0.32998,-0.034469,2.3893,-0.16502,-1.4946,-1.5703,-0.56598,0.55078,-0.087616,0.37565,1.0537
0.0027585,0.016209,-0.012159,-0.0063702,-0.49406,-1.5351,0.10765,0.25042,0.37111,0.26675,0.69414,1.0231,2.8259,0.16581,0.038376,2.8226,-0.16351,-1.4324,-1.5845,-0.63968,0.84172,-0.095156,0.41674,0.81403
0.001332,0.020601,-0.015954,-0.014214,-0.18517,-1.7229,-0.011868,0.16086,0.37658,0.28074,0.69404,1.4934,2.3986,0.081617,0.10632,3.2955,-0.14652,-1.2362,-1.4277,-0.66156,1.1059,-0.10559,0.45371,0.4709
0.0050697,0.022146,-0.018845,-0.017938,0.045809,-1.8813,-0.18955,0.01875,0.36935,0.29644,0.70127,2.0311,1.8211,0.059573,0.15019,3.7268,-0.10799,-0.91573,-0.9927,-0.61736,1.3134,-0.11184,0.52654,-0.030625
0.011293,0.020287,-0.021634,-0.016721,0.19469,-1.9901,-0.40402,-0.14579,0.3575,0.31745,0.71664,2.517,1.3257,0.072311,0.1526,3.9964,-0.047855,-0.51265,-0.24208,-0.50796,1.4335,-0.10773,0.61746,-0.68355
0.0155,0.016342,-0.024045,-0.013274,0.27975,-2.0378,-0.60558,-0.29898,0.34755,0.34456,0.73698,2.8021,1.068,0.10043,0.11371,4.0181,0.026541,-0.087745,0.74975,-0.35525,1.4469,-0.09175,0.65181,-1.4078
0.015108,0.012408,-0.025152,-0.011527,0.31897,-2.0355,-0.75247,-0.43048,0.34111,0.37585,0.75742,2.7877,1.0536,0.13398,0.054935,3.7794,0.10353,0.30187,1.8122,-0.19821,1.3629,-0.067556,0.54732,-2.0684
0.011363,0.0099739,-0.024671,-0.013292,0.31966,-2.0131,-0.83513,-0.55942,0.33571,0.40764,0.7731,2.4958,1.1446,0.16199,0.0069934,3.321,0.17312,0.62516,2.7459,-0.077103,1.2265,-0.04096,0.27869,-2.5134
0.0079116,0.0091731,-0.023726,-0.016794,0.28601,-1.9976,-0.87118,-0.71497,0.32799,0.4352,0.78016,2.0722,1.1402,0.16573,-0.0091039,2.6808,0.23184,0.88459,3.4032,-0.013373,1.1006,-0.016261,-0.089542,-2.6184
0.0074595,0.0089408,-0.024248,-0.018275,0.23185,-1.9935,-0.88054,-0.90985,0.31599,0.45335,0.77617,1.707,0.89206,0.12647,0.0062684,1.8584,0.28271,1.1031,3.7356,0.0014988,1.0322,0.0054,-0.42794,-2.3279
0.0094707,0.0077896,-0.027459,-0.015219,0.18057,-1.9801,-0.86619,-1.1301,0.2993,0.45775,0.76058,1.5213,0.39597,0.042605,0.035515,0.83453,0.33068,1.3008,3.7886,-0.0012244,1.0245,0.025098,-0.60946,-1.6802
0.010813,0.0047467,-0.032811,-0.0083795,0.14871,-1.9302,-0.81777,-1.3475,0.27792,0.4469,0.73534,1.4989,-0.19474,-0.06105,0.05969,-0.37004,0.37739,1.4814,3.6573,0.010386,1.0383,0.044188,-0.57421,-0.80634
0.0086598,4.4332e-005,-0.038321,-0.00098952,0.12846,-1.8339,-0.73279,-1.5402,0.25174,0.42321,0.70421,1.5113,-0.653,-0.14383,0.072635,-1.6489,0.41957,1.638,3.4363,0.04735,1.0247,0.063117,-0.35065,0.10594
0.0030847,-0.0047906,-0.041969,0.0039546,0.089502,-1.7069,-0.63313,-1.7018,0.22105,0.39178,0.66972,1.4185,-0.81533,-0.17472,0.082131,-2.8219,0.45176,1.769,3.1926,0.094453,0.96449,0.081249,-0.024567,0.87429
-0.0028393,-0.0076452,-0.04297,0.005886,0.003567,-1.5767,-0.5597,-1.8327,0.18711,0.35702,0.6287,1.1679,-0.68378,-0.15355,0.098656,-3.7008,0.46987,1.8845,2.9625,0.12439,0.88114,0.096896,0.3176,1.3855
-0.0054623,-0.0071095,-0.041933,0.0066313,-0.12734,-1.4593,-0.5482,-1.9277,0.15168,0.31929,0.57057,0.82141,-0.41896,-0.11128,0.1234,-4.168,0.47164,1.9909,2.7619,0.11918,0.81815,0.1072,0.63187,1.6271
-0.0034882,-0.0035842,-0.039918,0.0085813,-0.26469,-1.3478,-0.60609,-1.9752,0.11582,0.27422,0.48182,0.497,-0.22717,-0.088851,0.14745,-4.2195,0.45377,2.0691,2.5929,0.081711,0.79843,0.10853,0.92249,1.6701
0.00093706,0.00071252,-0.037274,0.012934,-0.35693,-1.2226,-0.70901,-1.97,0.079059,0.21566,0.35583,0.27914,-0.22564,-0.11127,0.16326,-3.9541,0.41021,2.0718,2.4487,0.029631,0.8008,0.098116,1.2146,1.6122
0.0038119,0.0031161,-0.03319,0.019356,-0.37427,-1.0751,-0.81762,-1.9251,0.039916,0.14062,0.20106,0.16701,-0.38575,-0.17548,0.17715,-3.5236,0.3357,1.9521,2.3211,-0.0204,0.77473,0.076166,1.5176,1.5225
0.0023027,0.0023932,-0.026333,0.026756,-0.32522,-0.92244,-0.8994,-1.8675,-0.0025898,0.053075,0.039783,0.092729,-0.58659,-0.25818,0.20976,-3.0699,0.23342,1.7077,2.2108,-0.063216,0.68267,0.046769,1.8046,1.4215
-0.0030998,-0.00041239,-0.016158,0.033949,-0.2417,-0.7989,-0.93903,-1.8173,-0.047757,-0.036109,-0.10382,-0.018611,-0.72053,-0.33415,0.28147,-2.6735,0.12012,1.4011,2.1301,-0.10212,0.53576,0.016247,2.0196,1.3069
-0.0089259,-0.0030356,-0.0039869,0.039606,-0.14707,-0.72793,-0.93398,-1.7696,-0.093214,-0.11337,-0.21842,-0.20279,-0.75784,-0.39006,0.39394,-2.325,0.022348,1.1342,2.0879,-0.13787,0.39282,-0.010199,2.1059,1.1965
-0.011342,-0.0041283,0.007068,0.042161,-0.036472,-0.69729,-0.88563,-1.6937,-0.13585,-0.16877,-0.31181,-0.45749,-0.72893,-0.42619,0.52361,-1.9327,-0.036088,0.98883,2.0636,-0.16234,0.32135,-0.031292,2.0383,1.1444
-0.0090917,-0.0044681,0.013561,0.040504,0.11312,-0.65791,-0.79714,-1.5563,-0.17275,-0.20093,-0.40315,-0.77669,-0.66468,-0.44996,0.6338,-1.3731,-0.046987,0.97348,1.9914,-0.1638,0.34917,-0.050188,1.8396,1.2106
-0.0045045,-0.0059084,0.013786,0.035204,0.3128,-0.55123,-0.679,-1.3479,-0.20135,-0.21771,-0.50723,-1.1761,-0.56718,-0.47007,0.69722,-0.57384,-0.021361,1.0177,1.7746,-0.13842,0.44299,-0.072898,1.5711,1.4036
-0.0017174,-0.0089444,0.0089915,0.028897,0.53945,-0.34743,-0.55283,-1.093,-0.21925,-0.23158,-0.62321,-1.6802,-0.43802,-0.49526,0.71188,0.41053,0.019318,1.0179,1.3309,-0.095797,0.52956,-0.10609,1.3028,1.6478
-0.0033648,-0.011415,0.0026405,0.024907,0.74195,-0.067949,-0.44501,-0.83532,-0.22395,-0.25154,-0.73621,-2.2794,-0.32059,-0.5341,0.69917,1.383,0.057658,0.90258,0.64156,-0.052463,0.54259,-0.15524,1.0793,1.8105
-0.0082946,-0.010057,-0.0019293,0.024927,0.87171,0.22502,-0.37239,-0.61028,-0.21319,-0.27544,-0.82925,-2.8965,-0.29419,-0.59123,0.68683,2.0801,0.089745,0.67483,-0.22839,-0.018815,0.46084,-0.22276,0.90341,1.7786
-0.012216,-0.003796,-0.0036643,0.027772,0.91194,0.46642,-0.33155,-0.42611,-0.18544,-0.28746,-0.89455,-3.3939,-0.41074,-0.66076,0.69067,2.3096,0.12299,0.40638,-1.1543,0.0080012,0.3117,-0.30575,0.74553,1.5308
-0.010973,0.0044163,-0.0039585,0.030515,0.88189,0.62881,-0.30189,-0.26741,-0.1406,-0.26381,-0.93519,-3.628,-0.63338,-0.72375,0.70793,2.0648,0.16542,0.19381,-2.0095,0.038198,0.14254,-0.39432,0.57022,1.1487
-0.0040224,0.0094858,-0.004619,0.031143,0.814,0.73754,-0.26088,-0.11584,-0.080959,-0.18546,-0.95783,-3.5187,-0.84455,-0.75567,0.72429,1.53,0.21569,0.1073,-2.7222,0.075406,-0.014619,-0.47304,0.36273,0.75754
0.0046466,0.0085125,-0.0053998,0.030402,0.72512,0.84978,-0.19903,0.029542,-0.012246,-0.052035,-0.96485,-3.0943,-0.92765,-0.74092,0.72634,0.95894,0.2619,0.16075,-3.2985,0.10752,-0.15844,-0.52643,0.13932,0.44159
0.0090608,0.0036531,-0.0033824,0.031167,0.60725,1.0113,-0.12234,0.14832,0.056062,0.11201,-0.95357,-2.4843,-0.85211,-0.68402,0.70864,0.50643,0.28929,0.31331,-3.7959,0.11166,-0.30691,-0.54667,-0.06013,0.19973
0.0055519,0.00055346,0.0050297,0.035882,0.4451,1.2206,-0.041117,0.21321,0.1126,0.26494,-0.92204,-1.8635,-0.68524,-0.60779,0.67153,0.13423,0.29028,0.49368,-4.2617,0.070939,-0.47495,-0.53824,-0.18799,-0.030504
-0.0043749,0.003428,0.020998,0.044327,0.24349,1.4253,0.043563,0.21099,0.14842,0.36712,-0.87452,-1.379,-0.52193,-0.53864,0.61398,-0.33605,0.26888,0.63171,-4.6753,-0.0093484,-0.66268,-0.51579,-0.20335,-0.30733
-0.014823,0.011172,0.041552,0.053544,0.038674,1.5516,0.14289,0.15379,0.16171,0.40149,-0.82097,-1.1003,-0.40122,-0.48941,0.52922,-1.064,0.23671,0.68439,-4.9366,-0.098827,-0.86143,-0.49551,-0.082774,-0.63655
-0.019514,0.018159,0.06076,0.059841,-0.11788,1.5475,0.26956,0.073014,0.15931,0.38185,-0.77173,-1.0182,-0.28778,-0.45219,0.40708,-2.049,0.20453,0.64945,-4.9174,-0.15578,-1.0656,-0.48519,0.1689,-0.97772
-0.016171,0.019097,0.073016,0.061095,-0.19051,1.408,0.42274,0.0010298,0.15288,0.34253,-0.73292,-1.0831,-0.12939,-0.40559,0.241,-3.1128,0.17581,0.56356,-4.5487,-0.14955,-1.2725,-0.47927,0.50765,-1.2904
-0.0080556,0.013562,0.076159,0.05763,-0.17932,1.1698,0.58223,-0.04666,0.15155,0.31597,-0.70629,-1.2483,0.0737,-0.32982,0.034433,-4.0084,0.14643,0.48405,-3.8827,-0.077842,-1.4648,-0.46157,0.84842,-1.5728
-0.0014771,0.0060999,0.072382,0.051404,-0.11375,0.88468,0.71717,-0.077611,0.15598,0.31382,-0.69101,-1.4856,0.26048,-0.2182,-0.19713,-4.5578,0.10937,0.45931,-3.0817,0.031304,-1.5934,-0.41369,1.0842,-1.8556
-0.0010901,0.0019812,0.066552,0.044597,-0.028077,0.59362,0.80219,-0.11484,0.15846,0.32443,-0.68336,-1.7655,0.36987,-0.078397,-0.42894,-4.7115,0.060191,0.50008,-2.3334,0.13364,-1.5826,-0.32396,1.1261,-2.1564
-0.0065263,0.0026352,0.063214,0.038769,0.057961,0.32101,0.82856,-0.18187,0.14906,0.32707,-0.67395,-2.0326,0.40687,0.074768,-0.63215,-4.5033,-0.00057068,0.56889,-1.7521,0.19053,-1.3682,-0.19262,0.94642,-2.4344
-0.012912,0.004901,0.06418,0.034767,0.13768,0.084802,0.80386,-0.28987,0.12294,0.31009,-0.64754,-2.208,0.44394,0.22728,-0.77973,-3.9718,-0.068222,0.59731,-1.3377,0.18633,-0.94759,-0.031868,0.59626,-2.5848
-0.014812,0.0044721,0.068022,0.032764,0.20171,-0.093505,0.74377,-0.4332,0.083513,0.2782,-0.58952,-2.2263,0.55173,0.36922,-0.8522,-3.1365,-0.13633,0.52462,-1.0196,0.13248,-0.40578,0.13802,0.18298,-2.4822
-0.010471,4.6713e-005,0.071535,0.032047,0.22936,-0.19299,0.66495,-0.59302,0.039362,0.24435,-0.49605,-2.0754,0.72257,0.49345,-0.84291,-2.0498,-0.19879,0.33497,-0.7412,0.05756,0.11076,0.29427,-0.18099,-2.0517
-0.0030273,-0.0056657,0.072123,0.030993,0.20144,-0.20865,0.58345,-0.74444,-0.0019153,0.21506,-0.37908,-1.8036,0.85818,0.59379,-0.76122,-0.85498,-0.25112,0.068893,-0.51404,-0.0099541,0.46399,0.41728,-0.42587,-1.3274
0.0020647,-0.0087024,0.069594,0.027848,0.12572,-0.16162,0.51572,-0.86178,-0.037814,0.18305,-0.25995,-1.4838,0.83384,0.66555,-0.63116,0.23124,-0.29126,-0.19922,-0.39593,-0.055776,0.59661,0.49519,-0.54033,-0.46569
0.0011824,-0.0074686,0.066222,0.022073,0.050134,-0.091002,0.47643,-0.92084,-0.070343,0.13371,-0.15504,-1.1649,0.58495,0.70738,-0.48436,1.0226,-0.31978,-0.4022,-0.42126,-0.083229,0.55778,0.52638,-0.55259,0.30187
-0.0050624,-0.0038212,0.065047,0.015039,0.045323,-0.03098,0.47177,-0.90113,-0.10221,0.059292,-0.064844,-0.85291,0.14757,0.72127,-0.3496,1.4735,-0.33884,-0.51187,-0.55026,-0.10546,0.46322,0.51884,-0.49854,0.76327
-0.012758,-0.0009206,0.067597,0.0091219,0.16386,0.0084606,0.49358,-0.79238,-0.13347,-0.031908,0.024288,-0.53322,-0.37037,0.70941,-0.24408,1.6967,-0.35013,-0.54137,-0.6853,-0.13295,0.41606,0.48662,-0.4036,0.82393
-0.017766,-0.00021453,0.072653,0.005731,0.40435,0.040252,0.52044,-0.60504,-0.16114,-0.11911,0.12731,-0.20705,-0.85398,0.67022,-0.17086,1.8642,-0.35302,-0.52089,-0.73962,-0.16508,0.44331,0.44461,-0.28693,0.5527
-0.018281,-0.0004517,0.076984,0.0040848,0.70688,0.078694,0.52652,-0.3782,-0.18149,-0.18212,0.24743,0.09621,-1.2303,0.59783,-0.12323,2.0715,-0.34446,-0.46873,-0.69732,-0.19106,0.49061,0.40412,-0.17472,0.1412
-0.015165,0.00059806,0.077461,0.0020149,0.98251,0.11603,0.49263,-0.17512,-0.19279,-0.21333,0.37295,0.34318,-1.4749,0.48726,-0.092005,2.277,-0.32077,-0.38094,-0.61342,-0.1982,0.47493,0.37096,-0.10314,-0.20531
-0.010456,0.0036556,0.072974,-0.0018992,1.1548,0.1187,0.41288,-0.061985,-0.19651,-0.22011,0.48514,0.53108,-1.5884,0.34267,-0.070624,2.363,-0.27995,-0.24583,-0.55807,-0.181,0.35254,0.34605,-0.10455,-0.37795
-0.0057828,0.0071549,0.064832,-0.0069623,1.1864,0.049775,0.29432,-0.077364,-0.19652,-0.21752,0.56892,0.69595,-1.5729,0.18319,-0.055492,2.2581,-0.2228,-0.068486,-0.55751,-0.14442,0.1515,0.32721,-0.18942,-0.40363
-0.0019134,0.0088329,0.055627,-0.011133,1.0794,-0.097789,0.15216,-0.20926,-0.19708,-0.21804,0.61815,0.88393,-1.4264,0.040587,-0.043465,2.0115,-0.15265,0.11711,-0.58335,-0.10039,-0.051595,0.31081,-0.3421,-0.39296
0.00079541,0.0080583,0.047661,-0.013133,0.86121,-0.28259,0.0044593,-0.39574,-0.20059,-0.22563,0.63368,1.1111,-1.1568,-0.051782,-0.030853,1.7582,-0.075013,0.26076,-0.59482,-0.061154,-0.18759,0.29269,-0.5359,-0.44383
0.0020714,0.0066359,0.042028,-0.013747,0.57167,-0.42769,-0.1317,-0.55238,-0.20611,-0.23637,0.61928,1.3479,-0.80045,-0.074147,-0.016279,1.6101,0.002282,0.32579,-0.59018,-0.034698,-0.23791,0.26906,-0.75388,-0.5756
0.0020522,0.0072848,0.038655,-0.015036,0.25911,-0.45948,-0.24262,-0.61329,-0.20939,-0.24308,0.58058,1.5422,-0.43177,-0.030959,-0.0052038,1.5722,0.069434,0.31438,-0.61718,-0.023993,-0.23453,0.23794,-0.99431,-0.73556
0.0017215,0.011104,0.03682,-0.018309,-0.024993,-0.3482,-0.31894,-0.56363,-0.20513,-0.2399,0.52673,1.6577,-0.15272,0.049894,-0.010861,1.5496,0.11721,0.27021,-0.73167,-0.028218,-0.22317,0.2004,-1.252,-0.85575
0.002581,0.016252,0.035674,-0.02285,-0.24193,-0.12452,-0.35474,-0.44593,-0.19056,-0.22492,0.47043,1.6967,-0.059545,0.12994,-0.048083,1.4327,0.14145,0.25568,-0.94175,-0.04336,-0.22403,0.16074,-1.4898,-0.90312
0.0054892,0.019077,0.034623,-0.026517,-0.3874,0.13746,-0.34542,-0.33737,-0.16854,-0.20111,0.42333,1.6914,-0.19712,0.17817,-0.1223,1.1809,0.14662,0.3185,-1.1883,-0.06206,-0.22126,0.12479,-1.6283,-0.88527
0.0096592,0.016897,0.033585,-0.027495,-0.49943,0.35907,-0.28689,-0.31086,-0.14783,-0.17601,0.38957,1.6751,-0.52417,0.1839,-0.22125,0.83993,0.14452,0.46788,-1.3806,-0.07484,-0.18508,0.097388,-1.5731,-0.82314
0.012932,0.010254,0.032965,-0.02557,-0.63709,0.49339,-0.17903,-0.4003,-0.13942,-0.16015,0.36294,1.6604,-0.91556,0.15767,-0.31671,0.48947,0.14796,0.67328,-1.4568,-0.073965,-0.10313,0.080703,-1.2698,-0.72983
0.013355,0.0028047,0.0332,-0.022034,-0.83765,0.53928,-0.03233,-0.5875,-0.15062,-0.16336,0.33134,1.638,-1.2105,0.12142,-0.37718,0.17717,0.16316,0.88347,-1.4186,-0.057817,0.0060042,0.074454,-0.75264,-0.61777
0.010795,-0.0011926,0.03407,-0.018648,-1.0828,0.52861,0.12802,-0.81608,-0.18016,-0.19007,0.28538,1.5905,-1.2855,0.096038,-0.3842,-0.10613,0.18683,1.0523,-1.312,-0.031736,0.10568,0.07734,-0.14802,-0.51812
0.0071304,6.9203e-005,0.03445,-0.016647,-1.3029,0.49816,0.2673,-1.0236,-0.21757,-0.23605,0.22469,1.5086,-1.1113,0.093941,-0.34169,-0.39958,0.20992,1.1557,-1.1753,-0.0036588,0.16522,0.087961,0.37806,-0.47995
0.0047732,0.0047314,0.032945,-0.016319,-1.421,0.46476,0.35601,-1.1725,-0.24754,-0.28935,0.15698,1.3985,-0.75845,0.11851,-0.27251,-0.72905,0.22489,1.1925,-1.0025,0.022176,0.17359,0.10425,0.69927,-0.53899
0.0047833,0.0088824,0.029034,-0.017029,-1.4048,0.4172,0.38564,-1.2628,-0.25695,-0.33554,0.091305,1.2794,-0.35134,0.16643,-0.20507,-1.0876,0.22996,1.1724,-0.75517,0.047578,0.13437,0.12232,0.78533,-0.68226
0.006229,0.0097416,0.023687,-0.017501,-1.2861,0.32791,0.3732,-1.3184,-0.24075,-0.36424,0.031368,1.1756,-0.0036087,0.22858,-0.15947,-1.4477,0.22717,1.1017,-0.41104,0.076032,0.052615,0.13665,0.69915,-0.84567
0.0072615,0.0078089,0.018733,-0.016387,-1.1341,0.17567,0.34915,-1.3615,-0.20357,-0.37234,-0.02588,1.1072,0.22484,0.28993,-0.14126,-1.7823,0.21698,0.97925,-0.0035548,0.1054,-0.069852,0.14243,0.54064,-0.95379
0.0067894,0.0061554,0.015427,-0.013117,-1.0037,-0.035446,0.33613,-1.3936,-0.15638,-0.36226,-0.085905,1.0812,0.32924,0.33224,-0.14401,-2.0681,0.19555,0.80394,0.38502,0.12518,-0.22524,0.1387,0.38026,-0.97115
0.0051876,0.007434,0.013543,-0.0085,-0.90051,-0.27299,0.33424,-1.3995,-0.11065,-0.33727,-0.15099,1.0878,0.33318,0.34147,-0.15575,-2.2735,0.15809,0.58748,0.67206,0.12248,-0.38804,0.12933,0.22948,-0.92163
0.0035642,0.011231,0.01191,-0.0043662,-0.78734,-0.49197,0.32439,-1.3692,-0.073414,-0.29865,-0.21829,1.1047,0.26179,0.31577,-0.16362,-2.352,0.10553,0.35958,0.82311,0.092781,-0.5166,0.12059,0.063393,-0.85964
0.0025645,0.014196,0.00993,-0.0021465,-0.62037,-0.65997,0.28665,-1.3174,-0.045845,-0.24736,-0.28283,1.1087,0.13313,0.26686,-0.15541,-2.2613,0.047732,0.15839,0.86046,0.046224,-0.57246,0.11679,-0.1314,-0.81887
0.0019919,0.012961,0.0085551,-0.0014509,-0.38171,-0.77505,0.21808,-1.2814,-0.025396,-0.18848,-0.34231,1.0876,-0.036249,0.21233,-0.12069,-1.9951,-0.00076057,0.011336,0.8292,0.003055,-0.54452,0.11759,-0.32678,-0.78266
0.0014551,0.0072863,0.0096551,-6.0669e-005,-0.084079,-0.86384,0.13507,-1.2975,-0.009177,-0.13333,-0.39938,1.0428,-0.22645,0.16405,-0.053795,-1.6008,-0.029893,-0.078875,0.75631,-0.01924,-0.45817,0.11933,-0.46532,-0.69973
0.0010813,0.00056103,0.014209,0.0042792,0.24749,-0.96112,0.058576,-1.3735,0.0041332,-0.095817,-0.45929,0.98161,-0.4174,0.12239,0.042117,-1.16,-0.040758,-0.13072,0.64095,-0.01718,-0.36057,0.119,-0.50112,-0.52972
0.0013815,-0.0028796,0.020956,0.011606,0.59259,-1.0856,-0.0047257,-1.4838,0.014888,-0.084464,-0.52515,0.90752,-0.59355,0.080686,0.15405,-0.74454,-0.044258,-0.16499,0.48067,-0.002258,-0.29188,0.11714,-0.43339,-0.27987
0.0024833,-0.0012395,0.026822,0.019085,0.93405,-1.2296,-0.068721,-1.5889,0.024223,-0.096215,-0.59458,0.81906,-0.74006,0.035233,0.26333,-0.38441,-0.053037,-0.18707,0.30183,0.0085282,-0.26323,0.1166,-0.30536,-0.0052449
0.0037677,0.0035255,0.028883,0.022833,1.2452,-1.368,-0.15578,-1.6653,0.034638,-0.11728,-0.66042,0.72003,-0.83216,-0.0094335,0.35321,-0.069889,-0.0734,-0.18671,0.15817,0.0044016,-0.25666,0.1182,-0.17183,0.22421
0.0044545,0.0076836,0.026309,0.020876,1.4874,-1.4777,-0.2758,-1.7186,0.048491,-0.13125,-0.71469,0.63071,-0.83233,-0.045199,0.41532,0.21862,-0.10329,-0.15584,0.09332,-0.014236,-0.24435,0.11762,-0.062909,0.36231
0.0044654,0.0088803,0.020748,0.014744,1.6274,-1.5483,-0.41298,-1.7712,0.065853,-0.12878,-0.753,0.58608,-0.70696,-0.070287,0.45139,0.48649,-0.13651,-0.10653,0.098895,-0.039948,-0.21093,0.10692,0.028904,0.40522
0.004453,0.0075833,0.01491,0.0082942,1.6629,-1.5789,-0.53046,-1.836,0.084325,-0.11188,-0.77687,0.61668,-0.45603,-0.093818,0.47034,0.72824,-0.16812,-0.069088,0.10664,-0.066072,-0.16237,0.080441,0.13333,0.38355
0.0048144,0.0058396,0.010599,0.0047854,1.6291,-1.5666,-0.58948,-1.9013,0.10182,-0.09006,-0.79355,0.72429,-0.13144,-0.12894,0.48333,0.94677,-0.19612,-0.068303,0.024532,-0.090804,-0.11727,0.0401,0.27607,0.34043
0.0048008,0.0050043,0.007734,0.0047701,1.5785,-1.5034,-0.56953,-1.9389,0.12042,-0.072108,-0.81412,0.87265,0.17728,-0.17952,0.49889,1.1552,-0.21905,-0.098695,-0.20929,-0.11495,-0.090554,-0.0044216,0.46376,0.3118
0.0029366,0.0048198,0.0050453,0.0065105,1.5461,-1.3881,-0.47701,-1.9283,0.14789,-0.06042,-0.85058,1.0041,0.38698,-0.23257,0.51928,1.3457,-0.23367,-0.1239,-0.59234,-0.13714,-0.082809,-0.041258,0.68748,0.31675
-0.0013826,0.0044761,0.0017089,0.0082381,1.5318,-1.2417,-0.33886,-1.8747,0.19484,-0.052312,-0.91195,1.0726,0.46561,-0.2647,0.53856,1.4517,-0.23615,-0.1057,-1.0616,-0.15216,-0.081924,-0.063375,0.93445,0.35673
-0.006651,0.0040761,-0.0015606,0.0099321,1.5102,-1.1096,-0.1876,-1.8066,0.2691,-0.046309,-0.99938,1.0693,0.4444,-0.25885,0.5441,1.3521,-0.22596,-0.040456,-1.5245,-0.15446,-0.072951,-0.071557,1.1926,0.41961
-0.0098412,0.0046367,-0.0029885,0.012944,1.4578,-1.0404,-0.047903,-1.756,0.37118,-0.046929,-1.1023,1.0213,0.38803,-0.21762,0.52231,0.94344,-0.20796,0.029028,-1.8925,-0.1434,-0.047355,-0.071444,1.4447,0.48711
-0.0086398,0.0065757,-0.0014975,0.018015,1.3712,-1.055,0.068491,-1.7366,0.49361,-0.062678,-1.1991,0.96728,0.34585,-0.16194,0.46623,0.24232,-0.18993,0.039215,-2.1041,-0.12501,-0.0059703,-0.067827,1.6616,0.54431
-0.0034965,0.0085065,0.0017277,0.023802,1.2626,-1.13,0.15949,-1.738,0.62325,-0.098194,-1.2631,0.93122,0.3212,-0.11578,0.37988,-0.56324,-0.177,-0.049404,-2.1374,-0.10839,0.043717,-0.061474,1.8104,0.58754
0.0023955,0.007998,0.0033824,0.027494,1.1451,-1.2095,0.22618,-1.7342,0.74367,-0.14727,-1.2727,0.91562,0.27988,-0.089738,0.27492,-1.1751,-0.16826,-0.22347,-2.0186,-0.099787,0.091971,-0.050977,1.8727,0.62555
0.005369,0.0038821,0.00014693,0.026992,1.0263,-1.2391,0.26876,-1.699,0.83548,-0.19361,-1.219,0.91656,0.18584,-0.077159,0.16177,-1.3451,-0.15874,-0.42572,-1.8222,-0.099222,0.13022,-0.037215,1.8615,0.67209
0.0040219,-0.0021064,-0.0086786,0.022655,0.9159,-1.1964,0.28681,-1.6172,0.87666,-0.22013,-1.1062,0.94209,0.03194,-0.065095,0.042999,-1.0363,-0.14488,-0.59267,-1.6534,-0.10217,0.15348,-0.025477,1.8149,0.73468
0.00019112,-0.0061603,-0.020153,0.016976,0.83421,-1.0993,0.28197,-1.4864,0.84669,-0.22017,-0.94549,1.0138,-0.15888,-0.049061,-0.083841,-0.47359,-0.1282,-0.69068,-1.6088,-0.10448,0.16238,-0.022579,1.7699,0.80777
-0.002619,-0.005215,-0.029384,0.012509,0.80229,-0.98925,0.25934,-1.3165,0.73597,-0.20189,-0.74831,1.1493,-0.35793,-0.037272,-0.21509,-0.031264,-0.11359,-0.7249,-1.7326,-0.10629,0.16369,-0.031165,1.7366,0.87482
-0.0020101,0.00066457,-0.03288,0.0099212,0.81714,-0.90628,0.22609,-1.1279,0.5559,-0.18241,-0.52424,1.3438,-0.55375,-0.039957,-0.33151,-0.020285,-0.10419,-0.72063,-1.9956,-0.11232,0.1678,-0.046413,1.6943,0.9169
0.0016126,0.0083977,-0.031006,0.0078454,0.83559,-0.87417,0.18871,-0.94766,0.3411,-0.17628,-0.28532,1.5692,-0.75056,-0.053597,-0.40105,-0.50612,-0.098115,-0.69837,-2.3145,-0.12918,0.18347,-0.058557,1.6163,0.92057
0.0056705,0.014318,-0.027523,0.0045156,0.79017,-0.89976,0.1515,-0.79987,0.13844,-0.18737,-0.050813,1.7939,-0.94434,-0.055661,-0.3953,-1.2756,-0.09067,-0.6644,-2.6012,-0.16211,0.21304,-0.059607,1.4991,0.88077
0.007595,0.016734,-0.026516,-0.00039991,0.6331,-0.9781,0.11733,-0.69191,-0.013236,-0.20976,0.15463,2.0024,-1.1031,-0.01712,-0.30894,-1.9731,-0.07974,-0.62082,-2.8093,-0.21291,0.2516,-0.048845,1.3704,0.79963
0.0065999,0.016533,-0.029146,-0.0053975,0.37649,-1.0936,0.089024,-0.60601,-0.10018,-0.23546,0.31106,2.1957,-1.1771,0.075352,-0.16741,-2.3168,-0.068858,-0.58051,-2.9444,-0.27904,0.29043,-0.032563,1.2665,0.68555
0.003724,0.015695,-0.032874,-0.008416,0.095128,-1.2173,0.069779,-0.50576,-0.13524,-0.26125,0.41514,2.369,-1.1368,0.20492,-0.015707,-2.2543,-0.064375,-0.5699,-3.0335,-0.35298,0.3214,-0.018471,1.2004,0.55421
0.00055585,0.015413,-0.033756,-0.0085725,-0.11398,-1.3078,0.062141,-0.35664,-0.1421,-0.2889,0.48402,2.4891,-1.0101,0.33063,0.10527,-1.9671,-0.069122,-0.6162,-3.082,-0.42226,0.33894,-0.0097489,1.1493,0.42855
-0.0018805,0.015495,-0.029907,-0.0068748,-0.18631,-1.3236,0.067224,-0.14757,-0.13424,-0.31941,0.54609,2.4978,-0.88197,0.41136,0.17958,-1.7339,-0.078743,-0.73108,-3.0544,-0.47155,0.33935,-0.0038646,1.0742,0.33354
-0.0031504,0.015196,-0.023344,-0.0054218,-0.11991,-1.2401,0.085148,0.10322,-0.10609,-0.3479,0.62387,2.3468,-0.84838,0.43124,0.22172,-1.7551,-0.084671,-0.90561,-2.898,-0.48773,0.32068,0.0032303,0.9519,0.28571
-0.0028467,0.014218,-0.018713,-0.0058413,0.03728,-1.0601,0.11582,0.36324,-0.044821,-0.36456,0.72068,2.0409,-0.95357,0.40851,0.26437,-2.0505,-0.081395,-1.119,-2.5884,-0.46577,0.28557,0.01188,0.79053,0.28356
-0.00058742,0.012788,-0.019908,-0.0081575,0.22756,-0.80804,0.15826,0.61015,0.046307,-0.36127,0.82111,1.657,-1.1546,0.38158,0.33689,-2.4824,-0.071219,-1.3499,-2.1593,-0.41157,0.24537,0.017676,0.6129,0.3066
0.0031392,0.010989,-0.027169,-0.010794,0.41804,-0.51391,0.20829,0.84539,0.13442,-0.33774,0.90458,1.3179,-1.3415,0.38246,0.44717,-2.8637,-0.061636,-1.5784,-1.6863,-0.33851,0.21977,0.015578,0.42461,0.32612
0.0063694,0.0084109,-0.036813,-0.011589,0.60583,-0.20017,0.25673,1.0858,0.16962,-0.30162,0.9618,1.1337,-1.4015,0.41632,0.57611,-3.0682,-0.057122,-1.7751,-1.2364,-0.25925,0.22846,0.0049663,0.19828,0.32214
0.0065574,0.0046953,-0.043807,-0.0091587,0.79619,0.11673,0.29067,1.3404,0.11898,-0.26232,1.0015,1.1442,-1.2836,0.46059,0.6869,-3.0746,-0.052634,-1.8932,-0.81964,-0.17847,0.2778,-0.0096847,-0.10698,0.29597
0.0027461,0.00037549,-0.045278,-0.0037967,0.97607,0.41376,0.29793,1.5924,-0.003018,-0.2244,1.0431,1.2968,-1.0233,0.48263,0.74384,-2.9394,-0.03509,-1.8761,-0.38294,-0.092213,0.35206,-0.02351,-0.50188,0.26979
-0.0029014,-0.0030812,-0.042415,0.0026432,1.1067,0.65297,0.27176,1.8021,-0.13486,-0.18602,1.1013,1.4719,-0.71316,0.46186,0.73102,-2.737,0.007505,-1.6819,0.14984,0.0051117,0.41831,-0.036723,-0.93277,0.2733
-0.0060861,-0.0043265,-0.039409,0.0079312,1.1422,0.79092,0.21311,1.9294,-0.20481,-0.14359,1.1756,1.5403,-0.44329,0.40125,0.66067,-2.5174,0.076318,-1.3093,0.82056,0.11153,0.44518,-0.055038,-1.2863,0.32604
-0.0036098,-0.0033684,-0.040204,0.011013,1.0617,0.80344,0.12939,1.9594,-0.18017,-0.097493,1.2525,1.4243,-0.25261,0.32219,0.56605,-2.2976,0.15923,-0.80441,1.6029,0.21398,0.42467,-0.084001,-1.4364,0.4266
0.0037299,-0.0017648,-0.045435,0.012789,0.89263,0.70784,0.031899,1.9123,-0.091844,-0.053364,1.3187,1.1288,-0.11979,0.24955,0.48221,-2.075,0.23798,-0.24133,2.4113,0.29418,0.3817,-0.12244,-1.3079,0.55452
0.011319,-0.0014721,-0.051758,0.015373,0.70884,0.56279,-0.066501,1.8348,-0.0135,-0.017675,1.3724,0.73134,0.0052862,0.19869,0.42606,-1.8413,0.29976,0.31041,3.1385,0.34002,0.36299,-0.16166,-0.92044,0.68211
0.014189,-0.0032869,-0.054013,0.020306,0.60281,0.44206,-0.15319,1.7785,-0.0093796,0.0082735,1.4243,0.33543,0.15589,0.17189,0.38827,-1.5881,0.34485,0.80815,3.6957,0.35398,0.41087,-0.19174,-0.38641,0.78712
0.010949,-0.0061711,-0.048646,0.027216,0.64458,0.39821,-0.218,1.782,-0.089938,0.030295,1.485,0.014991,0.32166,0.16248,0.34194,-1.3105,0.38475,1.2341,4.0345,0.35191,0.53785,-0.20938,0.1367,0.8583
0.0047555,-0.0079339,-0.035998,0.034169,0.84738,0.43998,-0.25615,1.8595,-0.20843,0.057391,1.5506,-0.21941,0.45853,0.16011,0.26181,-1.0155,0.43238,1.5758,4.1518,0.35282,0.71724,-0.21963,0.51525,0.89199
0.00041672,-0.0066029,-0.020009,0.03939,1.1558,0.53616,-0.27061,1.9998,-0.29881,0.095363,1.599,-0.41371,0.52557,0.15304,0.14068,-0.72843,0.49126,1.8107,4.086,0.36698,0.8942,-0.22968,0.69261,0.8849
0.00022905,-0.0013982,-0.0057396,0.04272,1.4632,0.63886,-0.27245,2.1695,-0.3233,0.14333,1.6017,-0.63023,0.51935,0.12887,-0.0070774,-0.4872,0.5512,1.9117,3.9063,0.39042,1.01,-0.2402,0.69891,0.83001
0.0022975,0.0072004,0.0035158,0.045364,1.6526,0.70769,-0.27897,2.3232,-0.29281,0.19563,1.543,-0.90341,0.47841,0.077858,-0.1551,-0.32246,0.59329,1.8717,3.6933,0.40938,1.0266,-0.24284,0.61443,0.71978
0.0027969,0.017926,0.0076565,0.048241,1.647,0.72154,-0.31013,2.4186,-0.2487,0.2467,1.4306,-1.2216,0.45357,-0.00064389,-0.2795,-0.23632,0.60095,1.7265,3.5106,0.41083,0.94234,-0.22681,0.51181,0.55498
-3.8879e-005,0.029072,0.0090392,0.05071,1.4452,0.67866,-0.38415,2.4318,-0.22605,0.29451,1.2889,-1.5432,0.46759,-0.093774,-0.36913,-0.19925,0.56975,1.5523,3.3827,0.3917,0.79319,-0.18914,0.41569,0.35378
-0.004016,0.038531,0.010267,0.051049,1.1236,0.59402,-0.51203,2.3654,-0.23051,0.3398,1.1383,-1.8294,0.49704,-0.17875,-0.42817,-0.17117,0.50963,1.4325,3.2944,0.36066,0.63883,-0.13924,0.30497,0.1547
-0.0049955,0.043982,0.012065,0.04826,0.79722,0.49851,-0.69174,2.2445,-0.24444,0.38278,0.97895,-2.0625,0.49231,-0.23492,-0.47316,-0.13163,0.43823,1.4136,3.2134,0.33183,0.53746,-0.0932,0.15191,0.0098946
-0.00094671,0.043642,0.012662,0.043333,0.55915,0.43474,-0.90488,2.1031,-0.2509,0.42059,0.79128,-2.2399,0.42085,-0.2568,-0.52697,-0.094304,0.37012,1.4789,3.1166,0.31506,0.51875,-0.062217,-0.035898,-0.030821
0.0057863,0.037367,0.0091488,0.038671,0.43076,0.44289,-1.1194,1.9707,-0.25118,0.44785,0.55461,-2.354,0.29914,-0.25801,-0.61017,-0.092635,0.30903,1.5578,2.9993,0.30975,0.56969,-0.044857,-0.20619,0.05998
0.010193,0.027192,-6.916e-005,0.03624,0.35468,0.53986,-1.2999,1.8654,-0.26142,0.45946,0.26876,-2.3854,0.18813,-0.26189,-0.7303,-0.14737,0.24818,1.5654,2.8604,0.30611,0.64479,-0.029609,-0.29371,0.27198
0.0087795,0.016638,-0.013389,0.036294,0.23476,0.70614,-1.4217,1.7919,-0.29504,0.4533,-0.037873,-2.3199,0.15568,-0.2848,-0.87318,-0.2422,0.17781,1.4457,2.6821,0.29248,0.6971,-0.0053742,-0.26701,0.55572
0.0024441,0.0090119,-0.026153,0.037826,-0.0033919,0.89335,-1.4819,1.7402,-0.34898,0.43124,-0.31968,-2.1745,0.23525,-0.32454,-1.004,-0.32743,0.094223,1.1935,2.4296,0.26316,0.71051,0.029096,-0.15154,0.83956
-0.0045367,0.0058213,-0.032888,0.040073,-0.37104,1.0503,-1.4991,1.6858,-0.40545,0.39883,-0.53547,-2.0045,0.40983,-0.3625,-1.0822,-0.34923,0.0039618,0.84656,2.0737,0.22123,0.70957,0.064457,-0.010145,1.0601
-0.0083909,0.0063297,-0.030192,0.043305,-0.8192,1.1495,-1.5041,1.5933,-0.44473,0.36413,-0.66482,-1.8784,0.62772,-0.37795,-1.0849,-0.28183,-0.079036,0.46149,1.6196,0.17522,0.73819,0.08852,0.10174,1.1911
-0.0089981,0.0083986,-0.018327,0.047981,-1.2788,1.1942,-1.5232,1.4282,-0.45645,0.33582,-0.70996,-1.8358,0.83218,-0.36273,-1.0239,-0.13922,-0.14075,0.091945,1.1121,0.13321,0.82264,0.095117,0.16932,1.2538
-0.0094542,0.0098604,-0.00058316,0.053191,-1.706,1.2036,-1.5661,1.174,-0.44106,0.32005,-0.68644,-1.861,0.98146,-0.32425,-0.94316,0.040632,-0.17365,-0.21814,0.60835,0.09927,0.94708,0.086413,0.21536,1.2984
-0.012598,0.0095289,0.018825,0.056231,-2.0993,1.19,-1.6219,0.84364,-0.40439,0.31728,-0.61286,-1.8911,1.0514,-0.27415,-0.89538,0.22484,-0.17915,-0.43143,0.13718,0.074206,1.0614,0.067546,0.26934,1.3676
-0.017887,0.007455,0.036614,0.054195,-2.4777,1.1487,-1.6672,0.47713,-0.35311,0.32122,-0.50709,-1.8534,1.0319,-0.21213,-0.91235,0.40619,-0.1656,-0.5161,-0.32498,0.058115,1.115,0.039589,0.33932,1.4645
-0.02163,0.0045684,0.050948,0.04648,-2.8397,1.0664,-1.6802,0.12726,-0.29484,0.32171,-0.38761,-1.7035,0.93078,-0.11981,-0.98833,0.60193,-0.14429,-0.4541,-0.84139,0.051122,1.0912,-0.0020107,0.40954,1.5512
-0.02041,0.0020216,0.06089,0.036,-3.1334,0.93977,-1.6563,-0.15866,-0.23938,0.3107,-0.27303,-1.442,0.78472,0.027747,-1.0885,0.83486,-0.12558,-0.25499,-1.473,0.051003,1.0127,-0.061993,0.45897,1.581
-0.014478,0.00052747,0.065937,0.027783,-3.2659,0.78722,-1.6152,-0.35027,-0.19574,0.28723,-0.17666,-1.1059,0.66046,0.23982,-1.1757,1.1125,-0.11652,0.035616,-2.2334,0.050308,0.91643,-0.1383,0.47721,1.5393
-0.0079157,5.5932e-006,0.066283,0.025725,-3.1486,0.64401,-1.5932,-0.43621,-0.166,0.25778,-0.10057,-0.74712,0.63174,0.49465,-1.2357,1.4195,-0.12018,0.34153,-3.0655,0.036855,0.81506,-0.22057,0.46195,1.457
-0.0053549,-0.00019729,0.063323,0.029847,-2.7548,0.54604,-1.6206,-0.42068,-0.14201,0.23153,-0.037306,-0.41182,0.73784,0.74523,-1.2835,1.7259,-0.13647,0.57548,-3.8533,-0.0010837,0.68044,-0.29591,0.40572,1.379
-0.0082193,-0.0006017,0.059394,0.036087,-2.1516,0.51332,-1.6955,-0.31976,-0.11022,0.21413,0.018155,-0.12489,0.95043,0.94437,-1.3463,2.0048,-0.16397,0.66538,-4.4595,-0.067556,0.46391,-0.35669,0.29335,1.3087
-0.013827,-0.00098803,0.056464,0.038821,-1.4823,0.54224,-1.7713,-0.15888,-0.061915,0.20472,0.055003,0.1195,1.1756,1.0709,-1.4377,2.2435,-0.20147,0.57817,-4.776,-0.15433,0.14079,-0.40311,0.11822,1.18
-0.017996,-0.0005241,0.054774,0.034415,-0.90652,0.60909,-1.7713,0.030855,-0.00029613,0.19847,0.045494,0.356,1.2959,1.1362,-1.5418,2.4433,-0.2476,0.33293,-4.7663,-0.24223,-0.25706,-0.4383,-0.098543,0.89493
-0.018598,0.0013761,0.052837,0.023449,-0.52827,0.68143,-1.6281,0.21917,0.062105,0.19237,-0.037537,0.62926,1.2285,1.1659,-1.6191,2.6059,-0.29875,-0.0024035,-4.4797,-0.30814,-0.65035,-0.46105,-0.31059,0.41224
-0.016824,0.0042483,0.049143,0.010254,-0.35698,0.73252,-1.3243,0.3846,0.11325,0.18925,-0.19446,0.96282,0.96691,1.1723,-1.6294,2.722,-0.34696,-0.33267,-4.0289,-0.3345,-0.95972,-0.46378,-0.47651,-0.17617
-0.015262,0.0066763,0.044195,0.00013914,-0.32222,0.75279,-0.90875,0.51988,0.14927,0.19608,-0.3848,1.3345,0.58202,1.1418,-1.5562,2.7691,-0.38072,-0.57033,-3.5359,-0.31651,-1.1542,-0.43819,-0.59512,-0.65237
-0.014945,0.0073069,0.040901,-0.0038297,-0.33142,0.7527,-0.47502,0.63184,0.17248,0.21699,-0.54053,1.6798,0.18694,1.0484,-1.4158,2.7237,-0.38954,-0.66953,-3.0766,-0.26379,-1.26,-0.38385,-0.7149,-0.77932
-0.014312,0.0058885,0.042589,-0.0024348,-0.33075,0.75379,-0.11306,0.73503,0.1818,0.24583,-0.60188,1.9262,-0.11439,0.88242,-1.2461,2.5785,-0.36965,-0.64183,-2.66,-0.19565,-1.321,-0.3114,-0.90764,-0.4487
-0.01101,0.0034007,0.050077,0.00065262,-0.32992,0.77189,0.13414,0.84103,0.16588,0.26482,-0.55204,2.0374,-0.26901,0.6684,-1.0857,2.3498,-0.32668,-0.54396,-2.2549,-0.13251,-1.3473,-0.23696,-1.2258,0.23076
-0.0046318,0.0012201,0.06033,0.001574,-0.37902,0.80335,0.28254,0.94755,0.10791,0.2522,-0.42577,2.0325,-0.29048,0.45554,-0.95505,2.0676,-0.27292,-0.44397,-1.8451,-0.088109,-1.3002,-0.17196,-1.6733,0.97365
0.0023604,0.00013994,0.068089,-0.0012925,-0.52027,0.8251,0.38248,1.0334,0.0012043,0.19538,-0.28561,1.9666,-0.24423,0.28765,-0.85176,1.755,-0.22103,-0.38662,-1.4639,-0.066177,-1.1297,-0.11683,-2.203,1.4715
0.0064431,7.832e-005,0.069366,-0.0068833,-0.75233,0.81006,0.4781,1.0651,-0.13656,0.10088,-0.18299,1.8875,-0.21043,0.17693,-0.76007,1.4124,-0.1787,-0.37813,-1.1769,-0.062483,-0.83311,-0.063311,-2.7311,1.564
0.0059044,0.00053764,0.064093,-0.01304,-1.0308,0.74738,0.57959,1.0164,-0.26365,-0.0068728,-0.13151,1.8016,-0.24162,0.10246,-0.66515,1.0228,-0.14764,-0.39619,-1.0237,-0.06938,-0.4788,-0.0029286,-3.1561,1.3164
0.0021798,0.0011819,0.055829,-0.018566,-1.298,0.65179,0.66486,0.89033,-0.33286,-0.098562,-0.10852,1.6777,-0.33552,0.032362,-0.56266,0.5782,-0.12641,-0.41322,-0.96738,-0.079326,-0.16809,0.065845,-3.3815,0.95359
-0.0014506,0.0019405,0.048913,-0.023954,-1.5146,0.55494,0.70386,0.72979,-0.31746,-0.15656,-0.078633,1.4822,-0.43822,-0.050539,-0.45847,0.10914,-0.11341,-0.41528,-0.90039,-0.085962,0.037794,0.13697,-3.3484,0.70044
-0.0025348,0.0026658,0.045443,-0.030302,-1.6678,0.48532,0.68403,0.60393,-0.22732,-0.18317,-0.018676,1.2184,-0.47707,-0.1406,-0.36145,-0.30413,-0.10754,-0.40651,-0.70995,-0.084376,0.16523,0.20193,-3.0723,0.64171
-0.0011746,0.0028625,0.044417,-0.037613,-1.7557,0.45287,0.61855,0.57429,-0.10328,-0.19457,0.073057,0.93847,-0.40557,-0.22223,-0.27635,-0.55607,-0.10684,-0.40235,-0.3564,-0.072687,0.30832,0.25527,-2.6567,0.69693
0.00047582,0.0018963,0.043377,-0.044146,-1.7667,0.44951,0.53556,0.66092,0.0065069,-0.20532,0.18437,0.71984,-0.23442,-0.28858,-0.20226,-0.56873,-0.1078,-0.41993,0.093618,-0.054718,0.5537,0.29608,-2.2565,0.71856
0.00023578,-0.00042766,0.040802,-0.047424,-1.6761,0.46348,0.46032,0.83115,0.072656,-0.21601,0.30159,0.62285,-0.030967,-0.34747,-0.13642,-0.34592,-0.1069,-0.47003,0.50376,-0.040763,0.90621,0.32549,-2.0005,0.62815
-0.0023756,-0.0034243,0.03714,-0.046011,-1.4656,0.49401,0.40443,1.0187,0.096096,-0.21382,0.41511,0.65827,0.11236,-0.41037,-0.079025,0.0077171,-0.10271,-0.54964,0.74652,-0.043652,1.271,0.34393,-1.922,0.48016
-0.0059973,-0.0056801,0.033867,-0.040541,-1.1481,0.55303,0.36668,1.1592,0.099279,-0.18525,0.51663,0.7831,0.12335,-0.47644,-0.034329,0.32493,-0.095772,-0.63528,0.76996,-0.070936,1.5058,0.35071,-1.9504,0.4058
-0.0086797,-0.0058279,0.031827,-0.033244,-0.77702,0.65233,0.3404,1.2172,0.1055,-0.13016,0.59553,0.92305,-0.014542,-0.52822,-0.0070579,0.45995,-0.085799,-0.6839,0.61529,-0.11811,1.5079,0.34602,-1.9702,0.4904
-0.0093011,-0.003506,0.030554,-0.026498,-0.4277,0.7866,0.32008,1.1901,0.12186,-0.065394,0.64086,1.0057,-0.25438,-0.544,0.0025974,0.37244,-0.069201,-0.64829,0.3872,-0.1683,1.2792,0.33261,-1.9016,0.69327
-0.0080561,0.00015951,0.029085,-0.02165,-0.16165,0.92664,0.30458,1.093,0.13685,-0.015067,0.64738,0.98652,-0.50976,-0.51636,0.0011233,0.15634,-0.040652,-0.5045,0.20534,-0.19996,0.92986,0.3156,-1.7364,0.88091
-0.0058913,0.0030196,0.027125,-0.018914,0.0027225,1.0299,0.29854,0.94441,0.13212,0.0047041,0.61854,0.85838,-0.69857,-0.46072,-0.00098484,-0.01149,0.001068,-0.27424,0.16274,-0.19846,0.62051,0.3006,-1.507,0.9441
-0.0036032,0.003208,0.025183,-0.018072,0.094447,1.0624,0.31307,0.76272,0.098032,-0.0052221,0.56205,0.64572,-0.7821,-0.40686,0.0051284,0.024788,0.047835,-0.022686,0.29869,-0.16432,0.47796,0.29177,-1.2282,0.89481
-0.0013935,0.00051211,0.023503,-0.019041,0.1681,1.0184,0.36375,0.57172,0.04153,-0.030324,0.48218,0.39003,-0.77556,-0.38021,0.022013,0.30883,0.083563,0.17308,0.58434,-0.11288,0.53363,0.29074,-0.87276,0.85518
0.00090229,-0.0032277,0.021113,-0.021649,0.27172,0.92398,0.46367,0.4007,-0.01848,-0.054176,0.37673,0.13411,-0.72241,-0.38751,0.045297,0.75088,0.093451,0.26691,0.92465,-0.065623,0.71678,0.29609,-0.40769,0.94634
0.0033183,-0.0052017,0.016369,-0.024928,0.42495,0.82196,0.61382,0.27224,-0.06382,-0.068987,0.24209,-0.089769,-0.65133,-0.41622,0.067273,1.1841,0.07511,0.2682,1.1866,-0.038673,0.90318,0.30341,0.14674,1.1732
0.0055372,-0.0036259,0.0088127,-0.026935,0.61789,0.74651,0.79754,0.18641,-0.088339,-0.077638,0.080892,-0.2656,-0.55025,-0.44556,0.082094,1.4542,0.042465,0.23073,1.2529,-0.035741,0.98784,0.30649,0.6962,1.4057
0.0071087,0.00078103,0.00058011,-0.025673,0.82584,0.70278,0.98464,0.11786,-0.1003,-0.087503,-0.09672,-0.39408,-0.38159,-0.45944,0.089246,1.4837,0.017993,0.21385,1.0787,-0.049265,0.93872,0.30009,1.1175,1.4724
0.0078148,0.005098,-0.0044063,-0.020572,1.0262,0.66507,1.1438,0.033253,-0.11516,-0.10249,-0.28065,-0.49033,-0.12814,-0.45232,0.093239,1.284,0.018028,0.24421,0.71498,-0.068074,0.80224,0.2835,1.3354,1.2866
0.0077871,0.0062852,-0.0032601,-0.013175,1.2059,0.59484,1.2555,-0.082374,-0.14467,-0.11986,-0.46942,-0.58048,0.17036,-0.42713,0.099806,0.9303,0.042012,0.30375,0.28188,-0.085501,0.66253,0.26195,1.3672,0.90105
0.0073086,0.0036048,0.0032755,-0.0062344,1.3587,0.46722,1.3168,-0.21178,-0.19038,-0.13362,-0.66908,-0.69629,0.42818,-0.39008,0.11089,0.53272,0.074039,0.34914,-0.093466,-0.102,0.58387,0.24376,1.2995,0.45363
0.0066006,-0.00054456,0.010878,-0.0018268,1.4784,0.2882,1.3362,-0.31681,-0.24596,-0.14084,-0.88018,-0.86498,0.57206,-0.34735,0.12156,0.21622,0.095533,0.34532,-0.33351,-0.12089,0.57322,0.23438,1.2211,0.059429
0.0058793,-0.0022562,0.014618,-8.3518e-005,1.5573,0.090652,1.3256,-0.36638,-0.30549,-0.14559,-1.0838,-1.0944,0.60363,-0.30462,0.12121,0.095788,0.099078,0.28893,-0.42985,-0.14159,0.58295,0.23165,1.1705,-0.25814
0.005581,0.0008441,0.012519,0.00039866,1.5913,-0.08781,1.2944,-0.35866,-0.37046,-0.15754,-1.2419,-1.3607,0.61195,-0.26656,0.099426,0.23156,0.092657,0.20764,-0.4244,-0.1568,0.54698,0.22694,1.1344,-0.54937
0.0063462,0.0075148,0.0066778,0.00096631,1.5871,-0.22927,1.2499,-0.3204,-0.44853,-0.18608,-1.3164,-1.6085,0.71754,-0.23484,0.053561,0.57955,0.091379,0.1395,-0.3764,-0.15706,0.42348,0.21235,1.0865,-0.86553
0.0085467,0.013634,0.0009319,0.0016696,1.5642,-0.34438,1.199,-0.28595,-0.54418,-0.23418,-1.2957,-1.7719,0.98405,-0.20611,-0.0067844,0.98232,0.10386,0.10809,-0.33833,-0.13926,0.21743,0.18885,1.0225,-1.2042
0.011702,0.015427,-0.0028707,0.0014333,1.5481,-0.4597,1.1463,-0.27508,-0.64801,-0.29594,-1.2077,-1.8065,1.3622,-0.1732,-0.062628,1.2323,0.12446,0.10958,-0.3442,-0.11146,-0.027774,0.16853,0.96059,-1.5168
0.014453,0.012655,-0.0066256,-0.00072064,1.5587,-0.59347,1.0897,-0.28702,-0.73404,-0.35959,-1.107,-1.715,1.7089,-0.13011,-0.095435,1.1863,0.13752,0.1182,-0.39996,-0.088528,-0.25926,0.16767,0.91569,-1.7586
0.015374,0.0089897,-0.014031,-0.0046352,1.6015,-0.73853,1.0183,-0.31185,-0.76862,-0.41412,-1.0446,-1.5464,1.8695,-0.077261,-0.097751,0.85755,0.13004,0.10542,-0.47225,-0.080711,-0.44328,0.19506,0.87816,-1.9274
0.014075,0.0090142,-0.026574,-0.0089765,1.6671,-0.86495,0.9192,-0.34476,-0.72594,-0.455,-1.041,-1.3692,1.7671,-0.02218,-0.076264,0.41199,0.10245,0.060132,-0.48837,-0.084064,-0.57627,0.24408,0.82084,-2.0568
0.011603,0.014227,-0.041104,-0.011937,1.7381,-0.93991,0.78993,-0.38829,-0.60035,-0.48474,-1.0802,-1.2346,1.4393,0.025624,-0.043695,0.062568,0.069161,-0.0030117,-0.36292,-0.081512,-0.67569,0.29519,0.72544,-2.1793
0.0096199,0.021505,-0.051444,-0.011955,1.7983,-0.94997,0.64596,-0.44179,-0.40859,-0.5075,-1.1262,-1.1557,1.0084,0.061548,-0.0051991,-0.06579,0.048599,-0.052892,-0.045943,-0.055225,-0.761,0.32784,0.6021,-2.2973
0.0089749,0.025497,-0.052972,-0.0081416,1.8382,-0.91007,0.51519,-0.49116,-0.18275,-0.52177,-1.1466,-1.114,0.6112,0.088617,0.048788,-0.0020751,0.050538,-0.063287,0.43745,-0.0013816,-0.83915,0.33324,0.48537,-2.3867
0.0089235,0.023018,-0.046311,-0.0006827,1.8549,-0.85414,0.42076,-0.51233,0.039815,-0.51714,-1.1266,-1.0825,0.33955,0.11358,0.13494,0.11809,0.070139,-0.03187,0.98947,0.064511,-0.90251,0.31898,0.41348,-2.4159
0.0078186,0.015695,-0.036891,0.0087023,1.8471,-0.81549,0.36493,-0.48792,0.22448,-0.47899,-1.068,-1.0453,0.22027,0.13975,0.25869,0.16717,0.092417,0.017064,1.4889,0.11672,-0.93646,0.30247,0.4105,-2.3558
0.0047575,0.0086003,-0.030693,0.016796,1.8096,-0.81019,0.32731,-0.42307,0.34511,-0.39855,-0.9811,-1.0004,0.23132,0.16286,0.40015,0.11374,0.10297,0.049054,1.8544,0.13638,-0.92777,0.29861,0.48214,-2.1749
0.0007175,0.006094,-0.029856,0.020085,1.7307,-0.83292,0.27962,-0.34549,0.38989,-0.2813,-0.87877,-0.94989,0.32957,0.1734,0.51865,0.022285,0.096758,0.043669,2.076,0.12367,-0.86666,0.31098,0.62016,-1.8399
-0.0019448,0.0084695,-0.031928,0.016848,1.5956,-0.86475,0.20547,-0.28849,0.36648,-0.14726,-0.77571,-0.89266,0.46884,0.16328,0.57603,-0.018273,0.079147,0.008438,2.1942,0.095996,-0.74358,0.3323,0.8045,-1.3394
-0.0013216,0.012141,-0.033171,0.0086406,1.3956,-0.88573,0.10997,-0.27023,0.30134,-0.022332,-0.6875,-0.82803,0.60394,0.13133,0.5625,0.033753,0.05989,-0.028113,2.2483,0.074325,-0.54874,0.35192,1.002,-0.71916
0.0024336,0.012967,-0.032601,-0.00033946,1.1393,-0.88417,0.013496,-0.28481,0.22903,0.073431,-0.62501,-0.76231,0.69001,0.083663,0.50469,0.15595,0.04554,-0.038795,2.2409,0.068834,-0.28072,0.36332,1.1704,-0.088783
0.0071181,0.0096895,-0.032933,-0.0059909,0.85666,-0.85919,-0.062854,-0.3095,0.17508,0.1329,-0.58743,-0.70657,0.68743,0.029569,0.44839,0.29526,0.03602,-0.017784,2.1467,0.074558,0.038443,0.36613,1.2736,0.41791
0.01012,0.0046558,-0.037593,-0.0071646,0.59007,-0.81766,-0.10725,-0.31875,0.14343,0.16056,-0.56236,-0.66361,0.57474,-0.023135,0.42813,0.40518,0.026977,0.017234,1.9542,0.07898,0.35492,0.363,1.2996,0.70801
0.010281,0.0015242,-0.046791,-0.0062802,0.37574,-0.76887,-0.11728,-0.29314,0.11876,0.16553,-0.53599,-0.61765,0.36351,-0.070336,0.4463,0.45255,0.014915,0.041608,1.6989,0.073829,0.59568,0.35618,1.2669,0.7691
0.0084662,0.0021687,-0.056469,-0.0070824,0.22685,-0.72011,-0.095346,-0.22005,0.083103,0.15518,-0.50599,-0.54225,0.10463,-0.11136,0.4765,0.40462,0.0005328,0.044417,1.4551,0.061076,0.70266,0.34705,1.2089,0.65425
0.006538,0.0053785,-0.061221,-0.01138,0.13164,-0.67474,-0.047589,-0.093275,0.034228,0.13391,-0.48472,-0.42498,-0.12352,-0.148,0.48628,0.23049,-0.012298,0.035745,1.2877,0.049155,0.67033,0.33799,1.1497,0.43302
0.0058101,0.0081422,-0.058565,-0.017532,0.0681,-0.63291,0.012366,0.08157,-0.0088698,0.10616,-0.48789,-0.28816,-0.24696,-0.18375,0.4604,-0.070679,-0.020699,0.03471,1.2043,0.044028,0.55878,0.33272,1.0895,0.15753
0.0063108,0.0081353,-0.050848,-0.021929,0.022922,-0.59434,0.061649,0.27896,-0.018087,0.079317,-0.5175,-0.18331,-0.23587,-0.22224,0.40757,-0.44334,-0.026408,0.049168,1.1442,0.043428,0.46651,0.3337,1.0141,-0.13002
0.0072626,0.0053121,-0.043297,-0.022091,-0.0021116,-0.56117,0.074944,0.45403,0.023411,0.062488,-0.55493,-0.15823,-0.12852,-0.26434,0.34886,-0.78958,-0.035585,0.065574,1.0156,0.038941,0.47483,0.33921,0.91796,-0.37165
0.0080465,0.0015564,-0.040154,-0.018702,-0.0023014,-0.53885,0.037532,0.55916,0.10823,0.061536,-0.5719,-0.22092,-0.016803,-0.30523,0.30022,-1.0262,-0.054474,0.059211,0.75252,0.023505,0.59894,0.34372,0.82172,-0.49493
0.008659,-0.0010048,-0.042145,-0.014919,0.010323,-0.53342,-0.045637,0.56983,0.20847,0.074649,-0.55127,-0.32991,0.006637,-0.33492,0.26364,-1.1406,-0.083886,0.017435,0.35303,-0.0024268,0.77974,0.34198,0.76558,-0.45601
0.0093612,-0.001554,-0.046947,-0.013719,-0.00062627,-0.5465,-0.15304,0.50165,0.2924,0.092581,-0.50001,-0.4198,-0.09118,-0.34323,0.23165,-1.1939,-0.11675,-0.043594,-0.12779,-0.031081,0.92238,0.33275,0.7839,-0.28679
0.010058,-0.00092239,-0.051574,-0.015565,-0.080788,-0.57074,-0.25971,0.40449,0.3413,0.10395,-0.44291,-0.44213,-0.26038,-0.32664,0.19798,-1.264,-0.14117,-0.084424,-0.61978,-0.053456,0.9546,0.31807,0.87973,-0.092285
0.010124,-0.00067585,-0.054368,-0.018184,-0.25553,-0.5895,-0.34971,0.33615,0.35524,0.1018,-0.4021,-0.39023,-0.40507,-0.29126,0.1637,-1.3761,-0.14741,-0.068246,-1.0831,-0.066344,0.86419,0.29871,1.0184,0.014335
0.008871,-0.0017518,-0.055264,-0.018397,-0.5076,-0.58208,-0.41881,0.33333,0.34638,0.086741,-0.3792,-0.29235,-0.45618,-0.24908,0.13459,-1.4843,-0.13418,0.011647,-1.5239,-0.075011,0.69299,0.27083,1.1444,-0.0090033
0.0062102,-0.0036465,-0.054863,-0.014429,-0.7797,-0.53252,-0.46808,0.39828,0.32714,0.065114,-0.35415,-0.18381,-0.42221,-0.21033,0.11356,-1.5223,-0.10949,0.1242,-1.9692,-0.089621,0.49872,0.22836,1.2082,-0.10833
0.0029226,-0.0047401,-0.053608,-0.0070311,-1.0021,-0.43746,-0.49659,0.50635,0.30296,0.044639,-0.30013,-0.083465,-0.37317,-0.17844,0.09603,-1.4812,-0.085299,0.21926,-2.4178,-0.11762,0.31816,0.16995,1.1885,-0.18775
0.00030927,-0.0036082,-0.051695,0.0011519,-1.1275,-0.30889,-0.50071,0.6244,0.27355,0.031413,-0.20197,0.0089639,-0.36809,-0.15184,0.072091,-1.4452,-0.069793,0.25877,-2.8067,-0.15665,0.15867,0.10363,1.0968,-0.19919
-0.00051933,-0.00044264,-0.049333,0.0072926,-1.1525,-0.17065,-0.47899,0.72563,0.23938,0.029949,-0.064556,0.099065,-0.38889,-0.12996,0.033611,-1.5507,-0.06278,0.23781,-3.0229,-0.19246,0.017161,0.044009,0.96906,-0.19377
0.00073028,0.0025571,-0.046756,0.0099955,-1.1141,-0.051003,-0.43621,0.7936,0.20584,0.044581,0.091414,0.18427,-0.34287,-0.11661,-0.019143,-1.8974,-0.057469,0.1815,-2.9646,-0.20416,-0.098064,0.0033771,0.84943,-0.29411
0.0032908,0.0024081,-0.043984,0.0099371,-1.0658,0.025142,-0.38136,0.81901,0.18102,0.07942,0.23968,0.25312,-0.13881,-0.11634,-0.075534,-2.4784,-0.046776,0.12317,-2.6143,-0.17533,-0.16581,-0.015933,0.77397,-0.61244
0.0055407,-0.0024329,-0.040712,0.0093621,-1.0496,0.041761,-0.3214,0.79667,0.16905,0.13596,0.35625,0.29497,0.22438,-0.12726,-0.11823,-3.1785,-0.029165,0.082079,-2.0693,-0.10534,-0.171,-0.021077,0.7573,-1.1781
0.0056189,-0.01047,-0.036486,0.01086,-1.0769,-0.0047789,-0.25686,0.72695,0.16543,0.21021,0.42287,0.30839,0.63247,-0.138,-0.1305,-3.8381,-0.0098576,0.056341,-1.497,-0.013486,-0.12246,-0.020781,0.78623,-1.9217
0.0023442,-0.017653,-0.030891,0.016083,-1.1274,-0.10333,-0.18345,0.62008,0.15951,0.29207,0.42928,0.30062,0.91812,-0.1336,-0.10393,-4.3328,0.0028267,0.031694,-1.0348,0.068944,-0.048627,-0.017297,0.82418,-2.7126
-0.0038829,-0.019907,-0.023578,0.024958,-1.1638,-0.22733,-0.098089,0.49875,0.14278,0.36755,0.3766,0.28051,0.9617,-0.10653,-0.042803,-4.6182,0.0026887,-0.0051672,-0.70242,0.11538,0.027176,-0.0055096,0.82772,-3.4112
-0.010816,-0.015953,-0.014446,0.035638,-1.1549,-0.33885,-0.0040533,0.39556,0.11648,0.42265,0.27899,0.25356,0.75277,-0.063501,0.037002,-4.7207,-0.011414,-0.060468,-0.39306,0.11909,0.10786,0.020263,0.76855,-3.9002
-0.015298,-0.0082207,-0.0042774,0.045167,-1.0927,-0.39971,0.088621,0.34413,0.091836,0.44679,0.15885,0.22343,0.37357,-0.021954,0.11456,-4.6955,-0.036268,-0.13581,0.043431,0.09552,0.21731,0.058194,0.64877,-4.0897
-0.015199,-0.0010563,0.0046123,0.050632,-0.9917,-0.38731,0.16726,0.36603,0.082031,0.43561,0.035785,0.19617,-0.065876,0.0011511,0.17256,-4.5841,-0.067014,-0.23152,0.68031,0.069207,0.37041,0.096889,0.49869,-3.918
-0.011136,0.0023869,0.0088014,0.050435,-0.87129,-0.30681,0.22222,0.45878,0.092365,0.39299,-0.083351,0.18031,-0.47816,-0.00070106,0.20326,-4.3933,-0.099167,-0.34427,1.4442,0.05506,0.54557,0.12107,0.35804,-3.3622
-0.0064283,0.0021323,0.0057486,0.045182,-0.73248,-0.18958,0.25145,0.5924,0.11639,0.33176,-0.20476,0.18112,-0.80048,-0.021964,0.20877,-4.096,-0.12869,-0.46141,2.1485,0.048946,0.68731,0.1203,0.25359,-2.4574
-0.0048873,0.00079828,-0.0038535,0.037656,-0.54966,-0.075404,0.26249,0.71998,0.14099,0.27067,-0.33685,0.1947,-0.97183,-0.051104,0.19692,-3.6486,-0.15111,-0.56127,2.6089,0.035365,0.74109,0.094129,0.18852,-1.3037
-0.0078868,0.0011815,-0.015553,0.031596,-0.28825,0.012706,0.27131,0.79925,0.1558,0.22712,-0.4767,0.20952,-0.93489,-0.077895,0.17661,-3.018,-0.16177,-0.62465,2.7581,0.0052363,0.69245,0.050907,0.14964,-0.051008
-0.013124,0.004153,-0.02354,0.029722,0.061313,0.083251,0.29686,0.81293,0.15893,0.20873,-0.60571,0.21629,-0.68014,-0.096384,0.15605,-2.2111,-0.15784,-0.65082,2.6808,-0.032394,0.57711,0.0024612,0.12376,1.1333
-0.016326,0.0084685,-0.024501,0.032144,0.45863,0.16814,0.35238,0.77389,0.15508,0.20955,-0.69901,0.21833,-0.29283,-0.10357,0.14334,-1.2946,-0.14063,-0.66356,2.5463,-0.055702,0.45244,-0.040905,0.10842,2.0977
-0.0147,0.012238,-0.019771,0.036353,0.81963,0.29556,0.43712,0.71055,0.14943,0.21495,-0.74173,0.23247,0.057074,-0.097854,0.14616,-0.38725,-0.11583,-0.69798,2.491,-0.047883,0.35386,-0.072393,0.10864,2.7299
-0.0093027,0.014424,-0.013815,0.039081,1.0543,0.46399,0.53461,0.6436,0.1441,0.21261,-0.73873,0.27733,0.19983,-0.079912,0.16853,0.38031,-0.090432,-0.7748,2.5361,-0.011108,0.27201,-0.088241,0.12408,2.9727
-0.0042945,0.015042,-0.010159,0.038884,1.112,0.63916,0.62028,0.57241,0.14064,0.20175,-0.70987,0.35665,0.072812,-0.054797,0.2065,0.92038,-0.068563,-0.88121,2.5947,0.036238,0.16831,-0.087071,0.1389,2.8377
-0.0036657,0.014277,-0.0082644,0.037442,1.0037,0.77787,0.67517,0.48176,0.14444,0.19335,-0.67435,0.45089,-0.23552,-0.031737,0.24713,1.2255,-0.049573,-0.97482,2.5554,0.076205,0.013805,-0.070479,0.12337,2.4134
-0.0081235,0.011794,-0.0040909,0.038336,0.78964,0.85997,0.69632,0.36196,0.16388,0.20123,-0.63663,0.52517,-0.54752,-0.020594,0.27364,1.3633,-0.030302,-1.0094,2.3751,0.10589,-0.18259,-0.044323,0.046627,1.8522
-0.014618,0.0071814,0.0060963,0.043952,0.54314,0.90105,0.69652,0.22392,0.20172,0.23047,-0.58458,0.54955,-0.72316,-0.027497,0.27402,1.434,-0.0097654,-0.9644,2.1109,0.13625,-0.37984,-0.018832,-0.10689,1.3297
-0.018717,0.001029,0.021948,0.052915,0.31923,0.9335,0.69346,0.095197,0.24564,0.27197,-0.50056,0.5179,-0.75603,-0.053129,0.24762,1.5168,0.007929,-0.85588,1.871,0.17675,-0.53813,-0.0060204,-0.32569,0.98801
-0.017807,-0.0047201,0.038541,0.060333,0.14495,0.97143,0.69691,0.00020551,0.26922,0.30644,-0.37629,0.45182,-0.76542,-0.094323,0.20494,1.639,0.015405,-0.72356,1.7256,0.22125,-0.64976,-0.014708,-0.56849,0.89224
-0.012699,-0.0078792,0.0497,0.061054,0.0298,0.9904,0.70363,-0.058341,0.24733,0.31475,-0.22051,0.38664,-0.89321,-0.14609,0.16137,1.7767,0.0074199,-0.60485,1.6499,0.24952,-0.73944,-0.045524,-0.77243,1.0242
-0.0067857,-0.007803,0.05256,0.053568,-0.020681,0.94183,0.70295,-0.10085,0.17699,0.28779,-0.054838,0.3491,-1.187,-0.20091,0.12984,1.8805,-0.014594,-0.51648,1.5389,0.24362,-0.83194,-0.089206,-0.87284,1.3081
-0.0037602,-0.0061835,0.049865,0.041393,-0.0019184,0.79283,0.687,-0.15444,0.086181,0.23052,0.097839,0.34166,-1.5568,-0.24567,0.11701,1.9027,-0.04282,-0.45416,1.284,0.20411,-0.9139,-0.1302,-0.83097,1.6425
-0.0056474,-0.0059324,0.048272,0.030644,0.082144,0.55923,0.65659,-0.23271,0.019798,0.15915,0.22411,0.34322,-1.8325,-0.26054,0.12324,1.817,-0.068123,-0.40412,0.84957,0.15094,-0.92573,-0.15447,-0.65805,1.9171
-0.012136,-0.008939,0.053879,0.0256,0.21205,0.30415,0.61846,-0.32811,0.010223,0.093779,0.3237,0.32447,-1.8737,-0.22448,0.14358,1.6274,-0.085858,-0.35243,0.29777,0.10805,-0.79781,-0.15728,-0.41883,2.0194
-0.021032,-0.014553,0.068065,0.025781,0.35578,0.10217,0.57763,-0.4215,0.05408,0.050127,0.40592,0.26683,-1.6536,-0.12686,0.16729,1.3682,-0.09784,-0.28413,-0.25312,0.085333,-0.50958,-0.14601,-0.20446,1.8547
-0.029164,-0.020036,0.086386,0.026833,0.48067,-0.0035671,0.53267,-0.49952,0.11424,0.033557,0.4828,0.1732,-1.2654,0.021103,0.17777,1.0963,-0.10926,-0.17893,-0.69939,0.073449,-0.12585,-0.13589,-0.084527,1.3916
-0.033368,-0.022549,0.10114,0.024334,0.56523,-0.019698,0.47803,-0.56506,0.14661,0.037695,0.563,0.065028,-0.85932,0.18433,0.15663,0.87679,-0.12359,-0.016086,-1.0013,0.054839,0.22448,-0.14082,-0.066939,0.70837
-0.031639,-0.02101,0.1059,0.017268,0.60269,0.013487,0.41074,-0.63329,0.13083,0.048196,0.64824,-0.030927,-0.55573,0.31576,0.092407,0.76433,-0.13994,0.20667,-1.1837,0.019666,0.42102,-0.16499,-0.094889,-0.0050656
-0.024285,-0.016465,0.099168,0.0084142,0.59525,0.054888,0.33507,-0.7177,0.080986,0.049961,0.73204,-0.097444,-0.38764,0.37739,-0.011274,0.79094,-0.15511,0.45285,-1.3021,-0.027682,0.42728,-0.20025,-0.086188,-0.51499
-0.014376,-0.010961,0.085036,0.001644,0.54416,0.084524,0.26027,-0.81797,0.028852,0.034084,0.80078,-0.13481,-0.29747,0.35842,-0.13546,0.96186,-0.16803,0.64733,-1.4066,-0.076024,0.31268,-0.2305,0.01129,-0.65763
-0.0066201,-0.0060832,0.070659,-0.0013146,0.4417,0.1011,0.19327,-0.91874,-0.0045638,0.00078624,0.83725,-0.15811,-0.18259,0.27894,-0.25607,1.2562,-0.18195,0.70857,-1.5282,-0.12006,0.20216,-0.23997,0.1875,-0.42952
-0.0047905,-0.0023097,0.062203,-0.0020061,0.27006,0.10522,0.13225,-0.99958,-0.024897,-0.042957,0.82682,-0.1865,0.038783,0.17667,-0.35775,1.6254,-0.20184,0.59966,-1.6804,-0.1654,0.18967,-0.22036,0.38286,0.0095601
-0.0092069,0.00061985,0.061774,-0.0037052,0.0095688,0.089277,0.067305,-1.0472,-0.055469,-0.088952,0.76404,-0.23184,0.37686,0.085501,-0.44055,1.9905,-0.22847,0.36351,-1.8589,-0.22103,0.28039,-0.17321,0.53185,0.43089
-0.01627,0.003008,0.067011,-0.0088578,-0.34389,0.045022,-0.011337,-1.0597,-0.11324,-0.13252,0.65605,-0.29471,0.76198,0.020127,-0.51369,2.2519,-0.25475,0.11042,-2.0288,-0.28652,0.40318,-0.10753,0.60171,0.67071
-0.020774,0.0049603,0.073271,-0.017577,-0.75953,-0.020028,-0.1024,-1.0395,-0.19171,-0.17365,0.52029,-0.3706,1.0838,-0.024414,-0.58229,2.321,-0.26844,-0.043377,-2.1178,-0.3463,0.47742,-0.035177,0.59895,0.71698
-0.01952,0.0067015,0.076727,-0.027932,-1.1641,-0.076126,-0.18777,-0.979,-0.26525,-0.21504,0.3772,-0.46118,1.254,-0.060442,-0.6395,2.1645,-0.26037,-0.04978,-2.0356,-0.37701,0.47647,0.03276,0.54705,0.6943
-0.013483,0.0088494,0.076339,-0.037283,-1.4591,-0.08471,-0.2371,-0.8549,-0.31014,-0.2594,0.24206,-0.58021,1.2528,-0.093821,-0.67207,1.8308,-0.23206,0.036662,-1.7217,-0.36269,0.43751,0.087143,0.46149,0.76266
-0.006782,0.012041,0.073587,-0.043548,-1.562,-0.023038,-0.22158,-0.63686,-0.32319,-0.30835,0.12076,-0.74636,1.1264,-0.11943,-0.67449,1.4303,-0.19629,0.092806,-1.1887,-0.30612,0.417,0.12026,0.34439,1.0042
-0.0032488,0.016035,0.0705,-0.045992,-1.4505,0.099045,-0.12986,-0.31059,-0.32231,-0.36234,0.01127,-0.96538,0.94181,-0.12813,-0.65883,1.0724,-0.16948,0.0099617,-0.52768,-0.22799,0.43678,0.12556,0.19681,1.3752
-0.0034315,0.01919,0.067658,-0.045564,-1.181,0.24257,0.023533,0.10077,-0.32943,-0.42017,-0.090844,-1.2145,0.73367,-0.11818,-0.65016,0.79679,-0.1614,-0.23122,0.13537,-0.15542,0.46881,0.098851,0.028783,1.7478
-0.0044969,0.019202,0.063719,-0.044692,-0.8634,0.3589,0.20248,0.53411,-0.35132,-0.47709,-0.18717,-1.444,0.48724,-0.10095,-0.6708,0.549,-0.16998,-0.54694,0.69882,-0.10826,0.4668,0.040727,-0.1476,2.0006
-0.003023,0.014959,0.056821,-0.046127,-0.60612,0.4101,0.36421,0.90888,-0.37445,-0.52361,-0.27429,-1.5988,0.16948,-0.096048,-0.726,0.22015,-0.18489,-0.80562,1.1166,-0.091783,0.41074,-0.041814,-0.33462,2.0877
0.0018086,0.0081333,0.046696,-0.051022,-0.46477,0.37865,0.47618,1.163,-0.37719,-0.54789,-0.34506,-1.649,-0.21914,-0.11923,-0.802,-0.27762,-0.1962,-0.9097,1.3837,-0.097768,0.32234,-0.1362,-0.55362,2.0404
0.0074241,0.0028785,0.03571,-0.057508,-0.42829,0.26687,0.526,1.2797,-0.34806,-0.54182,-0.39137,-1.6064,-0.61633,-0.17141,-0.87595,-0.95366,-0.20059,-0.845,1.4992,-0.11094,0.24108,-0.22777,-0.82644,1.9146
0.010134,0.0032723,0.027798,-0.061353,-0.44645,0.093853,0.52044,1.2888,-0.29468,-0.50715,-0.40647,-1.5144,-0.91843,-0.236,-0.92746,-1.7369,-0.20054,-0.66859,1.4501,-0.11609,0.18757,-0.30424,-1.1462,1.7359
0.0084219,0.010107,0.025877,-0.058895,-0.47341,-0.1059,0.47681,1.2427,-0.23711,-0.45598,-0.38655,-1.4172,-1.0373,-0.28576,-0.94308,-2.522,-0.19867,-0.45564,1.2293,-0.10352,0.14995,-0.3586,-1.4646,1.4887
0.0043241,0.019592,0.029656,-0.050226,-0.49299,-0.28596,0.41313,1.1857,-0.19234,-0.40385,-0.33223,-1.3314,-0.95597,-0.29505,-0.91409,-3.2215,-0.19361,-0.25331,0.86636,-0.072335,0.10323,-0.38895,-1.7117,1.153
0.0017072,0.025425,0.035597,-0.039797,-0.51114,-0.40001,0.3417,1.1348,-0.1634,-0.3598,-0.25024,-1.241,-0.74817,-0.2506,-0.8354,-3.7841,-0.18178,-0.074015,0.43402,-0.030862,0.039589,-0.39586,-1.8354,0.75464
0.0030388,0.023098,0.039206,-0.033411,-0.53021,-0.42124,0.26673,1.0818,-0.14073,-0.32116,-0.15413,-1.1196,-0.54849,-0.15618,-0.71084,-4.1759,-0.16308,0.078937,0.017681,0.0070773,-0.020936,-0.37953,-1.8292,0.38475
0.0075118,0.013307,0.037986,-0.033748,-0.53346,-0.35809,0.18471,1.0068,-0.11316,-0.27759,-0.061895,-0.96208,-0.48703,-0.029906,-0.56035,-4.3544,-0.14411,0.18782,-0.32464,0.02964,-0.048149,-0.33908,-1.7272,0.17091
0.012038,0.0017315,0.032804,-0.038182,-0.49562,-0.25364,0.087073,0.89247,-0.078052,-0.22134,0.0096764,-0.79784,-0.61883,0.10335,-0.41899,-4.2704,-0.13473,0.22464,-0.57556,0.034467,-0.028991,-0.27481,-1.5709,0.21334
0.013969,-0.0049116,0.026709,-0.040955,-0.40855,-0.16582,-0.034023,0.72951,-0.042866,-0.15517,0.051501,-0.67646,-0.88532,0.22043,-0.3224,-3.9032,-0.14049,0.17714,-0.73538,0.030879,0.02153,-0.19183,-1.3809,0.52186
0.012971,-0.0036255,0.022275,-0.03804,-0.29572,-0.13916,-0.17788,0.51653,-0.01795,-0.091182,0.065382,-0.63578,-1.1371,0.30592,-0.28566,-3.3001,-0.15768,0.0682,-0.79042,0.034172,0.073598,-0.10223,-1.1569,0.98847
0.010548,0.0029163,0.019716,-0.030536,-0.19738,-0.18454,-0.3298,0.26017,-0.0076335,-0.041531,0.061168,-0.6776,-1.2182,0.35433,-0.29115,-2.5848,-0.17612,-0.052764,-0.70903,0.0553,0.10449,-0.023138,-0.90649,1.4152
0.0081352,0.0087274,0.017241,-0.023628,-0.13446,-0.27761,-0.46366,-0.022745,-0.0065396,-0.0089744,0.049386,-0.76842,-1.0697,0.36913,-0.29694,-1.9172,-0.18728,-0.13986,-0.47252,0.093239,0.10808,0.029402,-0.67012,1.5917
0.0059142,0.0092619,0.013116,-0.021975,-0.079856,-0.37467,-0.55373,-0.30514,-0.0029623,0.014955,0.034443,-0.86218,-0.78264,0.36024,-0.26264,-1.428,-0.19024,-0.17618,-0.11143,0.13574,0.0869,0.047944,-0.51345,1.3906
0.0034664,0.0047774,0.0074802,-0.025567,0.035694,-0.43592,-0.5893,-0.55649,0.014232,0.042771,0.013333,-0.92653,-0.55055,0.34106,-0.1758,-1.1684,-0.18996,-0.1748,0.29037,0.16776,0.040273,0.038285,-0.48346,0.82955
0.0011931,-0.00028898,0.0022877,-0.029664,0.27985,-0.44464,-0.58164,-0.75495,0.050076,0.08095,-0.01936,-0.95405,-0.54201,0.32491,-0.060369,-1.1033,-0.18964,-0.15934,0.63322,0.18108,-0.035295,0.017907,-0.56123,0.061787
0.00054447,-0.0012415,-0.0004733,-0.028882,0.66281,-0.41514,-0.55737,-0.89714,0.10175,0.12493,-0.064435,-0.95465,-0.782,0.32055,0.039037,-1.1485,-0.18509,-0.14506,0.85256,0.17783,-0.13373,0.0082323,-0.65324,-0.70735
0.0024825,0.0029886,-0.00062345,-0.021823,1.1084,-0.38654,-0.54223,-0.99841,0.15994,0.16238,-0.11505,-0.93943,-1.1371,0.32764,0.086116,-1.221,-0.16717,-0.13567,0.94422,0.16631,-0.23115,0.024292,-0.63738,-1.3281
0.0057873,0.0091568,-6.6914e-005,-0.012239,1.4781,-0.40385,-0.54739,-1.0831,0.2118,0.18133,-0.16055,-0.91007,-1.4222,0.3351,0.075103,-1.272,-0.13058,-0.13116,0.94774,0.15322,-0.29658,0.067138,-0.43689,-1.7688
0.0073683,0.012586,-0.0013493,-0.0058031,1.6404,-0.49303,-0.56758,-1.1719,0.24452,0.17641,-0.19438,-0.86029,-1.5445,0.32507,0.031972,-1.2877,-0.080529,-0.13131,0.90669,0.1392,-0.31711,0.12304,-0.071416,-2.0943
0.0048505,0.01099,-0.0058427,-0.0054517,1.5455,-0.64195,-0.59058,-1.2729,0.24959,0.14971,-0.2194,-0.78512,-1.5638,0.28246,-0.00428,-1.269,-0.030092,-0.12816,0.839,0.12066,-0.31543,0.16998,0.35207,-2.383
-0.00082655,0.0059818,-0.013079,-0.0093788,1.2576,-0.80025,-0.60824,-1.3811,0.22648,0.1074,-0.24595,-0.68935,-1.6167,0.2053,-0.0057325,-1.2115,0.010136,-0.099428,0.73645,0.09559,-0.34001,0.1882,0.70288,-2.6547
-0.0055478,0.0011857,-0.021575,-0.013277,0.92159,-0.90248,-0.6196,-1.4817,0.18338,0.056411,-0.28341,-0.58857,-1.7701,0.10887,0.031401,-1.1044,0.04112,-0.019442,0.58571,0.067689,-0.43077,0.16937,0.90144,-2.8664
-0.0053042,-0.0010873,-0.030132,-0.014507,0.68208,-0.90393,-0.62588,-1.555,0.13355,0.0037276,-0.33169,-0.50281,-1.9377,0.019513,0.091365,-0.9431,0.07459,0.11245,0.3886,0.045376,-0.58605,0.11981,0.9565,-2.9727
6.9818e-005,-0.0015418,-0.038336,-0.014219,0.60819,-0.80709,-0.6253,-1.5821,0.088546,-0.04296,-0.37971,-0.44668,-1.9356,-0.039209,0.15465,-0.74307,0.12265,0.24965,0.16529,0.036592,-0.75842,0.056186,0.9455,-2.9875
0.0061864,-0.0026002,-0.04592,-0.015495,0.66912,-0.66055,-0.61519,-1.552,0.052892,-0.076091,-0.4124,-0.4213,-1.636,-0.059353,0.21199,-0.53859,0.18689,0.30947,-0.058688,0.043771,-0.8844,-0.0036888,0.95803,-2.9822
0.0074136,-0.0056032,-0.051886,-0.019434,0.77043,-0.52977,-0.5997,-1.469,0.024057,-0.091518,-0.42122,-0.41234,-1.0837,-0.051759,0.26726,-0.36596,0.25671,0.22052,-0.26929,0.062656,-0.9256,-0.049676,1.043,-3.0134
0.0015822,-0.009321,-0.054515,-0.023112,0.81831,-0.4596,-0.59431,-1.355,-0.00226,-0.091713,-0.40972,-0.39594,-0.47761,-0.037245,0.3296,-0.24397,0.31829,-0.024602,-0.47173,0.085277,-0.88982,-0.082666,1.1904,-3.0441
-0.007932,-0.011167,-0.052549,-0.021669,0.76597,-0.45382,-0.61962,-1.2417,-0.026337,-0.0852,-0.38968,-0.35091,-0.031612,-0.032012,0.40254,-0.16717,0.36599,-0.35297,-0.68399,0.10438,-0.8178,-0.1109,1.3513,-2.9355
-0.014603,-0.0097898,-0.046581,-0.012859,0.61823,-0.48413,-0.68736,-1.1554,-0.043472,-0.081281,-0.37062,-0.27153,0.1664,-0.037465,0.47861,-0.11627,0.4058,-0.64829,-0.91863,0.11636,-0.74953,-0.14235,1.475,-2.5316
-0.013657,-0.0063884,-0.039361,5.4455e-005,0.40597,-0.51843,-0.78942,-1.1021,-0.048731,-0.083486,-0.35145,-0.17317,0.18517,-0.041317,0.5425,-0.07565,0.44818,-0.81667,-1.1615,0.12172,-0.69881,-0.17872,1.5376,-1.7797
-0.0054542,-0.003463,-0.034518,0.0099777,0.16048,-0.54526,-0.89901,-1.0635,-0.042735,-0.087065,-0.32097,-0.085669,0.15902,-0.02856,0.57973,-0.042469,0.49698,-0.83399,-1.3605,0.12414,-0.65401,-0.21512,1.5488,-0.7949
0.0052417,-0.0023475,-0.034513,0.01118,-0.093435,-0.57648,-0.98349,-1.0053,-0.032557,-0.083116,-0.26741,-0.036884,0.1656,0.0060011,0.58483,-0.02064,0.54487,-0.74374,-1.4353,0.12921,-0.59903,-0.24471,1.5374,0.18316
0.013175,-0.0021175,-0.039297,0.0038056,-0.33119,-0.62908,-1.0189,-0.89314,-0.026457,-0.066595,-0.18953,-0.036087,0.17829,0.052539,0.56444,-0.0077032,0.5793,-0.61343,-1.3134,0.14277,-0.53178,-0.2639,1.5294,0.91313
0.016288,-0.00099819,-0.046671,-0.0061217,-0.52711,-0.70323,-0.99701,-0.70577,-0.027415,-0.042007,-0.1008,-0.068594,0.12112,0.091543,0.53415,0.010308,0.59336,-0.48683,-0.97556,0.16838,-0.46357,-0.27364,1.5303,1.2704
0.01636,0.0012869,-0.054052,-0.011315,-0.66675,-0.77477,-0.9228,-0.44073,-0.031886,-0.022156,-0.023323,-0.10604,-0.037621,0.10554,0.51111,0.048124,0.59165,-0.36571,-0.48391,0.20428,-0.40303,-0.27663,1.522,1.2863
0.016568,0.002876,-0.060367,-0.0087715,-0.7621,-0.80755,-0.80827,-0.11341,-0.035178,-0.020692,0.024453,-0.1257,-0.24237,0.089315,0.50633,0.10233,0.58598,-0.22613,0.031982,0.24235,-0.34311,-0.27387,1.4741,1.0965
0.018449,0.0017473,-0.066637,-0.0017904,-0.85118,-0.77522,-0.66845,0.24765,-0.038107,-0.043976,0.037883,-0.12513,-0.39017,0.052797,0.52028,0.1415,0.58463,-0.048681,0.43107,0.27073,-0.26557,-0.26443,1.3638,0.84703
0.020824,-0.0016278,-0.074786,0.0030556,-0.97563,-0.67653,-0.52072,0.60836,-0.047954,-0.088086,0.028004,-0.12174,-0.4092,0.015823,0.54442,0.11665,0.58453,0.1614,0.62747,0.27964,-0.1591,-0.24853,1.1925,0.62533
0.021287,-0.0038694,-0.085493,0.0013387,-1.1506,-0.53466,-0.38343,0.94006,-0.07221,-0.14254,0.014706,-0.13785,-0.30421,-0.0013318,0.56734,-0.013516,0.57244,0.37348,0.62562,0.26635,-0.032827,-0.23022,0.98753,0.45076
0.018612,-0.0013511,-0.096755,-0.0059072,-1.3509,-0.38346,-0.27156,1.2307,-0.11085,-0.19734,0.016153,-0.18309,-0.13715,0.013308,0.58171,-0.26103,0.53388,0.54378,0.5024,0.23567,0.088961,-0.21609,0.78792,0.3125
0.013933,0.0063451,-0.10448,-0.013517,-1.525,-0.25064,-0.19117,1.4882,-0.15476,-0.24801,0.04089,-0.24748,0.028259,0.059039,0.58746,-0.60554,0.46259,0.63196,0.35233,0.19556,0.18721,-0.21016,0.62181,0.21592
0.0098398,0.015474,-0.10499,-0.01671,-1.6267,-0.14754,-0.13791,1.7306,-0.19235,-0.29576,0.086492,-0.30945,0.16489,0.12372,0.58926,-1.0074,0.36422,0.61755,0.23695,0.15189,0.26471,-0.20956,0.49124,0.2037
0.0083752,0.020752,-0.097754,-0.014789,-1.6391,-0.068767,-0.1017,1.9667,-0.21858,-0.34368,0.14424,-0.35138,0.27774,0.18979,0.59134,-1.4195,0.25297,0.51367,0.17032,0.10677,0.34233,-0.20533,0.37379,0.34196
0.0096771,0.019341,-0.086188,-0.011033,-1.5721,0.00038998,-0.074714,2.1818,-0.23824,-0.39232,0.20595,-0.36949,0.37524,0.24225,0.59427,-1.7841,0.14479,0.37017,0.13953,0.061582,0.43659,-0.18886,0.23789,0.68427
0.01224,0.012788,-0.075768,-0.0093193,-1.4401,0.073493,-0.056582,2.3405,-0.26039,-0.43726,0.2685,-0.37141,0.45246,0.2747,0.59624,-2.0187,0.051601,0.25721,0.13162,0.020615,0.53718,-0.15892,0.058734,1.2361
0.014309,0.0054542,-0.070709,-0.010761,-1.2429,0.15434,-0.052989,2.4078,-0.28921,-0.46982,0.33358,-0.3654,0.50172,0.28976,0.59662,-2.0139,-0.02173,0.23085,0.14124,-0.0091488,0.60493,-0.12385,-0.1762,1.9398
0.015118,0.0010737,-0.071727,-0.013229,-0.97012,0.23429,-0.068729,2.3714,-0.31923,-0.48009,0.40335,-0.35209,0.53421,0.29361,0.59763,-1.6622,-0.077485,0.2987,0.15894,-0.022763,0.59393,-0.096833,-0.47187,2.6904
0.015041,0.00038822,-0.076419,-0.013783,-0.62906,0.29727,-0.10049,2.2492,-0.33903,-0.46131,0.47508,-0.32602,0.58582,0.28856,0.60232,-0.90884,-0.12298,0.41093,0.16245,-0.022082,0.48299,-0.08791,-0.8297,3.3754
0.014834,0.0014222,-0.081634,-0.011475,-0.26607,0.3303,-0.13475,2.0777,-0.33993,-0.41403,0.53854,-0.28502,0.69857,0.26937,0.6116,0.20657,-0.16647,0.48721,0.12766,-0.015397,0.29473,-0.098711,-1.2414,3.9172
0.014836,0.0015684,-0.085679,-0.0079984,0.042735,0.33317,-0.1531,1.8915,-0.3219,-0.34803,0.57827,-0.23898,0.89415,0.2266,0.62364,1.5504,-0.21248,0.46378,0.051802,-0.011446,0.090697,-0.12302,-1.6749,4.2919
0.014827,-0.00050873,-0.088707,-0.0058966,0.23371,0.32063,-0.14309,1.709,-0.2923,-0.2799,0.58006,-0.21027,1.162,0.15437,0.63577,2.9376,-0.25903,0.32841,-0.036466,-0.012935,-0.052933,-0.15168,-2.0666,4.5136
0.014454,-0.0043886,-0.091489,-0.0062198,0.29997,0.31525,-0.10854,1.5323,-0.25933,-0.22634,0.53852,-0.22429,1.4674,0.055941,0.64473,4.1887,-0.29948,0.12012,-0.095436,-0.015613,-0.075033,-0.17737,-2.3333,4.5989
0.013593,-0.0086092,-0.094082,-0.0077201,0.29966,0.33551,-0.072564,1.3549,-0.22679,-0.19619,0.46123,-0.29464,1.7652,-0.05784,0.64246,5.17,-0.32801,-0.10223,-0.10439,-0.013896,0.047993,-0.19618,-2.4051,4.5455
0.012222,-0.011677,-0.095631,-0.0080489,0.31631,0.38734,-0.068889,1.1703,-0.19454,-0.18641,0.36661,-0.4095,2.003,-0.17605,0.61068,5.8087,-0.34493,-0.2956,-0.082278,-0.0078378,0.29271,-0.20639,-2.2616,4.3458
0.01001,-0.012788,-0.095101,-0.005648,0.39871,0.46394,-0.12412,0.9772,-0.16341,-0.18501,0.27604,-0.52673,2.1166,-0.29455,0.52238,6.0991,-0.35699,-0.44743,-0.071759,-0.0048234,0.59341,-0.20719,-1.9502,4.0232
0.0062556,-0.012184,-0.091953,-0.00064741,0.52672,0.5525,-0.2403,0.78197,-0.13858,-0.17922,0.2045,-0.5835,2.0375,-0.416,0.3545,6.1053,-0.37212,-0.56479,-0.10096,-0.014277,0.86092,-0.19931,-1.5691,3.6494
0.0004479,-0.01111,-0.086189,0.0057888,0.62938,0.64153,-0.38916,0.59984,-0.12665,-0.16319,0.1553,-0.52251,1.7262,-0.5429,0.10619,5.947,-0.39284,-0.65453,-0.15672,-0.040057,1.012,-0.18662,-1.2241,3.3155
-0.0069577,-0.011199,-0.078099,0.012774,0.64,0.72395,-0.5232,0.45203,-0.1278,-0.13929,0.12182,-0.32638,1.2178,-0.66958,-0.1911,5.7475,-0.41393,-0.71333,-0.19369,-0.077132,0.99967,-0.17624,-0.98036,3.0701
-0.01433,-0.01333,-0.068278,0.020284,0.54443,0.79568,-0.59821,0.35673,-0.12968,-0.11263,0.094846,-0.041365,0.63843,-0.78051,-0.48198,5.5597,-0.4264,-0.73245,-0.17212,-0.11492,0.8299,-0.17573,-0.84086,2.8763
-0.019607,-0.016666,-0.057865,0.028478,0.38752,0.85411,-0.59336,0.31755,-0.1102,-0.083704,0.070261,0.23007,0.16109,-0.85645,-0.71117,5.3271,-0.42419,-0.70799,-0.092482,-0.14367,0.5545,-0.18895,-0.76228,2.6341
-0.021544,-0.018814,-0.04835,0.036553,0.23809,0.89942,-0.51761,0.31826,-0.049747,-0.045969,0.051729,0.37272,-0.087025,-0.88426,-0.84848,4.9292,-0.40757,-0.64605,0.00092389,-0.15811,0.24357,-0.21358,-0.69849,2.2589
-0.0205,-0.01739,-0.04074,0.042514,0.14345,0.93704,-0.40013,0.32995,0.054523,0.0092938,0.047128,0.318,-0.10303,-0.86329,-0.8992,4.298,-0.38071,-0.56213,0.047709,-0.15633,-0.046196,-0.24237,-0.63985,1.7557
-0.01815,-0.012007,-0.034748,0.044412,0.10629,0.97644,-0.27389,0.32678,0.18235,0.084316,0.061502,0.082543,-0.0083976,-0.80488,-0.89584,3.515,-0.3463,-0.48114,0.0067409,-0.13668,-0.28888,-0.26728,-0.61946,1.222
-0.016347,-0.0050531,-0.02898,0.042079,0.093147,1.0233,-0.16345,0.29892,0.29779,0.16939,0.091157,-0.24094,0.039936,-0.72649,-0.87904,2.7936,-0.30295,-0.43945,-0.12592,-0.097409,-0.48466,-0.28327,-0.68119,0.77226
-0.016,-0.00035759,-0.022241,0.037625,0.060191,1.0697,-0.082097,0.25295,0.36669,0.24517,0.12187,-0.53633,-0.035482,-0.64427,-0.88034,2.3386,-0.24814,-0.4812,-0.32224,-0.040187,-0.64048,-0.28888,-0.83305,0.44185
-0.016747,-0.00054936,-0.014816,0.033944,-0.024137,1.0909,-0.034587,0.20137,0.37385,0.29147,0.13131,-0.72544,-0.18191,-0.56708,-0.91299,2.1817,-0.18382,-0.63963,-0.53785,0.02623,-0.75086,-0.28336,-1.0223,0.15333
-0.017508,-0.0051253,-0.0084141,0.032406,-0.16872,1.056,-0.018974,0.15164,0.32942,0.29679,0.09438,-0.79791,-0.27169,-0.49291,-0.97073,2.1289,-0.11871,-0.9076,-0.72388,0.087029,-0.79044,-0.26313,-1.1538,-0.22161
-0.017396,-0.010859,-0.004584,0.031904,-0.35935,0.94747,-0.025476,0.10414,0.26116,0.26284,-0.0098751,-0.79467,-0.21789,-0.4088,-1.0318,1.8735,-0.064288,-1.2172,-0.83334,0.12818,-0.72106,-0.22086,-1.1422,-0.75207
-0.016295,-0.014299,-0.0029066,0.030297,-0.564,0.77696,-0.036711,0.058237,0.19834,0.20206,-0.19029,-0.76457,-0.054143,-0.29568,-1.0681,1.1973,-0.027065,-1.4509,-0.82958,0.14465,-0.50917,-0.14915,-0.96342,-1.3788
-0.0148,-0.014323,-0.00059173,0.027023,-0.74328,0.58327,-0.033971,0.017396,0.15703,0.13082,-0.43637,-0.73,0.08637,-0.13831,-1.0591,0.11005,-0.0037764,-1.488,-0.69992,0.14363,-0.14654,-0.047272,-0.67052,-1.9435
-0.013663,-0.012607,0.0060346,0.024367,-0.8653,0.4122,-0.0078122,-0.013464,0.13516,0.062771,-0.71533,-0.68433,0.070659,0.063838,-1.0054,-1.1726,0.016268,-1.2638,-0.4658,0.13991,0.33339,0.073485,-0.36514,-2.2927
-0.01324,-0.011691,0.019201,0.02602,-0.91844,0.29087,0.035477,-0.035819,0.11872,0.0055826,-0.97702,-0.61466,-0.14158,0.29162,-0.93043,-2.3837,0.043371,-0.80703,-0.17707,0.1466,0.85216,0.19025,-0.14307,-2.3762
-0.013309,-0.012463,0.038169,0.034086,-0.91347,0.21461,0.078833,-0.061069,0.093736,-0.03836,-1.1675,-0.52425,-0.48567,0.51171,-0.86707,-3.3645,0.080259,-0.2312,0.11031,0.16781,1.3023,0.27643,-0.048651,-2.2676
-0.013378,-0.013423,0.05947,0.047099,-0.8728,0.15521,0.10869,-0.10418,0.056278,-0.068949,-1.2466,-0.43437,-0.85749,0.68986,-0.83358,-4.11,0.12063,0.31394,0.35859,0.19793,1.582,0.31361,-0.062701,-2.1033
-0.013176,-0.01241,0.078617,0.060632,-0.81622,0.083185,0.127,-0.17241,0.014717,-0.085393,-1.2014,-0.36695,-1.1889,0.80366,-0.81784,-4.6858,0.15352,0.70268,0.557,0.22693,1.6365,0.30088,-0.12509,-1.9964
-0.012864,-0.009088,0.092224,0.06982,-0.75539,-0.012927,0.1497,-0.25992,-0.016373,-0.085015,-1.0478,-0.32681,-1.4665,0.84722,-0.78315,-5.1096,0.16951,0.8742,0.71133,0.24702,1.4859,0.25519,-0.17309,-1.9916
-0.012742,-0.005715,0.099417,0.071741,-0.69991,-0.12337,0.19174,-0.35389,-0.026356,-0.064353,-0.82034,-0.3006,-1.6879,0.82819,-0.69356,-5.3106,0.16441,0.83964,0.82783,0.25607,1.2225,0.2019,-0.17123,-2.0761
-0.012729,-0.0053094,0.10194,0.066263,-0.66521,-0.22918,0.25134,-0.44598,-0.016508,-0.021917,-0.55641,-0.27224,-1.8114,0.76293,-0.54006,-5.2006,0.13972,0.66176,0.90766,0.25671,0.9724,0.16087,-0.11922,-2.2132
-0.012228,-0.0088538,0.10298,0.055537,-0.67022,-0.31701,0.30833,-0.53771,-0.0011353,0.038983,-0.28452,-0.23956,-1.7574,0.67465,-0.34766,-4.7827,0.10139,0.42369,0.9539,0.25295,0.83713,0.13701,-0.03992,-2.3606
-0.010693,-0.014154,0.10535,0.043043,-0.72375,-0.38418,0.33939,-0.63438,-0.0011261,0.10927,-0.022831,-0.21663,-1.4667,0.59201,-0.1584,-4.1889,0.058527,0.20075,0.97813,0.24739,0.84394,0.12106,0.039567,-2.4643
-0.0084276,-0.017481,0.11004,0.032586,-0.81188,-0.43178,0.33746,-0.73425,-0.033474,0.17621,0.21524,-0.22012,-0.96527,0.54176,-0.0048624,-3.6017,0.021844,0.041481,0.99351,0.24017,0.93315,0.099366,0.10117,-2.4573
-0.0066568,-0.016561,0.11588,0.026994,-0.89982,-0.4547,0.31809,-0.82468,-0.10251,0.22805,0.41621,-0.2527,-0.37521,0.53445,0.10489,-3.1261,0.00059698,-0.040589,0.99848,0.22989,0.99494,0.064997,0.13823,-2.2853
-0.0064854,-0.012288,0.12043,0.026629,-0.94902,-0.43945,0.30606,-0.89001,-0.19756,0.25865,0.5685,-0.29847,0.14301,0.55264,0.18141,-2.728,-0.0012652,-0.064029,0.96964,0.21535,0.93864,0.022386,0.15061,-1.9464
-0.0075612,-0.0077802,0.12145,0.028738,-0.93691,-0.37316,0.3135,-0.92397,-0.29805,0.26913,0.66918,-0.3343,0.47593,0.55501,0.23599,-2.2985,0.012585,-0.066455,0.8779,0.19723,0.75379,-0.016981,0.13938,-1.507
-0.0079739,-0.0057867,0.11805,0.02878,-0.86567,-0.25639,0.32874,-0.93442,-0.38259,0.26514,0.72773,-0.34712,0.60875,0.50003,0.26892,-1.7826,0.032414,-0.086223,0.71946,0.17858,0.52122,-0.043373,0.1057,-1.0693
-0.0059863,-0.0067744,0.1111,0.023376,-0.75696,-0.10904,0.32592,-0.93597,-0.43669,0.25187,0.76132,-0.34239,0.61178,0.37562,0.27418,-1.2518,0.047498,-0.14704,0.53425,0.16349,0.36161,-0.05494,0.053302,-0.71346
-0.0022448,-0.0091331,0.10296,0.012823,-0.64133,0.035808,0.28731,-0.93776,-0.45535,0.2307,0.78438,-0.33751,0.58071,0.21193,0.25404,-0.84846,0.051614,-0.25213,0.39007,0.15418,0.35272,-0.057068,-0.0094322,-0.45988
-0.00010103,-0.01092,0.096637,0.00095806,-0.55095,0.14551,0.21903,-0.93803,-0.44085,0.20049,0.80176,-0.3467,0.57845,0.064197,0.22648,-0.65098,0.045442,-0.38846,0.33866,0.14868,0.47323,-0.056747,-0.070501,-0.28475
-0.0030363,-0.011365,0.094543,-0.0077766,-0.51568,0.19904,0.14668,-0.93003,-0.39934,0.16214,0.81151,-0.37025,0.61443,-0.024493,0.21561,-0.58851,0.034773,-0.53584,0.3769,0.14128,0.61572,-0.057264,-0.11814,-0.16868
-0.011036,-0.010965,0.097087,-0.011781,-0.55627,0.18924,0.095024,-0.91253,-0.33973,0.12193,0.81402,-0.39574,0.66211,-0.053025,0.2317,-0.48945,0.026284,-0.67422,0.44589,0.12623,0.66178,-0.057232,-0.1445,-0.1296
-0.019359,-0.010507,0.102,-0.013352,-0.67281,0.11762,0.069022,-0.89434,-0.27459,0.089489,0.81749,-0.40799,0.68816,-0.060758,0.25988,-0.22512,0.02387,-0.78643,0.47184,0.10208,0.56417,-0.053736,-0.14691,-0.20607
-0.021503,-0.010242,0.10524,-0.016484,-0.83608,-0.010815,0.051779,-0.88894,-0.21991,0.071306,0.83324,-0.3979,0.66861,-0.094884,0.27011,0.1801,0.027371,-0.85784,0.41762,0.073116,0.37535,-0.046129,-0.12679,-0.40603
-0.014397,-0.0099351,0.10337,-0.023362,-0.99265,-0.18738,0.019836,-0.90519,-0.19055,0.065211,0.86503,-0.36344,0.5882,-0.1718,0.24213,0.57133,0.0335,-0.87656,0.30503,0.046266,0.20357,-0.037274,-0.088413,-0.67086
-0.0014036,-0.0093944,0.095943,-0.032551,-1.0852,-0.39557,-0.038002,-0.94285,-0.19252,0.061682,0.9038,-0.30498,0.43733,-0.26307,0.18403,0.79685,0.037604,-0.83638,0.19164,0.025785,0.13342,-0.031796,-0.038686,-0.89142
0.0098172,-0.0087059,0.085928,-0.04033,-1.077,-0.60956,-0.1134,-0.99616,-0.21766,0.052111,0.93423,-0.2224,0.21851,-0.31717,0.12683,0.83197,0.035186,-0.74147,0.12342,0.010235,0.1726,-0.033262,0.012663,-0.96598
0.013094,-0.0079374,0.077495,-0.043874,-0.96396,-0.80011,-0.18655,-1.0602,-0.2462,0.037602,0.94821,-0.11812,-0.041872,-0.29975,0.098393,0.785,0.023064,-0.60928,0.10218,-0.0055674,0.26033,-0.042386,0.054128,-0.85263
0.0083758,-0.0068552,0.072721,-0.043544,-0.76922,-0.94534,-0.24046,-1.1331,-0.25734,0.030379,0.95213,-0.0027636,-0.29339,-0.22074,0.099519,0.78736,0.00046427,-0.46768,0.091974,-0.025313,0.32185,-0.056896,0.075534,-0.57598
0.0012765,-0.0051742,0.069948,-0.042453,-0.52568,-1.038,-0.26899,-1.2131,-0.24119,0.045517,0.9605,0.10432,-0.48366,-0.12779,0.10423,0.87232,-0.030136,-0.34553,0.054474,-0.047356,0.32021,-0.07246,0.071942,-0.18991
-0.0019577,-0.0031309,0.065354,-0.043794,-0.26161,-1.0831,-0.27436,-1.2944,-0.20373,0.089056,0.98152,0.18314,-0.59322,-0.072568,0.0855,0.9503,-0.063321,-0.26096,-0.01896,-0.065827,0.26699,-0.084035,0.046006,0.26457
0.00046114,-0.0016315,0.05654,-0.048203,0.0039078,-1.0881,-0.25944,-1.3677,-0.161,0.15214,1.0083,0.22516,-0.65721,-0.076868,0.044187,0.89528,-0.092876,-0.21493,-0.10441,-0.075893,0.19372,-0.087498,0.0069697,0.76882
0.00508,-0.0015978,0.045044,-0.053308,0.25841,-1.0545,-0.22386,-1.4251,-0.12713,0.21614,1.0245,0.24044,-0.75175,-0.12363,0.015054,0.65783,-0.11503,-0.19535,-0.17039,-0.078774,0.11734,-0.081424,-0.033636,1.3016
0.0070712,-0.0030446,0.035399,-0.055783,0.49331,-0.97994,-0.16687,-1.4628,-0.10557,0.26463,1.0195,0.25427,-0.94668,-0.17659,0.042701,0.3046,-0.13062,-0.1888,-0.20696,-0.082297,0.031304,-0.068256,-0.067414,1.8121
0.0049248,-0.0048465,0.031355,-0.054222,0.70363,-0.86706,-0.092702,-1.4798,-0.089853,0.29247,0.99864,0.29513,-1.2542,-0.21007,0.14634,-0.041483,-0.14413,-0.19002,-0.23446,-0.096517,-0.075753,-0.053824,-0.092306,2.2245
0.001655,-0.0055613,0.032487,-0.050405,0.88692,-0.73169,-0.012436,-1.4726,-0.072107,0.30524,0.97781,0.38066,-1.6113,-0.22513,0.30219,-0.29632,-0.15957,-0.19997,-0.2865,-0.12763,-0.19801,-0.044966,-0.11102,2.475
0.0016528,-0.0046396,0.034241,-0.047792,1.0381,-0.59944,0.059609,-1.4336,-0.051423,0.3106,0.96818,0.50729,-1.9124,-0.24168,0.45781,-0.45804,-0.17625,-0.21306,-0.381,-0.17422,-0.31147,-0.046318,-0.12518,2.5502
0.0063453,-0.0029273,0.031504,-0.048448,1.1438,-0.49234,0.11093,-1.3556,-0.03488,0.30993,0.96302,0.64681,-2.0739,-0.2762,0.56674,-0.56914,-0.18773,-0.20493,-0.49913,-0.22754,-0.39414,-0.058082,-0.1294,2.4922
0.01273,-0.0019885,0.022652,-0.051091,1.1837,-0.41629,0.13287,-1.2408,-0.030945,0.29744,0.93907,0.75245,-2.082,-0.32434,0.61632,-0.6456,-0.18538,-0.13385,-0.58367,-0.275,-0.44485,-0.075921,-0.11076,2.3652
0.016003,-0.0028256,0.010631,-0.052171,1.1431,-0.36064,0.11916,-1.1044,-0.041576,0.26689,0.87081,0.77696,-1.9893,-0.36133,0.62871,-0.64647,-0.16401,0.040798,-0.55632,-0.30459,-0.47953,-0.092822,-0.056057,2.2131
0.013733,-0.0050569,0.00033888,-0.049214,1.0281,-0.31092,0.064847,-0.96916,-0.06006,0.21917,0.74585,0.69967,-1.8607,-0.3582,0.63749,-0.51245,-0.12518,0.33344,-0.34659,-0.30882,-0.50685,-0.10181,0.037394,2.0436
0.0078124,-0.0071696,-0.0052186,-0.043422,0.87089,-0.26375,-0.031061,-0.85357,-0.076288,0.16372,0.57032,0.54845,-1.7132,-0.30085,0.66061,-0.23311,-0.075835,0.71789,0.076928,-0.28739,-0.50809,-0.098398,0.15513,1.8478
0.0026637,-0.0075882,-0.0066876,-0.038901,0.71439,-0.23045,-0.16034,-0.76278,-0.08471,0.11279,0.36249,0.39661,-1.5021,-0.19925,0.69064,0.12434,-0.023763,1.1344,0.68305,-0.24751,-0.44472,-0.082214,0.26896,1.6298
0.0015467,-0.0057652,-0.006974,-0.038965,0.58403,-0.22577,-0.30285,-0.68941,-0.088319,0.073752,0.14207,0.32487,-1.1644,-0.082465,0.70725,0.45569,0.025838,1.5148,1.374,-0.20131,-0.29254,-0.057459,0.34876,1.415
0.0042736,-0.0026084,-0.0084738,-0.042825,0.46676,-0.2516,-0.43047,-0.62186,-0.09573,0.045831,-0.076862,0.36567,-0.68425,0.015551,0.69861,0.6966,0.070229,1.8104,2.0086,-0.16066,-0.074863,-0.031883,0.37469,1.2239
0.0080121,-4.425e-005,-0.011519,-0.04595,0.31666,-0.28995,-0.51666,-0.55163,-0.11415,0.023396,-0.28711,0.4691,-0.11839,0.070849,0.67278,0.86948,0.10663,2.0061,2.4494,-0.13185,0.13565,-0.014058,0.34274,1.039
0.010008,3.1178e-005,-0.014965,-0.044007,0.089347,-0.31215,-0.5458,-0.47272,-0.14398,0.0020171,-0.48759,0.52356,0.44379,0.078099,0.65025,1.0601,0.131,2.1123,2.6134,-0.11326,0.25283,-0.009564,0.26261,0.79964
0.0096157,-0.0031038,-0.017731,-0.036842,-0.21549,-0.29687,-0.51631,-0.37516,-0.17867,-0.017956,-0.68377,0.42627,0.95117,0.050172,0.6447,1.3426,0.13992,2.1412,2.5013,-0.097807,0.22634,-0.017818,0.15309,0.43964
0.0080985,-0.0083754,-0.019633,-0.028709,-0.53417,-0.24245,-0.43646,-0.24154,-0.20937,-0.032491,-0.88769,0.15577,1.4253,0.0099882,0.64852,1.715,0.13396,2.0854,2.1884,-0.078276,0.069574,-0.031577,0.039117,-0.059308
0.0069017,-0.013296,-0.021147,-0.024435,-0.76019,-0.16381,-0.31684,-0.053124,-0.2301,-0.037366,-1.1134,-0.20987,1.9187,-0.021023,0.63515,2.0944,0.11847,1.9164,1.7833,-0.052103,-0.15165,-0.04004,-0.05043,-0.64222
0.0063111,-0.015321,-0.022915,-0.02509,-0.79681,-0.076829,-0.16569,0.19811,-0.23995,-0.030333,-1.3672,-0.54668,2.4312,-0.032046,0.57669,2.3743,0.10073,1.6092,1.3802,-0.022426,-0.35885,-0.034252,-0.088445,-1.207
0.0056413,-0.013428,-0.025736,-0.02727,-0.60754,0.017055,0.0096898,0.50252,-0.24151,-0.010612,-1.6375,-0.77014,2.8626,-0.02489,0.46322,2.4948,0.085551,1.1795,1.0288,0.0046203,-0.50087,-0.011757,-0.059385,-1.6633
0.0043983,-0.008803,-0.030697,-0.026653,-0.23097,0.13368,0.1972,0.8389,-0.23755,0.02228,-1.8948,-0.88556,3.059,-0.0083853,0.3097,2.4736,0.073622,0.70471,0.7353,0.023882,-0.57121,0.022446,0.033222,-1.9775
0.0030032,-0.0040237,-0.038707,-0.022365,0.24777,0.29313,0.37506,1.1894,-0.22906,0.067755,-2.1026,-0.96636,2.9222,0.010215,0.14606,2.3807,0.063562,0.30637,0.48383,0.033632,-0.59847,0.059374,0.16939,-2.1724
0.0023417,-0.0012972,-0.049429,-0.017925,0.744,0.4984,0.51334,1.5492,-0.21594,0.12143,-2.2364,-1.0842,2.4873,0.030106,-0.00076808,2.2843,0.055053,0.094147,0.25956,0.035429,-0.62148,0.091697,0.32585,-2.2879
0.0027326,-0.001143,-0.060642,-0.017839,1.2022,0.7189,0.5831,1.9189,-0.19917,0.17346,-2.2956,-1.2539,1.8973,0.054481,-0.11934,2.217,0.049204,0.10436,0.059828,0.032316,-0.66439,0.11772,0.49003,-2.3435
0.0034642,-0.0025373,-0.069009,-0.023066,1.5885,0.89089,0.56935,2.2852,-0.182,0.21097,-2.3003,-1.4367,1.2928,0.083581,-0.21333,2.1828,0.045671,0.27516,-0.11054,0.026968,-0.72316,0.141,0.66267,-2.3345
0.0033675,-0.0042096,-0.071968,-0.029646,1.8645,0.93903,0.48008,2.6056,-0.1686,0.22428,-2.2751,-1.5912,0.71978,0.11011,-0.29192,2.1893,0.040009,0.48005,-0.25302,0.020781,-0.76819,0.16586,0.84662,-2.2594
0.0018139,-0.0057494,-0.06932,-0.031767,1.9772,0.81217,0.34491,2.8161,-0.16095,0.21269,-2.2306,-1.7148,0.14058,0.12195,-0.36068,2.267,0.024996,0.60049,-0.38785,0.014013,-0.7629,0.19237,1.0326,-2.1432
-0.00082034,-0.0075062,-0.063188,-0.026494,1.884,0.51554,0.2026,2.8617,-0.15682,0.18546,-2.1564,-1.8363,-0.46727,0.1104,-0.41951,2.4498,-0.0044223,0.58913,-0.55562,0.0065558,-0.69075,0.21437,1.1972,-2.027
-0.0035371,-0.0095923,-0.056459,-0.016012,1.5947,0.11847,0.083845,2.7294,-0.15086,0.15643,-2.0309,-1.9665,-1.0304,0.077114,-0.46623,2.7308,-0.04711,0.4817,-0.80282,-0.001223,-0.57558,0.22224,1.3171,-1.9288
-0.0054127,-0.011228,-0.051042,-0.0056856,1.188,-0.27266,-0.00078681,2.4582,-0.13845,0.13609,-1.839,-2.0609,-1.4096,0.033684,-0.49947,3.0341,-0.096855,0.35421,-1.1563,-0.008199,-0.47901,0.20829,1.3891,-1.8129
-0.0059239,-0.011223,-0.047292,6.1656e-005,0.77681,-0.56501,-0.060851,2.1186,-0.11938,0.12605,-1.5881,-2.0387,-1.5213,-0.005728,-0.5177,3.2318,-0.14784,0.2624,-1.602,-0.013206,-0.47029,0.17129,1.4363,-1.6042
-0.0048102,-0.0090904,-0.044768,0.00052312,0.44304,-0.72338,-0.11503,1.7732,-0.098572,0.1194,-1.3085,-1.8512,-1.4341,-0.032377,-0.51665,3.2032,-0.19904,0.20917,-2.0854,-0.0165,-0.58372,0.11729,1.4921,-1.2438
-0.0019428,-0.0056026,-0.043351,-0.0017904,0.194,-0.77868,-0.17706,1.45,-0.083095,0.10598,-1.041,-1.5412,-1.3332,-0.044937,-0.49046,2.8953,-0.25301,0.15829,-2.5401,-0.020861,-0.79132,0.056846,1.5728,-0.74348
0.0024476,-0.0022108,-0.043622,-0.00388,-0.018987,-0.79515,-0.24774,1.1439,-0.077897,0.078946,-0.81909,-1.2396,-1.3708,-0.044467,-0.43724,2.3438,-0.30988,0.073698,-2.9242,-0.030955,-1.0109,0.00098157,1.6609,-0.19267
0.0074505,4.6053e-005,-0.046267,-0.0046376,-0.23164,-0.82097,-0.31679,0.84424,-0.083099,0.03885,-0.65586,-1.0875,-1.5315,-0.027588,-0.36461,1.6425,-0.363,-0.052752,-3.2361,-0.050536,-1.1456,-0.04208,1.7145,0.29069
0.011645,0.0010654,-0.051248,-0.00513,-0.40693,-0.85837,-0.37114,0.56248,-0.094407,-0.00655,-0.54296,-1.138,-1.6388,0.015423,-0.2891,0.88644,-0.40102,-0.2048,-3.4888,-0.078679,-1.1294,-0.06849,1.6969,0.62929
0.013903,0.0012616,-0.057563,-0.0070588,-0.4404,-0.87211,-0.40236,0.33982,-0.10573,-0.046299,-0.45935,-1.309,-1.503,0.095266,-0.22836,0.12764,-0.41534,-0.36405,-3.663,-0.10744,-0.94966,-0.079005,1.6059,0.82328
0.014211,0.00082694,-0.063819,-0.010987,-0.23232,-0.82348,-0.4085,0.22899,-0.11199,-0.072209,-0.38455,-1.4259,-1.0818,0.21484,-0.19169,-0.6334,-0.40599,-0.52345,-3.6796,-0.12317,-0.6407,-0.078103,1.4803,0.93054
0.013689,-0.00048184,-0.069034,-0.015723,0.23114,-0.69905,-0.3913,0.26497,-0.11063,-0.083885,-0.30872,-1.3295,-0.51592,0.36377,-0.17592,-1.4241,-0.38046,-0.67833,-3.4302,-0.11193,-0.26105,-0.071844,1.3786,1.0119
0.013662,-0.0028679,-0.072956,-0.01912,0.85576,-0.51304,-0.35377,0.44425,-0.10173,-0.089693,-0.23518,-0.97646,-0.011566,0.52038,-0.16948,-2.2617,-0.34635,-0.80884,-2.8527,-0.067116,0.12403,-0.064814,1.3453,1.0868
0.014597,-0.0059162,-0.075696,-0.019526,1.4942,-0.28917,-0.30151,0.7235,-0.087199,-0.10195,-0.1748,-0.46792,0.31935,0.65979,-0.16075,-3.1172,-0.30525,-0.8781,-1.9985,0.0047588,0.44849,-0.057697,1.3871,1.1289
0.015891,-0.0085601,-0.077192,-0.016867,2.0295,-0.044846,-0.2463,1.0358,-0.069661,-0.12821,-0.13642,0.011395,0.52434,0.7628,-0.14384,-3.891,-0.25342,-0.85371,-1.0331,0.084358,0.6501,-0.047495,1.4722,1.0974
0.016688,-0.009663,-0.077178,-0.012755,2.4178,0.20704,-0.2069,1.3141,-0.051378,-0.16426,-0.11919,0.29984,0.7345,0.82064,-0.11809,-4.4133,-0.18838,-0.73368,-0.15675,0.14736,0.68577,-0.0308,1.5497,0.97252
0.016849,-0.0087335,-0.075817,-0.0096568,2.6599,0.4453,-0.20314,1.5121,-0.033618,-0.19485,-0.1119,0.34158,1.0283,0.83413,-0.083453,-4.4879,-0.11418,-0.54921,0.50054,0.17671,0.55454,-0.0078938,1.5736,0.77223
0.017049,-0.0062509,-0.074345,-0.0096364,2.7427,0.63683,-0.24604,1.615,-0.016884,-0.20348,-0.099903,0.19698,1.3584,0.8099,-0.03677,-3.981,-0.039717,-0.33859,0.9376,0.17219,0.30945,0.015829,1.5161,0.54663
0.017879,-0.0034302,-0.074807,-0.013316,2.6112,0.7527,-0.33105,1.6378,-0.0018312,-0.18503,-0.075002,-0.016025,1.5974,0.75724,0.027201,-2.9209,0.028463,-0.11663,1.2513,0.15035,0.040526,0.032733,1.3672,0.36081
0.018943,-0.0016155,-0.07867,-0.019524,2.2056,0.79274,-0.44067,1.6108,0.0099825,-0.15152,-0.041363,-0.20145,1.6467,0.68728,0.11119,-1.5416,0.091188,0.12679,1.5452,0.13366,-0.16768,0.038034,1.1277,0.27449
0.019013,-0.0016311,-0.085204,-0.025766,1.5273,0.79636,-0.5556,1.5624,0.016447,-0.12561,-0.012913,-0.3308,1.5109,0.61272,0.21132,-0.21802,0.15386,0.39167,1.85,0.13552,-0.27851,0.032857,0.80265,0.31898
0.017228,-0.0033994,-0.091168,-0.02931,0.67199,0.82749,-0.66603,1.5062,0.016262,-0.12589,-0.0040274,-0.43188,1.2793,0.54532,0.31676,0.6956,0.21789,0.62752,2.1107,0.15152,-0.31643,0.022554,0.40291,0.4757
0.014136,-0.0060274,-0.092544,-0.028392,-0.20323,0.94417,-0.77429,1.4431,0.010077,-0.15504,-0.020204,-0.54186,1.0488,0.49065,0.41336,1.0332,0.27499,0.73271,2.2405,0.16359,-0.34176,0.011732,-0.051914,0.67135
0.011394,-0.0083465,-0.087395,-0.022981,-0.9541,1.1748,-0.88718,1.3733,0.00015515,-0.20006,-0.055157,-0.66731,0.86141,0.44338,0.48849,0.88007,0.31116,0.61003,2.1861,0.15416,-0.4054,0.00033249,-0.53496,0.80517
0.010236,-0.0095888,-0.077673,-0.014687,-1.5051,1.5141,-1.0054,1.3059,-0.011293,-0.24354,-0.095363,-0.77998,0.70153,0.38834,0.53481,0.48915,0.31824,0.24477,1.9512,0.11984,-0.51508,-0.01584,-1.0216,0.80252
0.010171,-0.0097259,-0.068318,-0.0059042,-1.8512,1.9327,-1.1197,1.2534,-0.023502,-0.27615,-0.12731,-0.84265,0.53802,0.30917,0.55228,0.11135,0.30301,-0.25638,1.5684,0.074347,-0.63395,-0.040722,-1.5016,0.66155
0.0093444,-0.0092203,-0.063988,0.0013163,-2.0183,2.385,-1.2172,1.216,-0.036817,-0.30047,-0.14175,-0.83571,0.35953,0.20032,0.54843,-0.13494,0.28495,-0.70491,1.0596,0.039121,-0.70861,-0.073518,-1.9838,0.45547
0.0064099,-0.0084456,-0.065786,0.0060916,-2.0268,2.8102,-1.2901,1.1687,-0.050955,-0.32424,-0.13333,-0.76057,0.17555,0.073869,0.53653,-0.27049,0.28307,-0.92962,0.42989,0.02898,-0.70528,-0.10775,-2.487,0.2827
0.0021512,-0.0073642,-0.070451,0.0089519,-1.8861,3.1356,-1.3386,1.0703,-0.06386,-0.35091,-0.099078,-0.62257,-0.0023058,-0.045079,0.53049,-0.35794,0.30195,-0.8697,-0.29628,0.043581,-0.63119,-0.13431,-3.0222,0.1997
-0.00092228,-0.0058137,-0.072651,0.011569,-1.6129,3.2945,-1.3635,0.8924,-0.072723,-0.3764,-0.039355,-0.41721,-0.16607,-0.13254,0.53706,-0.40221,0.32829,-0.5995,-1.0354,0.069592,-0.53037,-0.14595,-3.5774,0.18715
-0.00089001,-0.0041026,-0.06859,0.016076,-1.2453,3.2547,-1.357,0.6495,-0.076515,-0.39431,0.039034,-0.13877,-0.29455,-0.18005,0.54938,-0.33939,0.34031,-0.27331,-1.6496,0.090071,-0.45843,-0.14019,-4.1144,0.17429
0.0014707,-0.0031927,-0.058283,0.023992,-0.83774,3.0361,-1.3031,0.40159,-0.077569,-0.40372,0.12219,0.19483,-0.33896,-0.19919,0.54727,-0.1148,0.3224,-0.033739,-2.0078,0.093162,-0.45061,-0.11935,-4.5764,0.098901
0.0029803,-0.0040777,-0.045062,0.035006,-0.44813,2.698,-1.1901,0.22305,-0.080335,-0.4117,0.19433,0.52751,-0.24083,-0.21311,0.50711,0.23328,0.27348,0.054688,-2.0675,0.074986,-0.5005,-0.088589,-4.897,-0.045607
0.00078472,-0.0068183,-0.033061,0.046351,-0.13338,2.2985,-1.0253,0.15563,-0.088081,-0.42848,0.24693,0.78215,0.020588,-0.24133,0.41727,0.5707,0.20437,0.013897,-1.9145,0.037681,-0.56235,-0.053553,-5.0057,-0.20989
-0.0049016,-0.010211,-0.02472,0.053691,0.047535,1.8585,-0.8357,0.17973,-0.10035,-0.45989,0.28497,0.90254,0.39093,-0.28838,0.28958,0.75483,0.12847,-0.085786,-1.7283,-0.013341,-0.57861,-0.018838,-4.8354,-0.32827
-0.010705,-0.012604,-0.019887,0.053564,0.040053,1.3588,-0.65203,0.22594,-0.11342,-0.50377,0.32478,0.8888,0.75379,-0.34318,0.1581,0.73857,0.05463,-0.174,-1.6933,-0.070857,-0.51901,0.012376,-4.3439,-0.3628
-0.01295,-0.013255,-0.016716,0.045957,-0.18033,0.77466,-0.48673,0.21974,-0.12329,-0.55238,0.38405,0.79676,0.99326,-0.388,0.063379,0.60213,-0.013294,-0.21065,-1.9119,-0.1278,-0.40615,0.037679,-3.5467,-0.32034
-0.010941,-0.012979,-0.013344,0.034868,-0.5798,0.11925,-0.32647,0.12778,-0.12865,-0.59783,0.47021,0.70053,1.0599,-0.41013,0.030502,0.48865,-0.072615,-0.19252,-2.3726,-0.18189,-0.30715,0.054428,-2.5417,-0.23877
-0.0076301,-0.01336,-0.0091565,0.025892,-1.0655,-0.54204,-0.14786,-0.025388,-0.13152,-0.63573,0.57495,0.64725,0.98818,-0.40872,0.05405,0.50054,-0.11955,-0.14449,-2.9831,-0.24097,-0.29214,0.059426,-1.4951,-0.16166
-0.0069924,-0.015215,-0.004942,0.022377,-1.5233,-1.1192,0.055481,-0.17833,-0.13539,-0.66538,0.67781,0.63771,0.85577,-0.39366,0.10024,0.6409,-0.15112,-0.1038,-3.6325,-0.32316,-0.38545,0.050119,-0.58364,-0.12169
-0.010505,-0.017751,-0.0019285,0.023229,-1.8691,-1.543,0.25871,-0.27302,-0.14295,-0.68787,0.75658,0.64285,0.72426,-0.37811,0.12587,0.83767,-0.16847,-0.10113,-4.2373,-0.44708,-0.54399,0.026975,0.080085,-0.13713
-0.015913,-0.019289,-0.0003435,0.024407,-2.0741,-1.7922,0.41928,-0.28546,-0.1547,-0.70389,0.79837,0.63645,0.61328,-0.36971,0.10265,1.0165,-0.17708,-0.14413,-4.7446,-0.61513,-0.68,-0.0047084,0.49044,-0.21222
-0.01936,-0.018918,0.0014898,0.023021,-2.146,-1.8845,0.50906,-0.22991,-0.1689,-0.7117,0.80538,0.6146,0.52182,-0.36554,0.031551,1.1542,-0.18258,-0.21319,-5.106,-0.80054,-0.71362,-0.035604,0.72856,-0.33305
-0.018881,-0.017503,0.0066586,0.020452,-2.0946,-1.8484,0.53795,-0.14097,-0.1817,-0.70523,0.79243,0.58941,0.46227,-0.35407,-0.061959,1.2738,-0.18588,-0.27474,-5.2558,-0.94971,-0.61927,-0.056186,0.89418,-0.46181
-0.016094,-0.01707,0.017796,0.021545,-1.9195,-1.7072,0.54744,-0.051682,-0.1874,-0.67359,0.77742,0.56904,0.46236,-0.32291,-0.14779,1.3993,-0.18194,-0.30463,-5.1189,-1.0026,-0.43561,-0.061604,1.0404,-0.54063
-0.014651,-0.019073,0.035019,0.030278,-1.6359,-1.4881,0.57798,0.017606,-0.17942,-0.60455,0.77046,0.54582,0.52841,-0.2671,-0.21139,1.5216,-0.16378,-0.30362,-4.6473,-0.92176,-0.23634,-0.05448,1.1575,-0.51211
-0.016897,-0.023042,0.055265,0.045533,-1.3051,-1.2397,0.63698,0.057505,-0.15286,-0.49184,0.76849,0.50218,0.61191,-0.19175,-0.2595,1.6068,-0.12827,-0.29244,-3.8583,-0.7124,-0.086145,-0.04369,1.2105,-0.34998
-0.021734,-0.026757,0.073719,0.060752,-1.0268,-1.0295,0.69488,0.063543,-0.10752,-0.34221,0.75941,0.42524,0.62755,-0.10638,-0.30779,1.6346,-0.079302,-0.292,-2.8484,-0.42214,-0.01177,-0.039794,1.1887,-0.081713
-0.025505,-0.027783,0.086433,0.068079,-0.88309,-0.91396,0.71244,0.034028,-0.049193,-0.17614,0.73249,0.31434,0.52369,-0.015648,-0.36125,1.6261,-0.026366,-0.30817,-1.7683,-0.11918,-0.0025126,-0.04973,1.1239,0.21512
-0.025106,-0.025178,0.092307,0.063842,-0.87621,-0.90341,0.67556,-0.027386,0.0123,-0.019625,0.68715,0.1768,0.34633,0.084875,-0.40388,1.63,0.019903,-0.33483,-0.77224,0.13758,-0.03131,-0.073478,1.0622,0.44591
-0.020653,-0.020169,0.093158,0.051089,-0.92055,-0.95561,0.60733,-0.10987,0.067394,0.10837,0.63271,0.020198,0.22867,0.20238,-0.40737,1.6804,0.051911,-0.36984,0.034358,0.31991,-0.07679,-0.10399,1.0234,0.54536
-0.015502,-0.015411,0.092111,0.037288,-0.90468,-1.0099,0.54728,-0.19919,0.11048,0.20434,0.57956,-0.14796,0.29597,0.33362,-0.35258,1.7618,0.067121,-0.42386,0.62376,0.43313,-0.1323,-0.13017,0.98596,0.50877
-0.013619,-0.013381,0.091676,0.029073,-0.77921,-1.036,0.51606,-0.28623,0.14075,0.27873,0.52972,-0.31368,0.5548,0.45624,-0.24713,1.815,0.06788,-0.50891,1.041,0.5025,-0.20186,-0.14145,0.91273,0.3873
-0.016449,-0.014907,0.092733,0.028047,-0.59858,-1.0574,0.4963,-0.37484,0.16057,0.34635,0.4759,-0.4531,0.86232,0.53431,-0.12459,1.7803,0.059882,-0.61551,1.3695,0.55388,-0.29206,-0.13224,0.78907,0.24855
-0.021754,-0.018714,0.094698,0.030505,-0.48114,-1.1286,0.44551,-0.48326,0.17332,0.41657,0.41024,-0.53984,1.0134,0.53718,-0.024944,1.6456,0.049718,-0.70234,1.6854,0.60045,-0.40831,-0.10419,0.63644,0.12881
-0.025294,-0.022271,0.096346,0.030821,-0.51984,-1.2848,0.32917,-0.63736,0.18237,0.48976,0.33469,-0.55865,0.88553,0.45905,0.029169,1.4609,0.041943,-0.71446,2.0223,0.64098,-0.55624,-0.06536,0.48994,0.010272
-0.024012,-0.023439,0.096634,0.025643,-0.71505,-1.5063,0.14677,-0.85783,0.19051,0.56067,0.26225,-0.51329,0.52797,0.32468,0.043195,1.3092,0.03688,-0.62077,2.3631,0.66703,-0.74359,-0.026551,0.3663,-0.16007
-0.01829,-0.021848,0.09525,0.015867,-0.97948,-1.7253,-0.068516,-1.1461,0.19869,0.62349,0.20664,-0.42273,0.12404,0.17635,0.041315,1.2525,0.030889,-0.44129,2.6614,0.67234,-0.97741,0.0029685,0.25757,-0.42345
-0.011615,-0.019002,0.092779,0.0053693,-1.2036,-1.8671,-0.27161,-1.4752,0.20412,0.67358,0.16851,-0.3118,-0.14278,0.051203,0.045736,1.2941,0.019535,-0.24075,2.8772,0.65788,-1.2552,0.018448,0.15818,-0.76904
-0.0079667,-0.016969,0.090409,-0.0020967,-1.3236,-1.893,-0.42777,-1.7916,0.19995,0.70562,0.131,-0.20653,-0.21132,-0.035299,0.061127,1.3804,0.0014877,-0.091865,3.0054,0.63054,-1.5542,0.020542,0.095256,-1.13
-0.0089036,-0.016652,0.089169,-0.0054088,-1.3415,-1.811,-0.51855,-2.031,0.1783,0.71231,0.06993,-0.13599,-0.16091,-0.089655,0.075137,1.4417,-0.020243,-0.036389,3.0783,0.59789,-1.8275,0.014865,0.12392,-1.4185
-0.012514,-0.017033,0.089072,-0.0063784,-1.293,-1.6539,-0.53362,-2.1432,0.13572,0.68696,-0.029068,-0.13122,-0.12242,-0.12735,0.072243,1.4389,-0.041175,-0.072688,3.1438,0.56338,-2.0133,0.010924,0.28192,-1.5745
-0.014984,-0.016082,0.088874,-0.00806,-1.2015,-1.4475,-0.46445,-2.1148,0.077273,0.62938,-0.16015,-0.21265,-0.16499,-0.15885,0.047985,1.3828,-0.059857,-0.17427,3.2346,0.52564,-2.0597,0.019854,0.54056,-1.5947
-0.013568,-0.012607,0.086864,-0.012596,-1.0619,-1.1959,-0.31083,-1.9752,0.015642,0.54995,-0.30214,-0.37169,-0.25106,-0.18525,0.012016,1.3125,-0.079479,-0.31763,3.3503,0.48141,-1.9542,0.049948,0.79983,-1.5271
-0.0086821,-0.0074595,0.082251,-0.020105,-0.85804,-0.89314,-0.094928,-1.7809,-0.034835,0.46761,-0.4338,-0.56368,-0.28585,-0.20457,-0.021049,1.2502,-0.10446,-0.49284,3.4608,0.42957,-1.7389,0.10085,0.94144,-1.4391
-0.0035093,-0.0030274,0.075985,-0.029054,-0.59139,-0.54494,0.13462,-1.5857,-0.065391,0.40159,-0.5465,-0.72538,-0.20661,-0.22036,-0.043719,1.1705,-0.13483,-0.69011,3.5258,0.3727,-1.4957,0.16011,0.90319,-1.3824
-0.001428,-0.0013944,0.070127,-0.037472,-0.288,-0.18028,0.31879,-1.415,-0.076537,0.36206,-0.6443,-0.80944,-0.03244,-0.24343,-0.060025,1.0083,-0.16382,-0.88072,3.5171,0.31562,-1.3059,0.2062,0.71787,-1.3724
-0.0033191,-0.0026775,0.066096,-0.044037,0.018261,0.1576,0.41631,-1.2599,-0.076054,0.34599,-0.73345,-0.81149,0.15993,-0.28457,-0.079359,0.70269,-0.18163,-1.0168,3.4302,0.26264,-1.2069,0.21848,0.48776,-1.3859
-0.0069002,-0.0048649,0.063289,-0.04855,0.30556,0.43164,0.42271,-1.0944,-0.072978,0.34114,-0.81255,-0.76852,0.30127,-0.34463,-0.10626,0.24253,-0.18228,-1.056,3.2831,0.21631,-1.1776,0.18856,0.31711,-1.3733
-0.008602,-0.0052135,0.059419,-0.051844,0.56557,0.62651,0.36563,-0.90108,-0.071609,0.3355,-0.87258,-0.72936,0.37276,-0.41078,-0.13535,-0.3192,-0.16766,-0.99183,3.1063,0.17824,-1.1636,0.12539,0.25497,-1.2808
-0.0064249,-0.0020833,0.052518,-0.055329,0.78735,0.74861,0.28118,-0.68738,-0.069184,0.32555,-0.90625,-0.72008,0.39281,-0.46245,-0.15522,-0.89398,-0.14498,-0.86277,2.9276,0.15031,-1.1229,0.049836,0.28585,-1.0786
-0.0014508,0.0040962,0.042956,-0.060211,0.94506,0.81375,0.19171,-0.48279,-0.058442,0.31731,-0.91669,-0.72939,0.36907,-0.48283,-0.15672,-1.4051,-0.12051,-0.7303,2.7586,0.13417,-1.0562,-0.017619,0.36335,-0.78394
0.0031461,0.011234,0.033685,-0.066509,1.0069,0.83396,0.10166,-0.32027,-0.033488,0.31943,-0.9162,-0.72157,0.2675,-0.46773,-0.13791,-1.8168,-0.095696,-0.64233,2.5885,0.12916,-0.99703,-0.067089,0.4507,-0.4641
0.0046528,0.01688,0.028291,-0.072445,0.95993,0.81348,0.010515,-0.21695,0.00459,0.33351,-0.91509,-0.66268,0.031513,-0.42643,-0.10193,-2.1249,-0.069175,-0.60988,2.3902,0.13098,-0.97231,-0.10056,0.53562,-0.21045
0.0027889,0.019479,0.028319,-0.075019,0.82826,0.75488,-0.073273,-0.16687,0.046126,0.34915,-0.91029,-0.53913,-0.36312,-0.37551,-0.051125,-2.3229,-0.042057,-0.61162,2.1381,0.13306,-0.96897,-0.12451,0.61623,-0.094304
-0.0003988,0.018866,0.032003,-0.071907,0.6649,0.66751,-0.13169,-0.14824,0.076993,0.34837,-0.88417,-0.35878,-0.86437,-0.33101,0.01594,-2.3788,-0.02014,-0.61672,1.8274,0.13018,-0.93494,-0.14094,0.68043,-0.13298
-0.0023729,0.01592,0.035332,-0.063519,0.52334,0.56987,-0.14923,-0.1374,0.086439,0.31647,-0.81638,-0.14074,-1.349,-0.30343,0.10097,-2.2479,-0.0099194,-0.60386,1.4808,0.12112,-0.81318,-0.14416,0.70247,-0.29098
-0.0019474,0.011831,0.034573,-0.053446,0.43043,0.48272,-0.12419,-0.11918,0.073569,0.25156,-0.70068,0.093613,-1.676,-0.29638,0.19916,-1.9141,-0.01183,-0.56367,1.1372,0.10839,-0.57914,-0.12551,0.66052,-0.51517
0.00034771,0.0075969,0.028254,-0.046476,0.38016,0.41778,-0.06774,-0.089231,0.04766,0.16567,-0.5545,0.32284,-1.7531,-0.30676,0.29591,-1.422,-0.017644,-0.49053,0.8289,0.095306,-0.25271,-0.081393,0.55866,-0.77428
0.003359,0.0040158,0.017305,-0.045424,0.34751,0.37048,0.0070046,-0.051075,0.021696,0.077073,-0.41375,0.5252,-1.5742,-0.32528,0.37099,-0.86971,-0.015501,-0.37962,0.56552,0.083523,0.11884,-0.018187,0.43286,-1.0682
0.0065363,0.0018862,0.0036423,-0.049265,0.30623,0.32168,0.093545,-0.013753,0.0037949,8.7664e-006,-0.31526,0.68227,-1.2109,-0.33857,0.40802,-0.36267,0.0011445,-0.23583,0.33554,0.072938,0.48566,0.049254,0.33348,-1.3985
0.010057,0.0019022,-0.011286,-0.054121,0.23631,0.24738,0.18903,0.008603,-0.0069061,-0.06034,-0.27802,0.78613,-0.76848,-0.33431,0.40245,0.035568,0.028266,-0.084978,0.12424,0.06344,0.80635,0.10413,0.29538,-1.727
0.013907,0.0041014,-0.02675,-0.05625,0.12172,0.12986,0.28398,-0.001098,-0.016964,-0.10531,-0.29523,0.84286,-0.33761,-0.30832,0.36273,0.3166,0.054076,0.028511,-0.068388,0.055904,1.0439,0.13481,0.31589,-1.9639
0.017126,0.0073811,-0.041793,-0.054493,-0.05099,-0.035374,0.35767,-0.055314,-0.031231,-0.13687,-0.34158,0.86717,0.035033,-0.2689,0.3047,0.49741,0.067089,0.062418,-0.22342,0.051046,1.1633,0.13873,0.35609,-2.0046
0.018251,0.0098027,-0.054275,-0.050287,-0.28599,-0.23867,0.38716,-0.15147,-0.048071,-0.1549,-0.39004,0.8713,0.3448,-0.23417,0.24399,0.57864,0.062527,0.0034958,-0.31453,0.047479,1.143,0.12206,0.36518,-1.7952
0.01666,0.0097715,-0.061135,-0.045686,-0.56881,-0.45937,0.36395,-0.26768,-0.061292,-0.15983,-0.42578,0.85778,0.6038,-0.2225,0.19124,0.53199,0.042717,-0.11975,-0.32448,0.041546,0.99272,0.095961,0.31257,-1.3788
0.013434,0.0072308,-0.059999,-0.041538,-0.86519,-0.67028,0.3035,-0.372,-0.066681,-0.1569,-0.44757,0.82268,0.81123,-0.2419,0.15143,0.33006,0.013326,-0.24846,-0.25489,0.029792,0.75731,0.071725,0.20624,-0.88664
0.01068,0.0037528,-0.05101,-0.03742,-1.1328,-0.84262,0.23774,-0.44195,-0.066893,-0.15638,-0.45757,0.76588,0.94026,-0.28513,0.12498,-0.0094526,-0.019468,-0.32135,-0.12568,0.012039,0.49718,0.056653,0.084244,-0.47517
0.0097814,0.0012841,-0.037431,-0.03295,-1.3381,-0.95136,0.19548,-0.4805,-0.070163,-0.16828,-0.44971,0.69794,0.95227,-0.33391,0.10858,-0.40965,-0.048375,-0.30078,0.030493,-0.0079292,0.25826,0.052372,-0.015163,-0.25033
0.010235,0.00057383,-0.024382,-0.028709,-1.467,-0.9802,0.18599,-0.51472,-0.08406,-0.19557,-0.40802,0.63626,0.82941,-0.36893,0.095933,-0.77146,-0.063656,-0.18209,0.17365,-0.024918,0.055691,0.055925,-0.083779,-0.22541
0.010272,0.00070047,-0.016419,-0.025724,-1.5213,-0.92439,0.19778,-0.57579,-0.10982,-0.23186,-0.3172,0.59328,0.60003,-0.37909,0.080142,-1.0384,-0.055359,0.01502,0.26242,-0.03588,-0.11786,0.062595,-0.15127,-0.33489
0.0087393,0.0001369,-0.015471,-0.024204,-1.509,-0.79032,0.21181,-0.67521,-0.14188,-0.26536,-0.17658,0.56713,0.33204,-0.36512,0.058451,-1.2391,-0.019632,0.26331,0.26502,-0.041399,-0.27182,0.068362,-0.26376,-0.48676
0.006413,-0.0016626,-0.020357,-0.023118,-1.4364,-0.59285,0.21707,-0.7959,-0.17231,-0.28531,-0.0049386,0.54307,0.091482,-0.33706,0.036346,-1.4725,0.035833,0.54089,0.175,-0.044162,-0.40637,0.070468,-0.44875,-0.61389
0.0053588,-0.0036616,-0.028,-0.021225,-1.308,-0.35294,0.21642,-0.90538,-0.19587,-0.28567,0.16815,0.50516,-0.1064,-0.30889,0.027072,-1.8432,0.093019,0.83362,0.02249,-0.046411,-0.51716,0.066481,-0.69311,-0.69296
0.0068708,-0.0041756,-0.035435,-0.018475,-1.132,-0.09605,0.22068,-0.97978,-0.21148,-0.2643,0.31756,0.44887,-0.31399,-0.29365,0.045232,-2.3894,0.13216,1.128,-0.1314,-0.048999,-0.60279,0.053952,-0.95138,-0.72878
0.0099572,-0.0024269,-0.041329,-0.016221,-0.92449,0.15022,0.2384,-1.0184,-0.22002,-0.22054,0.43224,0.38564,-0.61445,-0.30031,0.098042,-3.0518,0.14186,1.4003,-0.22026,-0.0526,-0.6607,0.032288,-1.1773,-0.72749
0.011916,0.00071338,-0.046209,-0.015923,-0.7088,0.36121,0.27082,-1.0378,-0.22136,-0.15493,0.51311,0.33716,-1.0499,-0.33137,0.18032,-3.6941,0.12345,1.6109,-0.20589,-0.059052,-0.67471,0.0059425,-1.3525,-0.68502
0.010599,0.0033903,-0.051438,-0.017631,-0.50961,0.52136,0.31445,-1.0518,-0.21375,-0.071474,0.5639,0.3242,-1.5646,-0.38071,0.27667,-4.1561,0.086937,1.7083,-0.098732,-0.070634,-0.61386,-0.014423,-1.4879,-0.59787
0.0063459,0.0041345,-0.057756,-0.019758,-0.3459,0.62676,0.36664,-1.0566,-0.19566,0.02098,0.5849,0.35684,-2.008,-0.4329,0.36864,-4.3061,0.043065,1.6481,0.048889,-0.087346,-0.45444,-0.0157,-1.5976,-0.48042
0.0018447,0.0027523,-0.064455,-0.020343,-0.22489,0.6808,0.4275,-1.0334,-0.16764,0.11146,0.57524,0.42965,-2.2068,-0.46631,0.44103,-4.0766,-0.0018303,1.4176,0.17185,-0.10473,-0.2107,0.0097016,-1.6689,-0.36713
2.0384e-006,0.00018547,-0.06984,-0.018557,-0.13899,0.68592,0.49679,-0.96663,-0.13224,0.19241,0.54035,0.52246,-2.06,-0.46028,0.48339,-3.4878,-0.045127,1.0541,0.22373,-0.11485,0.056025,0.056616,-1.6581,-0.29378
0.0016574,-0.0022678,-0.072662,-0.015121,-0.067459,0.63949,0.56971,-0.86005,-0.092138,0.26356,0.49631,0.60594,-1.5991,-0.40324,0.48802,-2.6606,-0.08424,0.64123,0.19147,-0.11047,0.26577,0.10651,-1.5213,-0.27342
0.0050264,-0.0036416,-0.073299,-0.011513,0.016244,0.53965,0.63678,-0.7385,-0.048737,0.33028,0.46598,0.65111,-0.96995,-0.29695,0.44927,-1.8061,-0.11518,0.27916,0.089028,-0.089728,0.36713,0.13562,-1.2575,-0.28981
0.0072313,-0.0035634,-0.073534,-0.0089216,0.13317,0.39734,0.68828,-0.63318,-0.0026815,0.3976,0.4689,0.64064,-0.35273,-0.15386,0.36696,-1.1692,-0.1353,0.041352,-0.058017,-0.057793,0.36464,0.1278,-0.92987,-0.31534
0.0065582,-0.0022393,-0.074896,-0.0078406,0.28848,0.2425,0.71978,-0.56304,0.044208,0.46487,0.51178,0.57665,0.12742,0.0094999,0.25108,-0.92849,-0.1472,-0.056548,-0.22269,-0.024486,0.3039,0.084044,-0.6402,-0.33754
0.0036227,-0.0003693,-0.076978,-0.0082686,0.46761,0.11389,0.73394,-0.52615,0.087727,0.52536,0.58538,0.47966,0.44295,0.17771,0.12199,-1.1016,-0.15868,-0.05637,-0.37759,0.00063701,0.22968,0.022245,-0.47222,-0.36922
0.00066348,0.0010466,-0.077428,-0.0099032,0.64129,0.035491,0.73813,-0.50586,0.12232,0.57067,0.66928,0.3781,0.64269,0.33623,0.0035533,-1.5229,-0.17759,-0.025741,-0.49433,0.012501,0.15582,-0.032821,-0.44122,-0.43243
-0.00028303,0.0011293,-0.073964,-0.012081,0.77665,-0.0035474,0.74013,-0.48558,0.14387,0.59605,0.74139,0.2939,0.79562,0.46855,-0.086853,-1.9299,-0.20534,-0.016972,-0.54922,0.011844,0.071456,-0.062768,-0.48763,-0.53098
0.0012086,-0.00038906,-0.066757,-0.013855,0.84908,-0.046867,0.7451,-0.46144,0.15225,0.60274,0.78758,0.23298,0.94571,0.55703,-0.14375,-2.1164,-0.23501,-0.044033,-0.53345,0.0036025,-0.028008,-0.063595,-0.51907,-0.63785
0.0039897,-0.0030091,-0.058956,-0.014576,0.85038,-0.14298,0.75459,-0.44469,0.15176,0.59647,0.80673,0.18585,1.102,0.59048,-0.1705,-2.0559,-0.25638,-0.089958,-0.45761,-0.0061072,-0.11976,-0.044136,-0.46956,-0.71027
0.0065798,-0.0058788,-0.054654,-0.014608,0.79133,-0.30954,0.76635,-0.45385,0.1491,0.58432,0.80883,0.13643,1.2521,0.57317,-0.1715,-1.9091,-0.2638,-0.13331,-0.34357,-0.012591,-0.16431,-0.017674,-0.33281,-0.71992
0.0083999,-0.0085029,-0.055937,-0.015314,0.69853,-0.51755,0.77487,-0.50213,0.1501,0.57148,0.80714,0.07311,1.3705,0.52548,-0.14791,-1.9088,-0.26032,-0.1694,-0.20851,-0.013745,-0.13725,0.0061866,-0.14776,-0.67231
0.0098886,-0.01114,-0.061578,-0.017963,0.60567,-0.71015,0.77364,-0.58841,0.15678,0.55897,0.80868,-0.0029872,1.4114,0.47184,-0.10128,-2.2027,-0.25437,-0.21002,-0.054205,-0.0097019,-0.050617,0.02383,0.047023,-0.6
0.011485,-0.014491,-0.068425,-0.02239,0.54111,-0.84355,0.75934,-0.69721,0.16632,0.54217,0.80877,-0.074856,1.305,0.42346,-0.041009,-2.7617,-0.25178,-0.26562,0.12971,-0.0015825,0.055741,0.034302,0.25042,-0.5382
0.012597,-0.018886,-0.07402,-0.026737,0.5161,-0.91784,0.73573,-0.80745,0.17232,0.51191,0.79319,-0.11238,0.98599,0.3709,0.013676,-3.4053,-0.25018,-0.32882,0.35187,0.0097279,0.14296,0.035305,0.49706,-0.50518
0.011778,-0.023583,-0.078038,-0.028775,0.52001,-0.97186,0.71305,-0.90401,0.16802,0.45916,0.74694,-0.083065,0.45042,0.29473,0.042373,-3.9076,-0.24041,-0.37401,0.60701,0.023947,0.19445,0.023295,0.82081,-0.5023
0.0082224,-0.026753,-0.081473,-0.027775,0.52619,-1.0455,0.70172,-0.98437,0.15003,0.38232,0.66489,0.029184,-0.20052,0.18677,0.037236,-4.0967,-0.21354,-0.37146,0.87515,0.040791,0.213,-0.0021985,1.2168,-0.52777
0.0032307,-0.026277,-0.084829,-0.025191,0.50613,-1.1401,0.70396,-1.0565,0.12067,0.29179,0.55869,0.20415,-0.78311,0.063599,0.009572,-3.888,-0.16718,-0.30188,1.1307,0.059201,0.2032,-0.034482,1.6355,-0.58655
3.0505e-005,-0.020975,-0.087377,-0.023398,0.44476,-1.2112,0.71042,-1.1308,0.087153,0.2069,0.4563,0.37845,-1.1258,-0.040961,-0.018603,-3.2629,-0.10607,-0.15971,1.3524,0.077473,0.16208,-0.060512,2.0131,-0.68591
0.0015974,-0.011603,-0.088222,-0.023489,0.34871,-1.1983,0.70559,-1.2123,0.057847,0.14502,0.39354,0.46389,-1.1768,-0.099047,-0.032904,-2.2532,-0.0374,0.052581,1.5254,0.094517,0.089038,-0.066997,2.3112,-0.82329
0.0080574,-0.00095652,-0.087832,-0.024083,0.24411,-1.0701,0.67872,-1.2982,0.037719,0.11009,0.39995,0.38807,-1.0373,-0.10784,-0.039425,-0.96599,0.034145,0.32744,1.6381,0.11102,0.002466,-0.047458,2.5313,-0.98214
0.015977,0.0072588,-0.088164,-0.022296,0.1657,-0.84739,0.63183,-1.3804,0.0258,0.089721,0.48429,0.13578,-0.88357,-0.08791,-0.059451,0.38182,0.10689,0.64574,1.6792,0.1289,-0.059009,-0.0050935,2.6949,-1.1425
0.020519,0.010393,-0.091034,-0.016144,0.14191,-0.58929,0.57845,-1.4501,0.016515,0.064513,0.62698,-0.23672,-0.83021,-0.062886,-0.10834,1.4855,0.17857,0.96771,1.6434,0.14882,-0.058196,0.050052,2.8104,-1.2963
0.019,0.0085237,-0.09626,-0.0063668,0.18172,-0.35831,0.53428,-1.5024,0.0039891,0.022708,0.78549,-0.62679,-0.845,-0.039164,-0.17559,2.0646,0.24304,1.235,1.5423,0.16774,0.012765,0.10647,2.8587,-1.4516
0.01301,0.0045417,-0.10149,0.0038594,0.26869,-0.19199,0.50759,-1.5408,-0.013637,-0.031366,0.91249,-0.93559,-0.78699,-0.0038641,-0.2243,2.0128,0.29128,1.3893,1.4105,0.17913,0.12365,0.15472,2.8106,-1.6177
0.007218,0.0022505,-0.10397,0.011107,0.36614,-0.09964,0.4967,-1.5802,-0.032839,-0.082022,0.97745,-1.111,-0.53812,0.058468,-0.21345,1.4813,0.31626,1.3967,1.2995,0.17655,0.22598,0.18765,2.6568,-1.7856
0.0057129,0.0035693,-0.10262,0.014046,0.43359,-0.077154,0.49562,-1.6427,-0.047146,-0.11586,0.9782,-1.1572,-0.11519,0.14724,-0.12753,0.82223,0.31754,1.2592,1.2587,0.15841,0.28557,0.1995,2.4222,-1.9217
0.0088399,0.006895,-0.098437,0.014205,0.44729,-0.1203,0.50206,-1.7454,-0.051495,-0.13241,0.93438,-1.1107,0.33498,0.24318,0.0088147,0.41628,0.30159,1.0061,1.3151,0.13014,0.30102,0.18703,2.153,-1.9841
0.013136,0.0080671,-0.09306,0.014768,0.41291,-0.22462,0.52113,-1.8829,-0.045386,-0.14259,0.86787,-1.0041,0.65191,0.32343,0.14254,0.48959,0.27801,0.67562,1.4615,0.10175,0.29525,0.15265,1.8908,-1.9491
0.014372,0.003444,-0.086827,0.018515,0.36107,-0.37715,0.5624,-2.0176,-0.03284,-0.15706,0.78521,-0.84672,0.78561,0.37928,0.22142,1.0299,0.25492,0.30491,1.66,0.082567,0.29068,0.10618,1.6589,-1.8247
0.01109,-0.0071745,-0.078339,0.026369,0.32708,-0.55367,0.63307,-2.0914,-0.019615,-0.17551,0.67529,-0.63133,0.81965,0.41896,0.21971,1.8353,0.23683,-0.065603,1.8557,0.076644,0.2913,0.061575,1.4681,-1.6367
0.0056497,-0.020093,-0.065849,0.037251,0.32871,-0.72763,0.73211,-2.0563,-0.010049,-0.18748,0.52201,-0.35798,0.87728,0.45349,0.14437,2.6427,0.2253,-0.38423,1.9933,0.08203,0.28509,0.029595,1.329,-1.3966
0.0020144,-0.030179,-0.049132,0.048839,0.35795,-0.88306,0.84764,-1.9071,-0.0057127,-0.18412,0.31932,-0.051846,1.0005,0.4802,0.022479,3.2503,0.21999,-0.59482,2.0293,0.093548,0.26042,0.011355,1.25,-1.081
0.0023186,-0.034372,-0.030147,0.058497,0.39257,-1.0192,0.95792,-1.6914,-0.0062102,-0.17028,0.075431,0.23943,1.1136,0.48151,-0.11565,3.5758,0.21874,-0.66095,1.9406,0.10647,0.21872,-0.0017734,1.2217,-0.6438
0.0052126,-0.03352,-0.011999,0.063999,0.41735,-1.1427,1.0357,-1.486,-0.010708,-0.16497,-0.19496,0.46813,1.1014,0.44159,-0.24481,3.649,0.21736,-0.58877,1.7313,0.11842,0.17213,-0.021324,1.2061,-0.058821
0.0072943,-0.031201,0.0027619,0.064102,0.43701,-1.2551,1.0561,-1.3526,-0.018622,-0.18876,-0.47929,0.61259,0.92815,0.36569,-0.34369,3.5688,0.21117,-0.42517,1.4346,0.12879,0.13041,-0.053182,1.1494,0.6377
0.0061964,-0.03057,0.013112,0.059062,0.46996,-1.3487,1.0067,-1.3033,-0.029274,-0.24858,-0.76539,0.68801,0.68642,0.28265,-0.39359,3.4525,0.19821,-0.22783,1.1064,0.13711,0.090962,-0.09395,1.0137,1.3412
0.0025657,-0.031792,0.019336,0.050803,0.5286,-1.4125,0.89528,-1.2971,-0.041598,-0.3329,-1.031,0.73273,0.5307,0.22557,-0.3844,3.3902,0.18165,-0.030947,0.8044,0.14185,0.041131,-0.1346,0.80194,1.9184
-0.00067758,-0.032026,0.022319,0.042365,0.6037,-1.4425,0.74952,-1.2699,-0.054801,-0.42145,-1.2384,0.77774,0.55424,0.20592,-0.32383,3.4127,0.16796,0.1629,0.56298,0.14044,-0.030091,-0.16757,0.5524,2.2682
-0.00096662,-0.02784,0.023231,0.036683,0.66738,-1.4466,0.60581,-1.1753,-0.069371,-0.50037,-1.3462,0.82095,0.71328,0.20398,-0.23855,3.4826,0.1611,0.35707,0.37761,0.12993,-0.12141,-0.19092,0.30655,2.3606
0.0017542,-0.01808,0.023707,0.035255,0.69319,-1.438,0.49259,-1.007,-0.086936,-0.56948,-1.3353,0.8266,0.85938,0.18524,-0.16131,3.5201,0.15711,0.52747,0.21181,0.10765,-0.21768,-0.20676,0.077957,2.2323
0.0050697,-0.0050378,0.025787,0.037481,0.67718,-1.4263,0.41915,-0.79142,-0.10823,-0.63579,-1.2289,0.75449,0.84848,0.12993,-0.11152,3.4541,0.14441,0.61743,0.023711,0.071951,-0.2971,-0.2166,-0.1505,1.9529
0.0060737,0.0068488,0.031037,0.041085,0.64189,-1.4112,0.37795,-0.56043,-0.13052,-0.70046,-1.0859,0.60069,0.63809,0.050824,-0.085397,3.272,0.11105,0.57268,-0.20607,0.02314,-0.34099,-0.21912,-0.40169,1.595
0.0035125,0.013668,0.039262,0.043436,0.61919,-1.3843,0.3584,-0.3253,-0.14684,-0.75223,-0.96835,0.41913,0.30252,-0.016761,-0.064619,3.0324,0.054033,0.38834,-0.46449,-0.035844,-0.34068,-0.21233,-0.67816,1.2313
-0.0015525,0.014204,0.047974,0.043075,0.62499,-1.3355,0.36022,-0.070704,-0.14846,-0.77368,-0.90415,0.30305,-0.033151,-0.044697,-0.036193,2.83,-0.016729,0.12492,-0.71869,-0.099755,-0.29983,-0.19743,-0.9609,0.94262
-0.0068166,0.01027,0.053448,0.040586,0.64587,-1.2594,0.39442,0.23048,-0.12906,-0.75452,-0.87247,0.3324,-0.27985,-0.036437,-0.0054766,2.732,-0.083705,-0.12581,-0.93728,-0.16283,-0.23253,-0.17928,-1.2323,0.80845
-0.010483,0.0052584,0.052873,0.038202,0.64771,-1.1571,0.47032,0.59395,-0.087733,-0.69922,-0.82425,0.52035,-0.4257,-0.024652,0.0095617,2.7303,-0.13273,-0.29949,-1.1013,-0.22104,-0.15719,-0.16219,-1.4958,0.86737
-0.012376,0.0020033,0.046074,0.038202,0.59911,-1.0356,0.58002,1.0088,-0.028753,-0.62197,-0.72152,0.79719,-0.51049,-0.04314,-0.0026156,2.7413,-0.16135,-0.39394,-1.1984,-0.27287,-0.086729,-0.14485,-1.7679,1.0765
-0.013835,0.001274,0.035589,0.041026,0.49163,-0.90321,0.69549,1.4389,0.04139,-0.53426,-0.56564,1.0472,-0.5661,-0.09603,-0.032913,2.654,-0.17834,-0.45201,-1.211,-0.3177,-0.019431,-0.1204,-2.0445,1.3158
-0.016682,0.0016245,0.025256,0.044502,0.34371,-0.76436,0.78362,1.8389,0.11696,-0.43676,-0.3942,1.1778,-0.57763,-0.1503,-0.056145,2.3908,-0.19515,-0.5102,-1.1144,-0.3531,0.061526,-0.082734,-2.2753,1.4524
-0.022031,0.00051296,0.018624,0.045039,0.18927,-0.61402,0.8292,2.1746,0.19372,-0.32307,-0.25171,1.1744,-0.49757,-0.15893,-0.051016,1.9414,-0.21672,-0.56031,-0.89235,-0.37394,0.17478,-0.034496,-2.3779,1.4268
-0.029542,-0.0040086,0.018239,0.040205,0.062944,-0.43539,0.84754,2.4353,0.26746,-0.19151,-0.15885,1.1032,-0.29865,-0.096858,-0.017973,1.3479,-0.23897,-0.55753,-0.55645,-0.37515,0.31931,0.010816,-2.289,1.2895
-0.037445,-0.011955,0.025594,0.030806,-0.0079204,-0.20372,0.87605,2.6347,0.33225,-0.053549,-0.10363,1.0582,-0.018966,0.018659,0.020899,0.65812,-0.25412,-0.46598,-0.1542,-0.35676,0.46127,0.035764,-2.0152,1.1542
-0.043281,-0.021159,0.040737,0.020662,-0.0048718,0.10445,0.95006,2.7997,0.38049,0.068494,-0.057739,1.0914,0.2422,0.13945,0.039937,-0.11263,-0.25844,-0.29929,0.24454,-0.32686,0.5449,0.030595,-1.6419,1.0992
-0.045093,-0.028314,0.061296,0.013954,0.07866,0.50123,1.0808,2.9577,0.40501,0.15214,-0.0015906,1.1736,0.37923,0.22047,0.030477,-0.97656,-0.25549,-0.1202,0.57419,-0.29918,0.5268,0.00087109,-1.2877,1.1003
-0.042515,-0.030813,0.082125,0.012099,0.22883,0.98138,1.2513,3.1277,0.4018,0.18471,0.062967,1.216,0.34576,0.24953,0.006842,-1.9249,-0.25226,-0.00035274,0.79631,-0.28554,0.41183,-0.034998,-1.0366,1.0538
-0.037142,-0.028301,0.097085,0.012708,0.4039,1.5215,1.4303,3.321,0.37141,0.1657,0.11995,1.1318,0.18104,0.25016,-0.0065593,-2.8708,-0.25231,0.025509,0.90655,-0.28834,0.26192,-0.056793,-0.89858,0.8681
-0.031794,-0.022926,0.10266,0.011606,0.54056,2.0827,1.5918,3.5455,0.31859,0.10265,0.15706,0.8926,-0.022387,0.25691,0.0042176,-3.6343,-0.25217,-0.024516,0.92615,-0.29864,0.16552,-0.054198,-0.8223,0.53974
-0.028924,-0.018,0.10081,0.0063202,0.57944,2.6147,1.7233,3.8065,0.2507,0.0064828,0.17783,0.54231,-0.18246,0.28443,0.031042,-3.9986,-0.24418,-0.1005,0.88737,-0.30197,0.18488,-0.031155,-0.74525,0.14255
-0.029092,-0.015877,0.098071,-0.0019236,0.49918,3.0632,1.8185,4.1006,0.17617,-0.10958,0.19936,0.16519,-0.27246,0.31559,0.049564,-3.8222,-0.22306,-0.1561,0.82158,-0.288,0.31733,-0.00080876,-0.63918,-0.26235
-0.030579,-0.016496,0.10086,-0.0094281,0.33661,3.3825,1.8628,4.4047,0.10323,-0.22957,0.23986,-0.16066,-0.31511,0.31694,0.037291,-3.1416,-0.19041,-0.17004,0.75254,-0.25748,0.49774,0.024128,-0.52025,-0.70766
-0.030559,-0.017645,0.11032,-0.013391,0.17505,3.5508,1.8285,4.6731,0.038833,-0.33679,0.30672,-0.39081,-0.33841,0.26756,-0.0098137,-2.193,-0.15352,-0.14392,0.69296,-0.22122,0.63935,0.038183,-0.42641,-1.3038
-0.027108,-0.016791,0.12111,-0.014401,0.10272,3.5792,1.6859,4.8509,-0.012541,-0.41896,0.3929,-0.5137,-0.33635,0.17704,-0.073684,-1.3169,-0.1198,-0.087812,0.64291,-0.19236,0.6832,0.043151,-0.38895,-2.1202
-0.020594,-0.013097,0.12549,-0.015806,0.16397,3.5043,1.4246,4.9006,-0.049764,-0.47238,0.48118,-0.53682,-0.26942,0.078771,-0.12509,-0.78383,-0.091759,-0.01081,0.59106,-0.17749,0.62332,0.043273,-0.42183,-3.055
-0.013364,-0.0080778,0.11944,-0.020538,0.33296,3.3641,1.0681,4.8241,-0.074595,-0.50055,0.55161,-0.47913,-0.10216,0.0060298,-0.14114,-0.64331,-0.066341,0.078833,0.51942,-0.17326,0.49666,0.04084,-0.52902,-3.8136
-0.0079557,-0.0044021,0.10577,-0.028322,0.5265,3.1705,0.66887,4.6637,-0.089746,-0.50794,0.58778,-0.372,0.15768,-0.028823,-0.11793,-0.6971,-0.038671,0.17143,0.40937,-0.17052,0.3522,0.035944,-0.71226,-4.0407
-0.0052661,-0.0038495,0.091621,-0.035852,0.64924,2.899,0.28402,4.4765,-0.096522,-0.49462,0.58082,-0.25649,0.45244,-0.036064,-0.071159,-0.62513,-0.0064912,0.25926,0.24549,-0.16235,0.22403,0.029486,-0.96479,-3.5357
-0.0041259,-0.0061237,0.08284,-0.039795,0.6451,2.5086,-0.05074,4.2982,-0.093714,-0.45698,0.53096,-0.16849,0.70298,-0.03324,-0.025817,-0.18867,0.028313,0.34295,0.017553,-0.14963,0.12271,0.025479,-1.2566,-2.4057
-0.0025142,-0.0094497,0.08004,-0.039864,0.52527,1.9849,-0.33231,4.1248,-0.078606,-0.39369,0.44637,-0.12061,0.84532,-0.028716,-0.002512,0.62142,0.061801,0.4312,-0.27584,-0.14015,0.042284,0.029552,-1.5301,-1.0439
0.00073959,-0.0123,0.079327,-0.03915,0.35705,1.3751,-0.57918,3.9247,-0.049383,-0.31091,0.3395,-0.09866,0.84683,-0.018973,-0.0093286,1.5867,0.091169,0.53001,-0.6192,-0.14242,-0.028555,0.044509,-1.719,0.06461
0.0051968,-0.014582,0.07635,-0.041387,0.22023,0.7878,-0.80823,3.6721,-0.0071964,-0.22112,0.22336,-0.0793,0.69864,-7.3817e-005,-0.042962,2.4027,0.11595,0.62986,-0.97252,-0.1597,-0.099127,0.066837,-1.781,0.59108
0.0094298,-0.017163,0.069749,-0.047578,0.15745,0.34732,-1.0178,3.3732,0.043409,-0.13662,0.11063,-0.053637,0.40522,0.019883,-0.096057,2.8543,0.13634,0.70392,-1.2739,-0.18867,-0.17393,0.087527,-1.7193,0.51147
0.012209,-0.020227,0.061339,-0.054963,0.14991,0.13043,-1.1894,3.0614,0.095703,-0.063712,0.015525,-0.033701,-0.010095,0.021082,-0.16375,2.9068,0.15052,0.72181,-1.4588,-0.22302,-0.25177,0.097061,-1.5748,0.069696
0.013142,-0.022244,0.05376,-0.059212,0.13567,0.12735,-1.3051,2.7684,0.14268,-0.0028885,-0.045349,-0.034282,-0.48892,-0.013761,-0.24438,2.6687,0.154,0.66848,-1.4886,-0.25785,-0.32641,0.091092,-1.3922,-0.40503
0.012441,-0.020844,0.048318,-0.057942,0.059643,0.25614,-1.3644,2.4973,0.1789,0.046096,-0.05751,-0.048116,-0.93572,-0.083716,-0.33507,2.2783,0.14207,0.5532,-1.3716,-0.29073,-0.38985,0.07302,-1.1875,-0.69669
0.010433,-0.015085,0.044813,-0.052565,-0.079618,0.4203,-1.3875,2.2243,0.20197,0.080419,-0.0175,-0.04145,-1.2465,-0.16716,-0.42742,1.8112,0.1139,0.40232,-1.1601,-0.31924,-0.43725,0.052141,-0.94195,-0.79038
0.0075274,-0.0070078,0.042677,-0.047007,-0.22313,0.56671,-1.401,1.928,0.21357,0.096559,0.060854,0.021231,-1.3553,-0.2356,-0.5076,1.2708,0.074779,0.24383,-0.92514,-0.33885,-0.46958,0.038992,-0.62766,-0.81375
0.0045857,-0.00076532,0.041668,-0.044496,-0.29378,0.702,-1.419,1.6188,0.21938,0.096994,0.15006,0.14341,-1.2643,-0.27227,-0.56067,0.65093,0.03397,0.096878,-0.72458,-0.34462,-0.49055,0.040632,-0.24533,-0.90102
0.00302,0.00027808,0.041348,-0.045193,-0.25819,0.8595,-1.4336,1.3393,0.22703,0.093957,0.22224,0.28518,-1.032,-0.27979,-0.57512,0.0070665,-0.00087244,-0.028256,-0.58524,-0.33637,-0.49994,0.057779,0.15746,-1.0904
0.0041129,-0.0039163,0.040326,-0.046553,-0.15972,1.0489,-1.4225,1.1326,0.2424,0.10456,0.26323,0.38726,-0.72904,-0.27104,-0.54448,-0.52714,-0.028884,-0.12549,-0.50556,-0.32209,-0.48964,0.084493,0.50289,-1.3188
0.0079539,-0.010133,0.036579,-0.045861,-0.093444,1.2318,-1.3663,1.0041,0.26605,0.13935,0.27709,0.41186,-0.39918,-0.25281,-0.46697,-0.79262,-0.056277,-0.19215,-0.47124,-0.31523,-0.44732,0.11052,0.72511,-1.4912
0.012969,-0.014542,0.028886,-0.042566,-0.13998,1.3426,-1.2644,0.9102,0.29226,0.19328,0.27861,0.3665,-0.056082,-0.21808,-0.34648,-0.69333,-0.090625,-0.23318,-0.46908,-0.32607,-0.36556,0.12598,0.80945,-1.548
0.016666,-0.015533,0.018062,-0.038407,-0.30882,1.3333,-1.1376,0.78489,0.31181,0.24723,0.28117,0.29224,0.28732,-0.15402,-0.19558,-0.26254,-0.13289,-0.26314,-0.49205,-0.35345,-0.24879,0.12686,0.80068,-1.479
0.017174,-0.01429,0.0067162,-0.035526,-0.53512,1.2051,-1.0185,0.58341,0.31688,0.28028,0.29021,0.22914,0.59169,-0.057724,-0.036243,0.33661,-0.1734,-0.29954,-0.53824,-0.38357,-0.11213,0.11817,0.77317,-1.2927
0.01441,-0.012824,-0.0023501,-0.034527,-0.73103,1.0045,-0.93717,0.30934,0.30513,0.28384,0.30567,0.18995,0.79924,0.055853,0.10631,0.87982,-0.19567,-0.34995,-0.6104,-0.39782,0.026335,0.1117,0.78182,-0.9961
0.0099653,-0.011655,-0.0078042,-0.034296,-0.84945,0.79048,-0.9091,0.0075187,0.28026,0.26692,0.32789,0.16225,0.87406,0.16178,0.21572,1.1815,-0.18559,-0.40343,-0.71654,-0.38413,0.15242,0.11833,0.82688,-0.61643
0.0058272,-0.0094895,-0.010285,-0.033435,-0.91137,0.60396,-0.93105,-0.26605,0.24911,0.24875,0.35927,0.13202,0.83639,0.24146,0.29364,1.168,-0.1395,-0.43402,-0.86729,-0.34385,0.25605,0.13935,0.85794,-0.2378
0.0029912,-0.0051504,-0.011607,-0.031591,-0.98021,0.45703,-0.984,-0.47121,0.21738,0.24473,0.39993,0.1028,0.75259,0.29195,0.35681,0.88338,-0.064783,-0.41352,-1.0674,-0.28915,0.32686,0.16341,0.81537,0.0040766
0.0010467,0.00037948,-0.013504,-0.02931,-1.1083,0.34231,-1.0412,-0.59039,0.18691,0.25636,0.4434,0.091545,0.68148,0.32002,0.42188,0.4357,0.026636,-0.32278,-1.3067,-0.23379,0.35317,0.17277,0.67976,-0.0054899
-0.0010489,0.0041308,-0.01679,-0.026845,-1.2965,0.24605,-1.079,-0.61995,0.15579,0.27212,0.47853,0.10595,0.62225,0.32785,0.48969,-0.069894,0.12615,-0.15328,-1.56,-0.18428,0.32902,0.15511,0.49264,-0.26586
-0.003762,0.0036715,-0.021283,-0.02361,-1.4901,0.15468,-1.0878,-0.56269,0.12074,0.27757,0.49737,0.12548,0.51476,0.30559,0.54303,-0.55932,0.23107,0.098851,-1.7971,-0.13809,0.26485,0.11278,0.33131,-0.6288
-0.0063932,-0.00033543,-0.026264,-0.019136,-1.6055,0.057155,-1.0774,-0.43059,0.080141,0.2663,0.50125,0.10485,0.29994,0.23944,0.56128,-0.9721,0.34063,0.43635,-1.9974,-0.089139,0.1902,0.061932,0.25554,-0.87393
-0.007573,-0.0041337,-0.031146,-0.014492,-1.565,-0.050185,-1.0737,-0.25102,0.035923,0.2439,0.49843,-0.0011911,-0.0086953,0.12847,0.53967,-1.2379,0.45034,0.85428,-2.1544,-0.035628,0.14103,0.021991,0.26584,-0.84929
-0.0063865,-0.0037609,-0.036033,-0.01227,-1.3284,-0.15777,-1.1047,-0.063786,-0.0066373,0.22286,0.49439,-0.20991,-0.30846,-0.0057395,0.49544,-1.2923,0.55032,1.3264,-2.2694,0.016521,0.13718,0.0030839,0.30506,-0.57237
-0.0031822,0.0015801,-0.041876,-0.014584,-0.917,-0.24547,-1.1841,0.093,-0.041122,0.21304,0.48358,-0.49813,-0.46965,-0.12689,0.45409,-1.1303,0.62914,1.7962,-2.3399,0.057017,0.16611,0.00086845,0.30111,-0.2099
0.00058884,0.0086637,-0.049972,-0.020782,-0.42585,-0.29807,-1.3004,0.1962,-0.063213,0.21496,0.45099,-0.81057,-0.43071,-0.20456,0.42749,-0.84286,0.67909,2.1833,-2.3572,0.078505,0.18732,0.0020736,0.2169,0.051299
0.0033617,0.012734,-0.060899,-0.027205,-0.0077656,-0.32292,-1.4198,0.23784,-0.073236,0.22002,0.38332,-1.0802,-0.2472,-0.232,0.40395,-0.58363,0.69789,2.4073,-2.3161,0.081923,0.1577,-0.0042541,0.068841,0.14271
0.0044983,0.011211,-0.073522,-0.029598,0.18333,-0.35088,-1.5002,0.21426,-0.076308,0.21667,0.281,-1.249,-0.050299,-0.228,0.36004,-0.4728,0.68633,2.4168,-2.2261,0.075832,0.061529,-0.018791,-0.098343,0.15431
0.0045917,0.005436,-0.084863,-0.02618,0.075072,-0.41368,-1.5083,0.12012,-0.079517,0.19779,0.16105,-1.2833,0.052485,-0.22241,0.28405,-0.51448,0.64556,2.2108,-2.1117,0.070418,-0.076063,-0.032808,-0.25792,0.24906
0.0048358,-0.00086396,-0.091224,-0.018672,-0.26436,-0.51364,-1.4297,-0.041742,-0.087536,0.16446,0.048312,-1.1832,0.051177,-0.2363,0.18961,-0.60405,0.57794,1.8398,-1.9971,0.070909,-0.20288,-0.035989,-0.43117,0.5242
0.0059755,-0.004738,-0.090042,-0.010502,-0.64333,-0.61343,-1.2681,-0.24311,-0.09943,0.12445,-0.038119,-0.98492,0.020776,-0.27017,0.10699,-0.62736,0.4906,1.3866,-1.8871,0.075329,-0.27231,-0.024262,-0.67943,0.93064
0.0076589,-0.0058893,-0.081384,-0.0040394,-0.84748,-0.65952,-1.0397,-0.4284,-0.10904,0.087367,-0.093308,-0.7503,0.037984,-0.30608,0.059733,-0.56849,0.39674,0.93597,-1.761,0.07791,-0.27293,-0.0018367,-1.0664,1.3093
0.0086847,-0.0058764,-0.068124,0.00053468,-0.76669,-0.62304,-0.76722,-0.54059,-0.10894,0.060136,-0.12449,-0.54187,0.10517,-0.32011,0.047332,-0.5295,0.31114,0.54739,-1.5854,0.07501,-0.23477,0.022929,-1.6186,1.5083
0.0079435,-0.0059506,-0.054684,0.0039547,-0.46006,-0.5242,-0.47845,-0.55978,-0.095431,0.045094,-0.14186,-0.39264,0.15038,-0.2966,0.048273,-0.64229,0.24229,0.24323,-1.3392,0.068597,-0.2073,0.043562,-2.3056,1.483
0.0053137,-0.0059612,-0.045016,0.0059532,-0.10812,-0.41805,-0.20543,-0.52101,-0.071036,0.040959,-0.14979,-0.28936,0.10044,-0.23637,0.039316,-0.94978,0.18766,0.014241,-1.0313,0.064572,-0.22406,0.058847,-3.0438,1.3053
0.0018256,-0.0052791,-0.040875,0.0049785,0.11657,-0.35232,0.020196,-0.49014,-0.042886,0.045012,-0.14436,-0.18363,-0.043343,-0.1558,0.013292,-1.3613,0.13698,-0.16355,-0.70221,0.067561,-0.27821,0.072318,-3.7129,1.0852
-0.00099408,-0.0043389,-0.041214,-6.5897e-005,0.16748,-0.33208,0.17582,-0.51261,-0.018344,0.054871,-0.11708,-0.02665,-0.1979,-0.078577,-0.018929,-1.7188,0.08141,-0.3122,-0.40754,0.076687,-0.32674,0.089727,-4.1771,0.87709
-0.0020289,-0.0047409,-0.043037,-0.0079831,0.1463,-0.31974,0.25508,-0.57627,-0.0011976,0.069212,-0.060894,0.19619,-0.26576,-0.02499,-0.04156,-1.9129,0.020935,-0.44343,-0.19441,0.086048,-0.32151,0.11663,-4.3135,0.65004
-0.001023,-0.0075812,-0.043291,-0.015501,0.21906,-0.26865,0.26784,-0.62099,0.0089659,0.087649,0.025339,0.4563,-0.21414,-0.0044518,-0.049154,-1.9479,-0.035945,-0.55857,-0.081748,0.089658,-0.24603,0.15641,-4.0473,0.33673
0.0016421,-0.011833,-0.040806,-0.019602,0.49404,-0.1608,0.23221,-0.58881,0.014321,0.11015,0.13506,0.70508,-0.094626,-0.014477,-0.051649,-1.9105,-0.079366,-0.65132,-0.051274,0.086838,-0.13138,0.20803,-3.3869,-0.08659
0.0054163,-0.014758,-0.037077,-0.019767,0.95158,-0.018276,0.16443,-0.47357,0.015795,0.13611,0.25411,0.91037,0.010222,-0.045255,-0.067163,-1.8813,-0.10547,-0.70949,-0.052564,0.083413,-0.038296,0.2639,-2.4359,-0.55924
0.0097271,-0.014215,-0.035295,-0.017966,1.4683,0.11708,0.074009,-0.32936,0.012076,0.1634,0.36258,1.0776,0.060344,-0.0853,-0.10986,-1.8752,-0.11796,-0.71727,-0.022201,0.087308,-0.016277,0.31033,-1.3683,-0.96451
0.013751,-0.010637,-0.038237,-0.016432,1.9038,0.21501,-0.033781,-0.2316,0.0011873,0.18795,0.43912,1.2403,0.084255,-0.12373,-0.18165,-1.8507,-0.12384,-0.66268,0.087872,0.10167,-0.067921,0.33241,-0.37123,-1.1983
0.016344,-0.0066113,-0.046539,-0.01551,2.1789,0.27243,-0.15194,-0.22373,-0.017049,0.20465,0.46784,1.4301,0.1382,-0.14867,-0.27147,-1.7651,-0.12825,-0.5494,0.28454,0.12099,-0.14459,0.32201,0.41606,-1.2222
0.0166,-0.0044296,-0.058581,-0.013721,2.2924,0.30418,-0.26886,-0.2915,-0.039791,0.20951,0.44513,1.649,0.24073,-0.14598,-0.36113,-1.6119,-0.13305,-0.40403,0.52527,0.13371,-0.17754,0.28382,0.93651,-1.07
0.014706,-0.0040206,-0.071911,-0.0098913,2.2813,0.32229,-0.37109,-0.38161,-0.061859,0.20184,0.38224,1.864,0.34394,-0.10315,-0.43426,-1.4121,-0.13886,-0.26894,0.73608,0.12994,-0.12327,0.23436,1.2097,-0.8195
0.012163,-0.0033461,-0.084807,-0.005092,2.1729,0.32439,-0.44897,-0.44521,-0.077286,0.18503,0.30116,2.0211,0.36541,-0.01858,-0.4845,-1.1787,-0.14706,-0.18119,0.84898,0.10846,0.008981,0.19335,1.2992,-0.56468
0.010789,-0.00080983,-0.096615,-0.0022943,1.9696,0.29989,-0.50027,-0.47018,-0.080457,0.16481,0.22523,2.0681,0.25082,0.090352,-0.51836,-0.89793,-0.1589,-0.15163,0.83769,0.077759,0.16586,0.17254,1.277,-0.40199
0.011161,0.0028133,-0.1068,-0.0039053,1.6744,0.24489,-0.52939,-0.48034,-0.066772,0.14615,0.1696,1.9739,0.014326,0.18887,-0.54912,-0.5406,-0.17347,-0.16131,0.72905,0.049742,0.2869,0.16976,1.2032,-0.41581
0.011951,0.0049395,-0.11398,-0.0094445,1.322,0.17,-0.54422,-0.50835,-0.033873,0.13041,0.13614,1.7421,-0.27176,0.23893,-0.5835,-0.087333,-0.18778,-0.17916,0.58269,0.030996,0.34154,0.17213,1.1224,-0.6438
0.011054,0.0037176,-0.11625,-0.015542,0.98075,0.094386,-0.55434,-0.56829,0.016164,0.11464,0.11445,1.4183,-0.52388,0.21868,-0.60995,0.46033,-0.19971,-0.18614,0.45243,0.018401,0.34065,0.16599,1.0656,-1.0347
0.0076712,1.8949e-005,-0.11274,-0.018348,0.71952,0.032785,-0.57123,-0.64948,0.075135,0.093203,0.08722,1.0867,-0.69314,0.13432,-0.60022,1.0828,-0.21073,-0.18449,0.35519,0.0026839,0.3182,0.14612,1.0492,-1.4412
0.0034104,-0.0031631,-0.10498,-0.016336,0.56463,-0.012047,-0.60816,-0.73241,0.12997,0.060907,0.037512,0.84599,-0.78174,0.015446,-0.52803,1.7416,-0.2245,-0.18439,0.26663,-0.022864,0.30179,0.11802,1.0704,-1.6785
0.0011331,-0.0034122,-0.096421,-0.01123,0.4817,-0.046133,-0.67592,-0.81005,0.16778,0.016081,-0.04422,0.76762,-0.82764,-0.10317,-0.39413,2.3666,-0.24182,-0.18176,0.14402,-0.055579,0.29604,0.092203,1.1059,-1.6268
0.0023551,-0.0011302,-0.090282,-0.0064735,0.39581,-0.076033,-0.7747,-0.8954,0.1822,-0.037846,-0.15502,0.85499,-0.87316,-0.20023,-0.23826,2.8535,-0.25704,-0.15044,-0.040894,-0.0842,0.2886,0.075911,1.1195,-1.307
0.0055583,0.00082958,-0.087169,-0.0046173,0.23513,-0.10515,-0.88692,-1.0097,0.17629,-0.093153,-0.27867,1.0318,-0.93593,-0.2738,-0.1245,3.0976,-0.26067,-0.059428,-0.28013,-0.096871,0.26855,0.068407,1.0785,-0.86886
0.0071475,-0.00020145,-0.084667,-0.0056173,-0.03031,-0.1379,-0.97793,-1.1615,0.15942,-0.1411,-0.39124,1.1752,-0.99494,-0.33177,-0.10584,3.0562,-0.2474,0.097511,-0.53092,-0.090174,0.2384,0.063026,0.96885,-0.49207
0.0044283,-0.004303,-0.079341,-0.0070372,-0.37471,-0.18559,-1.0073,-1.3341,0.13998,-0.17628,-0.47167,1.1773,-0.9995,-0.37659,-0.19124,2.795,-0.22246,0.28556,-0.73666,-0.072176,0.21051,0.053395,0.79842,-0.27552
-0.0019744,-0.0090453,-0.069578,-0.0056332,-0.73009,-0.26529,-0.94652,-1.491,0.11987,-0.19937,-0.51166,0.99809,-0.90071,-0.39752,-0.33878,2.4645,-0.19967,0.4414,-0.85379,-0.057059,0.19414,0.038439,0.58637,-0.19607
-0.0084759,-0.011899,-0.05688,0.00091659,-1.0169,-0.38962,-0.79347,-1.5954,0.09566,-0.21559,-0.51771,0.67567,-0.69061,-0.37626,-0.48045,2.2092,-0.19141,0.50665,-0.87008,-0.055306,0.18728,0.022327,0.34535,-0.16243
-0.011441,-0.012597,-0.044502,0.01301,-1.1778,-0.55452,-0.57542,-1.6308,0.065482,-0.22878,-0.50325,0.29206,-0.42106,-0.3004,-0.56115,2.0711,-0.19831,0.45736,-0.8069,-0.066586,0.18041,0.0099787,0.072789,-0.11019
-0.010113,-0.013164,-0.034668,0.028956,-1.2019,-0.73535,-0.33855,-1.6074,0.035771,-0.235,-0.47655,-0.077441,-0.18027,-0.17358,-0.56545,1.9692,-0.2077,0.30931,-0.70691,-0.080155,0.16687,0.0023158,-0.23825,-0.054229
-0.007042,-0.01564,-0.026911,0.045403,-1.1307,-0.89542,-0.12997,-1.5535,0.021242,-0.22135,-0.43477,-0.39598,-0.0345,-0.01578,-0.51629,1.7726,-0.20253,0.099361,-0.61403,-0.081947,0.14883,-0.0045674,-0.57367,-0.058156
-0.0057508,-0.019784,-0.019016,0.058238,-1.0402,-1.0017,0.019248,-1.4987,0.037037,-0.17293,-0.36978,-0.66331,0.024747,0.14433,-0.45129,1.4108,-0.17391,-0.13877,-0.55323,-0.062923,0.13363,-0.015625,-0.87936,-0.15576
-0.0078283,-0.02304,-0.0095936,0.063991,-1.0066,-1.0374,0.10274,-1.4611,0.088468,-0.084512,-0.28117,-0.89256,0.08372,0.27775,-0.39683,0.92642,-0.12713,-0.38491,-0.51634,-0.02298,0.12555,-0.031724,-1.0708,-0.2997
-0.011958,-0.022855,0.00025176,0.061424,-1.0721,-1.0062,0.13726,-1.4454,0.16596,0.031611,-0.18447,-1.0892,0.25093,0.36027,-0.35728,0.42837,-0.077079,-0.62438,-0.45911,0.031269,0.12204,-0.047671,-1.0739,-0.38472
-0.015474,-0.019133,0.0078398,0.05248,-1.2281,-0.92713,0.15262,-1.4494,0.24889,0.1487,-0.10599,-1.2465,0.58202,0.37571,-0.32235,-0.009895,-0.037496,-0.83391,-0.31489,0.091837,0.11777,-0.05538,-0.87414,-0.32489
-0.016743,-0.014488,0.011519,0.041698,-1.4254,-0.82601,0.17755,-1.4702,0.31552,0.23875,-0.066782,-1.3534,1.0407,0.32074,-0.28165,-0.41258,-0.01334,-0.97755,-0.026507,0.15299,0.11151,-0.049929,-0.53664,-0.11818
-0.016143,-0.012034,0.012391,0.034004,-1.6006,-0.72796,0.22732,-1.5058,0.35234,0.28686,-0.068506,-1.4032,1.521,0.21017,-0.2339,-0.86884,-0.0014195,-1.0189,0.41323,0.21079,0.10815,-0.033708,-0.1783,0.1539
-0.015017,-0.012773,0.01345,0.032017,-1.7031,-0.65093,0.29897,-1.5509,0.35757,0.29647,-0.092569,-1.3957,1.9056,0.077103,-0.18593,-1.4368,0.0029649,-0.94113,0.93493,0.26029,0.11374,-0.015271,0.09299,0.38734
-0.013981,-0.014942,0.017011,0.034646,-1.7064,-0.60133,0.37658,-1.5939,0.33844,0.28249,-0.11326,-1.3316,2.1131,-0.037232,-0.1464,-2.0726,0.00032576,-0.75969,1.4054,0.29438,0.1288,-0.0037536,0.23014,0.52474
-0.01247,-0.015857,0.022969,0.038137,-1.6052,-0.5726,0.44364,-1.6185,0.30559,0.25903,-0.11418,-1.2068,2.1076,-0.10133,-0.12097,-2.6477,-0.012975,-0.51896,1.6876,0.30627,0.14666,-0.0033185,0.25381,0.58021
-0.0099479,-0.014485,0.029513,0.038977,-1.4054,-0.54837,0.49384,-1.6122,0.26856,0.23195,-0.095529,-1.0097,1.8858,-0.10849,-0.11136,-3.0357,-0.040148,-0.27572,1.7215,0.29378,0.15861,-0.011915,0.21361,0.60989
-0.0073775,-0.012402,0.03543,0.036654,-1.1196,-0.50937,0.5325,-1.5727,0.23394,0.20123,-0.068556,-0.7256,1.4733,-0.07851,-0.11568,-3.1904,-0.080009,-0.080633,1.5749,0.26106,0.16073,-0.024842,0.13812,0.66112
-0.0071164,-0.012318,0.04162,0.034157,-0.76828,-0.44048,0.56812,-1.5074,0.20551,0.16858,-0.043918,-0.34933,0.93697,-0.043861,-0.12725,-3.1503,-0.12741,0.032493,1.4199,0.21579,0.15625,-0.039463,0.014842,0.74273
-0.010965,-0.015527,0.050321,0.035673,-0.38465,-0.33438,0.60152,-1.4248,0.18495,0.14165,-0.02424,0.097521,0.38944,-0.029956,-0.13322,-2.9785,-0.17713,0.047827,1.4373,0.16403,0.15178,-0.056706,-0.18588,0.83225
-0.018063,-0.02051,0.062871,0.04308,-0.013785,-0.19214,0.62227,-1.3231,0.17261,0.13024,-0.0055882,0.55486,-0.04382,-0.04313,-0.11722,-2.7001,-0.22696,-0.035636,1.7034,0.10761,0.15149,-0.078198,-0.46606,0.90304
-0.024807,-0.023899,0.078114,0.053856,0.29603,-0.024562,0.6151,-1.1879,0.16822,0.13866,0.015617,0.93386,-0.28727,-0.073698,-0.067506,-2.2982,-0.27685,-0.20527,2.138,0.046838,0.15455,-0.10219,-0.77291,0.9441
-0.027297,-0.023013,0.092843,0.062199,0.50698,0.1436,0.57029,-1.0031,0.17173,0.1619,0.037268,1.153,-0.36128,-0.10935,0.013953,-1.7641,-0.32476,-0.4329,2.5547,-0.014163,0.15762,-0.12255,-1.0125,0.96037
-0.024425,-0.017912,0.10376,0.062796,0.60344,0.27064,0.48908,-0.77106,0.18346,0.19001,0.05182,1.1838,-0.36593,-0.14656,0.10904,-1.1454,-0.36328,-0.67464,2.7806,-0.064946,0.15915,-0.13219,-1.0953,0.963
-0.018895,-0.011389,0.10934,0.054607,0.59629,0.30433,0.38115,-0.52473,0.20311,0.21637,0.050787,1.0742,-0.40526,-0.19054,0.19181,-0.54064,-0.38058,-0.87812,2.7613,-0.092789,0.16129,-0.12791,-0.98386,0.96498
-0.015116,-0.0069808,0.11031,0.041812,0.51965,0.20257,0.25872,-0.32034,0.22814,0.24204,0.029405,0.92486,-0.50788,-0.2453,0.24313,-0.04119,-0.36586,-0.99829,2.5721,-0.091038,0.1678,-0.11222,-0.7133,0.9851
-0.015665,-0.0065592,0.10886,0.031053,0.42382,-0.03925,0.13426,-0.20769,0.25287,0.27194,-0.011412,0.82994,-0.60786,-0.30389,0.26132,0.32765,-0.31587,-1.0148,2.3328,-0.065255,0.18032,-0.090495,-0.37465,1.0493
-0.019373,-0.0092666,0.10718,0.026905,0.36744,-0.37155,0.022831,-0.19527,0.26949,0.30675,-0.066086,0.82219,-0.60168,-0.34878,0.2608,0.61527,-0.23796,-0.94123,2.1008,-0.03188,0.1965,-0.06642,-0.072871,1.1785
-0.022624,-0.012387,0.10646,0.028903,0.40717,-0.70054,-0.056109,-0.23492,0.2711,0.33876,-0.12717,0.86462,-0.4344,-0.36289,0.25916,0.89985,-0.14745,-0.81978,1.8319,-0.0098478,0.21164,-0.039907,0.11882,1.3668
-0.022578,-0.013309,0.10647,0.032284,0.58091,-0.92479,-0.083148,-0.24216,0.25548,0.3566,-0.18874,0.89334,-0.14577,-0.34231,0.26242,1.2299,-0.061096,-0.70477,1.4406,-0.011039,0.22213,-0.0093749,0.18582,1.5687
-0.019366,-0.011113,0.10608,0.031716,0.88621,-0.97862,-0.048491,-0.14382,0.2273,0.3554,-0.24924,0.87311,0.15655,-0.30015,0.25924,1.5997,0.0092612,-0.64384,0.90334,-0.036074,0.22791,0.024433,0.16804,1.7128
-0.015444,-0.006838,0.1043,0.025078,1.266,-0.85495,0.041143,0.077453,0.19728,0.34321,-0.31238,0.81736,0.36863,-0.2587,0.22866,1.9694,0.058974,-0.66518,0.30835,-0.077622,0.23202,0.057253,0.12785,1.7374
-0.01302,-0.0025184,0.10137,0.014525,1.6181,-0.59365,0.16517,0.37426,0.17771,0.33675,-0.38502,0.7581,0.44794,-0.23658,0.15562,2.3016,0.088442,-0.7716,-0.19541,-0.12776,0.23802,0.08413,0.10878,1.6279
-0.012145,0.00016584,0.098873,0.0043968,1.8344,-0.24628,0.29976,0.66946,0.17585,0.34842,-0.47258,0.69902,0.41897,-0.24068,0.043027,2.5806,0.099474,-0.9376,-0.50824,-0.18337,0.24742,0.10338,0.11041,1.4256
-0.011149,0.00078833,0.098626,-0.0020272,1.8525,0.15395,0.4269,0.91045,0.18822,0.37445,-0.57498,0.60089,0.33742,-0.2672,-0.088154,2.8054,0.093941,-1.1079,-0.6529,-0.24557,0.25892,0.11742,0.095619,1.2009
-0.0086838,0.00020358,0.10092,-0.004407,1.6896,0.59389,0.5327,1.1011,0.19914,0.39395,-0.68599,0.41622,0.25273,-0.30795,-0.21038,2.9743,0.076007,-1.2034,-0.74774,-0.31415,0.26958,0.12934,0.023987,1.0086
-0.0051951,-0.00019487,0.10368,-0.0048158,1.4326,1.0557,0.59621,1.286,0.18585,0.38084,-0.79658,0.14036,0.1974,-0.35466,-0.30428,3.0812,0.055564,-1.1408,-0.90497,-0.38174,0.27645,0.13824,-0.11439,0.85842
-0.0024537,0.00050529,0.10358,-0.005805,1.1886,1.4912,0.57991,1.5004,0.12891,0.32087,-0.89938,-0.17283,0.19678,-0.39847,-0.3666,3.1234,0.048563,-0.86653,-1.1435,-0.43292,0.27739,0.1381,-0.29107,0.72065
-0.0017999,0.0020936,0.098614,-0.0088254,1.0277,1.8243,0.43468,1.7255,0.023246,0.22149,-0.99065,-0.45014,0.27339,-0.42811,-0.4068,3.1071,0.071719,-0.38729,-1.3886,-0.45018,0.27091,0.12163,-0.46269,0.56115
-0.0029098,0.003446,0.089887,-0.013962,0.95609,1.9847,0.12133,1.8897,-0.11635,0.10793,-1.0686,-0.66017,0.43198,-0.43202,-0.43582,3.0399,0.13342,0.22167,-1.5493,-0.42355,0.2559,0.08615,-0.6051,0.37465
-0.0041499,0.0034791,0.081058,-0.020606,0.93356,1.9526,-0.3625,1.9143,-0.25933,0.0083349,-1.1303,-0.84069,0.63902,-0.40493,-0.45505,2.9213,0.22651,0.84325,-1.5981,-0.35784,0.23225,0.036735,-0.7286,0.18928
-0.0039444,0.0021124,0.075528,-0.028124,0.91874,1.7765,-0.96755,1.7709,-0.37168,-0.06144,-1.1717,-1.0665,0.82277,-0.35321,-0.45284,2.7434,0.32861,1.3691,-1.5827,-0.27203,0.20214,-0.016052,-0.86116,0.039851
-0.0017652,0.00040255,0.073713,-0.035996,0.90376,1.5505,-1.601,1.5034,-0.43029,-0.10312,-1.1902,-1.3856,0.90383,-0.2925,-0.41063,2.5081,0.41168,1.746,-1.5681,-0.19023,0.17063,-0.061821,-1.0145,-0.065179
0.001967,-0.00031246,0.072738,-0.043651,0.91418,1.3621,-2.1544,1.1999,-0.43161,-0.12914,-1.1882,-1.7784,0.83816,-0.23797,-0.31533,2.2408,0.45567,1.9888,-1.5753,-0.12931,0.14445,-0.095199,-1.1626,-0.15317
0.0065359,0.00050493,0.06885,-0.050387,0.97891,1.2486,-2.5389,0.93603,-0.39045,-0.1502,-1.1737,-2.1698,0.64215,-0.19443,-0.17113,1.9845,0.45815,2.1506,-1.5751,-0.091199,0.12901,-0.11666,-1.2515,-0.26334
0.011206,0.0023103,0.060503,-0.05547,1.0984,1.1887,-2.7121,0.73311,-0.33034,-0.16727,-1.1549,-2.4767,0.38361,-0.15501,-0.0035621,1.7721,0.43315,2.2699,-1.5403,-0.064844,0.12543,-0.12971,-1.2343,-0.40802
0.014951,0.0042574,0.049571,-0.058229,1.2381,1.1335,-2.687,0.55957,-0.27183,-0.17395,-1.1354,-2.6474,0.14837,-0.10955,0.14794,1.6037,0.40014,2.3313,-1.4977,-0.036197,0.12974,-0.13738,-1.1026,-0.55015
0.016374,0.0062023,0.039829,-0.058094,1.351,1.0493,-2.521,0.36901,-0.2251,-0.16609,-1.1111,-2.6671,0.0057948,-0.055047,0.24713,1.4505,0.37088,2.2697,-1.5249,0.0010587,0.13484,-0.14093,-0.89233,-0.61547
0.014448,0.0087941,0.034171,-0.054784,1.4093,0.94126,-2.2895,0.14227,-0.19012,-0.14991,-1.074,-2.5434,-0.0096568,0.0014767,0.27931,1.2855,0.34367,2.0198,-1.6961,0.041607,0.13423,-0.14092,-0.65964,-0.53223
0.0096337,0.012432,0.032821,-0.048763,1.4188,0.84236,-2.0552,-0.098255,-0.16184,-0.14086,-1.0183,-2.3012,0.099511,0.050568,0.26,1.112,0.3087,1.576,-2.0322,0.073295,0.12524,-0.13875,-0.44743,-0.27306
0.0041454,0.016145,0.033655,-0.041613,1.4042,0.77971,-1.8471,-0.30909,-0.13538,-0.15355,-0.94475,-1.9955,0.30014,0.090966,0.22725,0.96166,0.25928,1.02,-2.5025,0.085709,0.10978,-0.13647,-0.26801,0.12622
0.00069409,0.017761,0.033895,-0.035734,1.3811,0.74553,-1.6601,-0.46134,-0.10681,-0.19051,-0.85976,-1.718,0.538,0.13255,0.22059,0.86076,0.19959,0.49024,-3.0673,0.07528,0.092729,-0.13488,-0.11186,0.58017
0.00053037,0.015585,0.03166,-0.033164,1.337,0.69624,-1.4734,-0.56305,-0.069613,-0.23901,-0.77253,-1.5699,0.75172,0.18757,0.25915,0.79658,0.14274,0.11111,-3.7063,0.043841,0.07916,-0.13235,0.028407,0.99082
0.0025262,0.010217,0.026475,-0.034209,1.2389,0.58099,-1.2733,-0.65235,-0.011601,-0.27899,-0.6918,-1.6035,0.89146,0.25734,0.33273,0.71998,0.10157,-0.072096,-4.3926,-0.0058412,0.072016,-0.12638,0.14156,1.288
0.004247,0.0046868,0.018945,-0.037025,1.064,0.37916,-1.0639,-0.76909,0.082277,-0.29608,-0.62436,-1.7742,0.93595,0.32673,0.41159,0.5886,0.080692,-0.10886,-5.0405,-0.071173,0.071072,-0.11742,0.20257,1.4526
0.0041398,0.0023948,0.010257,-0.03876,0.82789,0.12007,-0.85904,-0.92774,0.21954,-0.29006,-0.57372,-1.9459,0.8986,0.37268,0.4676,0.41653,0.075985,-0.1024,-5.4943,-0.14509,0.072997,-0.11146,0.19341,1.512
0.002863,0.004381,0.0017949,-0.037584,0.58793,-0.12974,-0.66617,-1.112,0.38772,-0.27301,-0.53713,-1.9577,0.81868,0.38052,0.49195,0.28437,0.080996,-0.14376,-5.5972,-0.21048,0.072138,-0.11816,0.12028,1.513
0.0025419,0.0082851,-0.0052647,-0.034042,0.41526,-0.30358,-0.48097,-1.2934,0.54952,-0.25966,-0.50323,-1.7103,0.74248,0.3545,0.49776,0.29285,0.093025,-0.26617,-5.2966,-0.24182,0.061992,-0.14466,0.011551,1.4911
0.0046464,0.010106,-0.010422,-0.03054,0.3519,-0.37139,-0.29629,-1.4572,0.65278,-0.25823,-0.45449,-1.218,0.70306,0.31341,0.50728,0.49064,0.11292,-0.444,-4.6975,-0.21736,0.037558,-0.18931,-0.10083,1.4567
0.0084467,0.0074707,-0.014063,-0.029297,0.38226,-0.35249,-0.1155,-1.6132,0.65298,-0.26819,-0.37647,-0.5944,0.70354,0.27542,0.53459,0.83148,0.13916,-0.62608,-4.0062,-0.13523,-0.0019294,-0.24062,-0.19953,1.4046
0.011446,0.0016791,-0.017064,-0.030404,0.43936,-0.29769,0.04657,-1.7833,0.53662,-0.28481,-0.26908,0.011623,0.70628,0.24501,0.57655,1.1955,0.16284,-0.77203,-3.4005,-0.020696,-0.051365,-0.2829,-0.28394,1.3358
0.011404,-0.003263,-0.019957,-0.031643,0.44247,-0.25514,0.17803,-1.9758,0.3311,-0.30453,-0.15096,0.48757,0.63356,0.21311,0.61739,1.4596,0.16959,-0.86711,-2.9275,0.084111,-0.10085,-0.3049,-0.35741,1.2703
0.0082011,-0.003871,-0.022385,-0.030228,0.34148,-0.24426,0.28514,-2.1711,0.094269,-0.32609,-0.051378,0.79601,0.3896,0.16893,0.64155,1.5634,0.14804,-0.91385,-2.5067,0.14329,-0.13961,-0.30546,-0.41489,1.2381
0.0040105,8.4146e-005,-0.023415,-0.025021,0.13993,-0.25362,0.39043,-2.3304,-0.11062,-0.34752,0.0066376,0.96856,-0.092529,0.11229,0.64456,1.5239,0.098131,-0.91676,-2.0252,0.14744,-0.16069,-0.29235,-0.44455,1.2556
0.0017124,0.0056522,-0.022568,-0.017437,-0.11462,-0.25984,0.51217,-2.4238,-0.24008,-0.36384,0.020422,1.0694,-0.79638,0.05531,0.63451,1.3974,0.031923,-0.87569,-1.4389,0.11585,-0.16356,-0.27593,-0.44141,1.3094
0.0028655,0.0094028,-0.020694,-0.010431,-0.36119,-0.24962,0.6433,-2.4515,-0.28236,-0.36934,0.0089284,1.1549,-1.5963,0.012669,0.62483,1.2278,-0.033919,-0.79101,-0.7981,0.078887,-0.15315,-0.26285,-0.41749,1.3606
0.0067533,0.010227,-0.019897,-0.0065377,-0.55354,-0.22712,0.75099,-2.4419,-0.25242,-0.36314,0.00053524,1.2503,-2.2907,-0.01037,0.62484,1.0281,-0.088212,-0.67202,-0.19329,0.054617,-0.13663,-0.25398,-0.39576,1.3676
0.011054,0.0097163,-0.022439,-0.0065573,-0.66965,-0.20321,0.7999,-2.4279,-0.17713,-0.35229,0.016694,1.3519,-2.6889,-0.021867,0.63468,0.80376,-0.13014,-0.53986,0.31505,0.038136,-0.12039,-0.24704,-0.39148,1.3084
0.013465,0.0099582,-0.029377,-0.0096117,-0.70423,-0.17875,0.78011,-2.4223,-0.081648,-0.34824,0.062627,1.4458,-2.7037,-0.036441,0.64701,0.58302,-0.16602,-0.42301,0.71373,0.01125,-0.109,-0.24056,-0.39778,1.1855
0.013062,0.011065,-0.039801,-0.014065,-0.65792,-0.13782,0.71608,-2.411,0.016095,-0.35836,0.12948,1.528,-2.3911,-0.064141,0.65308,0.41549,-0.20172,-0.34953,0.99479,-0.03724,-0.10538,-0.23551,-0.38951,1.014
0.010592,0.010998,-0.051115,-0.018266,-0.53474,-0.057424,0.64989,-2.3687,0.10386,-0.37944,0.20342,1.6099,-1.9115,-0.10367,0.64905,0.33165,-0.23718,-0.339,1.1084,-0.098878,-0.11073,-0.2337,-0.34314,0.80458
0.0076964,0.0079118,-0.060133,-0.020677,-0.34723,0.074479,0.6142,-2.2776,0.17221,-0.39876,0.27373,1.7085,-1.4433,-0.14384,0.63908,0.30047,-0.26666,-0.39482,0.97007,-0.15126,-0.12367,-0.23493,-0.2555,0.55627
0.0057899,0.0026694,-0.064457,-0.019827,-0.12014,0.2471,0.61701,-2.1343,0.21478,-0.40231,0.33548,1.8268,-1.1077,-0.17076,0.63375,0.23065,-0.2827,-0.4975,0.52655,-0.1763,-0.13994,-0.23568,-0.14589,0.26395
0.0053422,-0.001184,-0.063565,-0.014791,0.11413,0.42961,0.6468,-1.9384,0.23131,-0.38363,0.38803,1.9438,-0.94792,-0.17537,0.64428,0.025996,-0.27983,-0.60387,-0.17376,-0.17463,-0.15409,-0.23059,-0.040973,-0.069197
0.005947,-0.00026245,-0.059146,-0.0061199,0.32572,0.58475,0.68823,-1.6816,0.22943,-0.34641,0.43317,2.0212,-0.95515,-0.15781,0.67495,-0.34463,-0.2554,-0.65822,-0.97175,-0.16373,-0.16258,-0.21528,0.043533,-0.42437
0.0069538,0.0055213,-0.05439,0.0036355,0.49445,0.68226,0.73191,-1.3492,0.22214,-0.29952,0.47423,2.0236,-1.1017,-0.12758,0.7178,-0.82005,-0.20902,-0.6145,-1.6656,-0.16241,-0.16609,-0.18857,0.10982,-0.76945
0.0080765,0.012508,-0.052386,0.010766,0.60797,0.70444,0.7716,-0.93922,0.22171,-0.24929,0.51472,1.9378,-1.3496,-0.09986,0.75373,-1.2877,-0.14249,-0.45853,-2.1086,-0.17523,-0.16913,-0.15238,0.17115,-1.0671
0.0094735,0.016098,-0.054366,0.012487,0.65482,0.64529,0.7966,-0.48252,0.23378,-0.19585,0.55522,1.7791,-1.6369,-0.08863,0.76107,-1.6615,-0.06082,-0.21434,-2.2663,-0.18941,-0.17715,-0.11017,0.2412,-1.2825
0.011278,0.014347,-0.058931,0.0088971,0.6214,0.50979,0.7907,-0.044099,0.25544,-0.13586,0.59025,1.5844,-1.8734,-0.098817,0.72763,-1.9342,0.02773,0.071365,-2.1975,-0.18491,-0.19345,-0.065346,0.33013,-1.3899
0.013088,0.0092385,-0.062953,0.0031509,0.49851,0.31633,0.74105,0.29999,0.27775,-0.068751,0.60891,1.3991,-1.9664,-0.12207,0.65889,-2.1603,0.11385,0.35647,-1.9863,-0.14822,-0.2177,-0.020912,0.44725,-1.3779
0.014035,0.0047165,-0.063746,-0.00062906,0.29369,0.097295,0.64912,0.49806,0.29001,-0.00053234,0.60088,1.2678,-1.8709,-0.14038,0.57644,-2.387,0.19032,0.62178,-1.6837,-0.079133,-0.2467,0.019743,0.60149,-1.2567
0.01353,0.0035363,-0.06104,-0.00033123,0.039142,-0.10874,0.53404,0.54865,0.28284,0.057975,0.56446,1.2258,-1.625,-0.13711,0.50698,-2.5921,0.25327,0.86647,-1.302,0.011768,-0.27596,0.052189,0.7933,-1.0597
0.012059,0.0057138,-0.057302,0.0026065,-0.21305,-0.27332,0.42565,0.50112,0.24899,0.096931,0.51004,1.2862,-1.3391,-0.10873,0.46906,-2.6873,0.30029,1.0857,-0.84934,0.10999,-0.30139,0.071566,1.0037,-0.83602
0.011176,0.0094821,-0.056084,0.0044571,-0.4073,-0.39258,0.35287,0.43122,0.18357,0.11272,0.45535,1.423,-1.1332,-0.068047,0.46612,-2.587,0.32749,1.251,-0.36395,0.20182,-0.32076,0.074514,1.194,-0.63201
0.012445,0.013214,-0.059568,0.0023715,-0.50392,-0.48758,0.33438,0.40542,0.08584,0.10914,0.41523,1.5616,-1.058,-0.035462,0.48928,-2.2877,0.3293,1.314,0.089697,0.2754,-0.33453,0.061301,1.3226,-0.47267
0.016078,0.016277,-0.067069,-0.0031209,-0.49159,-0.58825,0.37373,0.45235,-0.037472,0.094395,0.39389,1.5964,-1.0528,-0.024185,0.52647,-1.8883,0.30197,1.2321,0.45501,0.32094,-0.34564,0.036576,1.3709,-0.35606
0.020456,0.018413,-0.075483,-0.0084122,-0.3889,-0.71206,0.45742,0.55457,-0.17024,0.076831,0.38608,1.4366,-0.97411,-0.031064,0.57028,-1.5287,0.2482,1.0009,0.71397,0.33297,-0.35759,0.0079264,1.3563,-0.26525
0.023084,0.018947,-0.081266,-0.009729,-0.23748,-0.85304,0.55589,0.66378,-0.29001,0.061977,0.38622,1.0569,-0.68446,-0.040573,0.61948,-1.2908,0.17836,0.66556,0.8861,0.31349,-0.37154,-0.017243,1.3223,-0.18777
0.022319,0.017073,-0.082463,-0.0062237,-0.091563,-0.98767,0.6308,0.73076,-0.37669,0.05201,0.39751,0.51918,-0.1476,-0.038725,0.67475,-1.1394,0.10646,0.30315,1.0002,0.27247,-0.38423,-0.034861,1.3098,-0.12597
0.018565,0.012892,-0.079549,-0.00063378,-0.0074147,-1.09,0.65004,0.73328,-0.42272,0.046712,0.43248,-0.057733,0.53492,-0.025146,0.73341,-0.95114,0.043215,-0.014181,1.0676,0.22376,-0.38861,-0.045531,1.3328,-0.089164
0.014028,0.0078283,-0.074797,0.0030073,-0.03308,-1.142,0.60441,0.68576,-0.43774,0.044732,0.50338,-0.56062,1.1714,-0.012913,0.78776,-0.61283,-0.008602,-0.25006,1.0806,0.17853,-0.3772,-0.053181,1.376,-0.075936
0.011284,0.003723,-0.070864,0.0025875,-0.19884,-1.134,0.51379,0.62473,-0.44337,0.044596,0.60995,-0.93427,1.5805,-0.016214,0.8278,-0.11448,-0.053527,-0.41051,1.0329,0.14111,-0.34651,-0.061778,1.4134,-0.065448
0.011737,0.0014317,-0.069529,-0.00067204,-0.50969,-1.0599,0.41458,0.58083,-0.45975,0.045341,0.73464,-1.1869,1.6773,-0.036527,0.84569,0.43109,-0.098223,-0.52658,0.94025,0.11042,-0.3002,-0.072169,1.43,-0.029611
0.014923,0.0003878,-0.071117,-0.003641,-0.94155,-0.91808,0.33428,0.55775,-0.49188,0.046555,0.85038,-1.3498,1.4897,-0.059727,0.8385,0.85329,-0.14564,-0.62973,0.8434,0.085398,-0.24935,-0.081189,1.4294,0.041057
0.018919,-0.00045749,-0.074615,-0.0040476,-1.4417,-0.7174,0.27185,0.53412,-0.52509,0.047637,0.93519,-1.4299,1.1067,-0.067401,0.80762,1.0218,-0.19229,-0.73782,0.79158,0.06953,-0.20937,-0.083776,1.424,0.11955
0.021396,-0.0013557,-0.07824,-0.0020734,-1.9341,-0.48167,0.20052,0.48643,-0.5337,0.046882,0.98271,-1.3941,0.60862,-0.053241,0.7561,0.90817,-0.22979,-0.85627,0.82334,0.07045,-0.19443,-0.076662,1.421,0.15004
0.020721,-0.001491,-0.080232,0.00041904,-2.3306,-0.24305,0.093012,0.41384,-0.4984,0.041746,1.0002,-1.2,0.03663,-0.030137,0.68658,0.57906,-0.24951,-0.9848,0.95677,0.09464,-0.21145,-0.060979,1.4174,0.078784
0.016695,4.4915e-005,-0.079703,0.0019296,-2.5527,-0.027747,-0.049948,0.34396,-0.42132,0.031117,0.9961,-0.84396,-0.57897,-0.020535,0.60153,0.14873,-0.24753,-1.1183,1.1912,0.14168,-0.25668,-0.041802,1.4074,-0.11331
0.010694,0.0030581,-0.077199,0.0025183,-2.5598,0.15338,-0.19203,0.31406,-0.32843,0.018372,0.96806,-0.38942,-1.1676,-0.036566,0.50542,-0.26059,-0.22746,-1.2408,1.5125,0.20277,-0.31722,-0.024954,1.3922,-0.39954
0.0051178,0.0060049,-0.074598,0.0031807,-2.3746,0.29912,-0.28324,0.34282,-0.25611,0.012192,0.90135,0.048291,-1.5995,-0.065903,0.40596,-0.52786,-0.19967,-1.324,1.8953,0.26459,-0.37694,-0.013525,1.3807,-0.72389
0.0021869,0.0068925,-0.07413,0.0044287,-2.0865,0.40172,-0.29682,0.41555,-0.22963,0.022978,0.78061,0.34932,-1.7287,-0.076025,0.31176,-0.53796,-0.17688,-1.3395,2.301,0.3154,-0.42355,-0.0067133,1.3811,-1.0303
0.0025805,0.0045347,-0.076878,0.0058589,-1.8211,0.43679,-0.2534,0.49451,-0.24755,0.056185,0.60603,0.43896,-1.4749,-0.035517,0.22675,-0.22042,-0.16806,-1.2799,2.679,0.3488,-0.45266,-0.0015858,1.3919,-1.2823
0.0047845,-0.00076406,-0.081624,0.0072271,-1.6871,0.3731,-0.21332,0.54559,-0.28329,0.10727,0.40155,0.31123,-0.8882,0.06252,0.14564,0.38152,-0.1739,-1.173,2.9766,0.36338,-0.46757,0.0039952,1.4015,-1.4639
0.0058361,-0.007417,-0.084946,0.009676,-1.7259,0.19852,-0.24104,0.55983,-0.30385,0.16257,0.20786,0.017838,-0.14642,0.19213,0.055229,1.0716,-0.18687,-1.0729,3.1575,0.36031,-0.47686,0.0097898,1.3974,-1.5682
0.0032873,-0.013343,-0.082805,0.015352,-1.8953,-0.057327,-0.36587,0.55401,-0.29321,0.20606,0.064155,-0.36368,0.51771,0.30752,-0.05691,1.5566,-0.19608,-1.0307,3.2196,0.34196,-0.49258,0.014017,1.3756,-1.5914
-0.0028539,-0.016841,-0.072854,0.025274,-2.0937,-0.32376,-0.56463,0.55253,-0.26348,0.22724,-0.010077,-0.75912,0.92103,0.36875,-0.19161,1.5966,-0.19399,-1.0661,3.198,0.31264,-0.52861,0.015509,1.3417,-1.5377
-0.009737,-0.017196,-0.056097,0.037391,-2.2098,-0.51616,-0.776,0.56706,-0.24486,0.22432,-0.021987,-1.1063,1.0078,0.36349,-0.33316,1.1554,-0.18005,-1.1598,3.1444,0.2794,-0.59593,0.015123,1.3031,-1.4268
-0.013419,-0.014859,-0.036727,0.047032,-2.1677,-0.57342,-0.93436,0.59022,-0.26128,0.20118,0.0021571,-1.3442,0.8623,0.31244,-0.4547,0.43612,-0.159,-1.2702,3.0929,0.25057,-0.69347,0.015281,1.2614,-1.289
-0.011671,-0.011109,-0.020092,0.049959,-1.9496,-0.48328,-1.0008,0.60531,-0.31009,0.16177,0.032965,-1.4004,0.65383,0.25718,-0.53075,-0.24083,-0.13524,-1.3578,3.0368,0.23183,-0.79984,0.018282,1.2106,-1.147
-0.0057394,-0.0073162,-0.0099205,0.04568,-1.5953,-0.28255,-0.97378,0.60101,-0.36219,0.10703,0.052136,-1.2007,0.54672,0.23895,-0.54793,-0.63482,-0.10849,-1.3984,2.937,0.22279,-0.87571,0.025002,1.1444,-0.99962
0.0004445,-0.004159,-0.0065055,0.038073,-1.1847,-0.036066,-0.87875,0.57786,-0.38336,0.036689,0.057416,-0.7057,0.62066,0.27971,-0.50768,-0.71072,-0.074268,-1.3789,2.761,0.21709,-0.88182,0.035005,1.063,-0.82527
0.0031214,-0.0012717,-0.0069762,0.032522,-0.81087,0.19168,-0.74676,0.54353,-0.36062,-0.046629,0.057714,0.04477,0.84024,0.37367,-0.42176,-0.60406,-0.028902,-1.2882,2.523,0.20651,-0.80433,0.04764,0.97441,-0.60633
0.0014172,0.0023829,-0.0074234,0.031818,-0.54474,0.3585,-0.59826,0.50469,-0.31232,-0.13525,0.063666,0.91489,1.0862,0.49204,-0.30674,-0.46792,0.02563,-1.1161,2.2882,0.18639,-0.66916,0.062798,0.88833,-0.35429
-0.0022929,0.0075705,-0.0054144,0.034275,-0.4051,0.45315,-0.43924,0.46443,-0.27306,-0.21788,0.080339,1.7086,1.229,0.59813,-0.18212,-0.3387,0.081409,-0.86236,2.1332,0.15848,-0.53062,0.080409,0.80785,-0.11222
-0.0046535,0.013838,-0.0011825,0.035698,-0.35087,0.49054,-0.26883,0.42568,-0.26475,-0.283,0.10572,2.2472,1.2015,0.66526,-0.070059,-0.13222,0.12928,-0.54319,2.093,0.12947,-0.43859,0.09907,0.72655,0.07034
-0.0042785,0.019235,0.0032762,0.033434,-0.3089,0.49758,-0.09045,0.39296,-0.27714,-0.3215,0.13415,2.4455,1.0289,0.68768,0.0081839,0.23967,0.16446,-0.18385,2.14,0.10644,-0.40688,0.11528,0.63356,0.16994
-0.0028478,0.021081,0.0064578,0.028928,-0.22432,0.49696,0.082214,0.3668,-0.27421,-0.32825,0.16106,2.3388,0.80121,0.67736,0.040629,0.74967,0.18809,0.19859,2.2163,0.092427,-0.40699,0.12449,0.52329,0.20249
-0.0034503,0.017502,0.009198,0.026552,-0.09851,0.4975,0.22875,0.3354,-0.222,-0.3038,0.18552,2.0462,0.60995,0.64873,0.032228,1.2485,0.20366,0.60529,2.2895,0.084638,-0.39229,0.12363,0.40288,0.20788
-0.0076988,0.0088858,0.014573,0.029774,0.016427,0.49711,0.33345,0.27498,-0.1161,-0.2566,0.20952,1.6956,0.49621,0.6031,0.0037993,1.579,0.21167,1.0449,2.379,0.076266,-0.3329,0.11336,0.29169,0.22161
-0.014189,-0.001811,0.025694,0.038113,0.064979,0.49651,0.39752,0.16525,0.013425,-0.20278,0.23532,1.3623,0.4424,0.52624,-0.0198,1.7037,0.20787,1.5068,2.5216,0.060505,-0.23302,0.097983,0.21212,0.25749
-0.019625,-0.010386,0.042854,0.047453,0.040294,0.51306,0.44328,0.011103,0.12349,-0.16018,0.26377,1.0564,0.40619,0.40308,-0.024927,1.7248,0.18686,1.9417,2.7064,0.034602,-0.11812,0.082804,0.17629,0.31107
-0.021567,-0.013711,0.062229,0.053286,-0.0015826,0.58149,0.50535,-0.14809,0.18897,-0.13771,0.2953,0.75692,0.36325,0.23853,-0.016565,1.7764,0.14816,2.269,2.8394,0.0018176,-0.0054764,0.070617,0.17685,0.37231
-0.020347,-0.011556,0.077449,0.053953,0.022966,0.73657,0.61204,-0.25468,0.21922,-0.12714,0.33288,0.45917,0.32333,0.065712,-0.012417,1.8877,0.099329,2.4129,2.7824,-0.029688,0.11381,0.060191,0.189,0.43007
-0.018559,-0.0065981,0.083367,0.05122,0.16924,0.98672,0.7678,-0.2672,0.24847,-0.10579,0.38386,0.1969,0.31171,-0.068573,-0.028985,1.946,0.053186,2.3428,2.4433,-0.050534,0.26395,0.047942,0.18452,0.46487
-0.018639,-0.002521,0.079534,0.048114,0.43174,1.2966,0.94885,-0.18899,0.3089,-0.051145,0.45683,0.027046,0.33809,-0.13287,-0.070951,1.7935,0.020903,2.0914,1.8466,-0.054508,0.45347,0.031548,0.14965,0.44454
-0.0207,-0.0015734,0.070798,0.046235,0.75691,1.5931,1.1165,-0.067707,0.4075,0.041663,0.55365,-0.0081335,0.38173,-0.13276,-0.13126,1.3671,0.0061517,1.7382,1.1219,-0.041471,0.6524,0.012704,0.093992,0.33782
-0.022494,-0.0033379,0.064328,0.044876,1.085,1.7942,1.2398,0.036293,0.52289,0.15321,0.66123,0.087539,0.40294,-0.1077,-0.1992,0.7488,0.0043146,1.3718,0.41899,-0.017479,0.80165,-0.002818,0.041409,0.1433
-0.021487,-0.0055136,0.06506,0.042295,1.3846,1.8438,1.313,0.090604,0.62131,0.24997,0.75112,0.26035,0.36696,-0.10417,-0.26736,0.086365,0.0067499,1.0565,-0.18393,0.0075732,0.85252,-0.0074198,0.0072759,-0.090075
-0.017252,-0.0059444,0.072803,0.037551,1.6562,1.7319,1.3544,0.10994,0.67769,0.30411,0.79134,0.43157,0.25983,-0.14484,-0.33097,-0.53467,0.0065201,0.82108,-0.70452,0.023337,0.80694,0.0055265,-0.02125,-0.27548
-0.012112,-0.0042575,0.08304,0.031166,1.9078,1.489,1.3883,0.13948,0.68632,0.30761,0.76598,0.5346,0.088723,-0.2161,-0.38229,-1.137,0.0016299,0.66864,-1.2006,0.022107,0.72346,0.039482,-0.084034,-0.33496
-0.0094133,-0.0019454,0.090608,0.024323,2.1306,1.1626,1.4237,0.21579,0.65675,0.27062,0.69017,0.54258,-0.12551,-0.28154,-0.40851,-1.7716,-0.0056722,0.5918,-1.6883,0.0011506,0.67737,0.09295,-0.222,-0.25132
-0.01083,-0.0010187,0.093326,0.017799,2.2926,0.7942,1.4445,0.33631,0.60241,0.20784,0.60764,0.47157,-0.35377,-0.3097,-0.39846,-2.3947,-0.012066,0.57873,-2.1051,-0.035805,0.70067,0.15792,-0.44245,-0.084604
-0.01492,-0.0023857,0.092938,0.01181,2.3556,0.4111,1.4193,0.46135,0.53238,0.12685,0.56898,0.35983,-0.5615,-0.29504,-0.35383,-2.8324,-0.01617,0.60844,-2.347,-0.078504,0.74874,0.21987,-0.70166,0.066755
-0.018188,-0.0051533,0.093044,0.0066962,2.2983,0.03578,1.3214,0.54628,0.45146,0.029052,0.60249,0.23797,-0.71503,-0.25844,-0.29434,-2.8844,-0.019526,0.64564,-2.3405,-0.11266,0.72544,0.26148,-0.92096,0.1389
-0.017808,-0.0072479,0.096052,0.0033407,2.129,-0.30272,1.1466,0.5773,0.36493,-0.079161,0.69669,0.11043,-0.7928,-0.22911,-0.24986,-2.4862,-0.025224,0.64692,-2.0914,-0.12526,0.55396,0.26997,-1.0287,0.15838
-0.013761,-0.0068173,0.10156,0.0025133,1.8801,-0.56881,0.91703,0.5813,0.2819,-0.17799,0.80685,-0.039743,-0.79365,-0.2225,-0.24372,-1.7893,-0.034997,0.57956,-1.6742,-0.11059,0.24114,0.24434,-1.001,0.23612
-0.0086617,-0.0034322,0.10704,0.003639,1.5892,-0.73451,0.67274,0.60168,0.21402,-0.23947,0.88191,-0.2275,-0.73397,-0.22933,-0.27977,-1.0853,-0.0463,0.44263,-1.1831,-0.073241,-0.11745,0.1967,-0.87386,0.49857
-0.0055392,0.0016824,0.10971,0.0043466,1.2805,-0.79569,0.45684,0.65962,0.1713,-0.24417,0.89372,-0.44371,-0.63518,-0.22189,-0.3434,-0.63103,-0.051167,0.27499,-0.6897,-0.025452,-0.39992,0.1456,-0.71942,1.0032
-0.0055127,0.0064871,0.10798,0.0016022,0.95801,-0.77521,0.30266,0.73236,0.1587,-0.19565,0.84987,-0.65304,-0.51341,-0.17219,-0.41505,-0.50655,-0.038288,0.1418,-0.23744,0.01987,-0.54149,0.10491,-0.60385,1.6991
-0.0072507,0.0094487,0.10167,-0.0062374,0.61459,-0.70884,0.22561,0.76674,0.17485,-0.11976,0.78351,-0.81433,-0.38013,-0.070103,-0.48462,-0.60596,0.0017928,0.10418,0.1372,0.055649,-0.57258,0.076684,-0.55642,2.4564
-0.0083652,0.010437,0.091574,-0.018075,0.25088,-0.62481,0.21994,0.71795,0.21223,-0.048259,0.72951,-0.90604,-0.24898,0.06939,-0.5546,-0.7483,0.070595,0.188,0.38758,0.081923,-0.58129,0.052985,-0.56766,3.1363
-0.0072495,0.010596,0.079231,-0.030556,-0.11168,-0.53354,0.26083,0.58376,0.25833,0.0007431,0.70405,-0.93438,-0.1354,0.21313,-0.63056,-0.81017,0.15837,0.36892,0.46787,0.10153,-0.63205,0.024993,-0.61207,3.6416
-0.0037891,0.011325,0.066881,-0.040062,-0.43613,-0.4347,0.31346,0.40801,0.29875,0.030803,0.69913,-0.91682,-0.04294,0.32567,-0.70879,-0.78201,0.24626,0.58221,0.36558,0.11459,-0.70885,-0.0085732,-0.67324,3.9201
0.0012416,0.013184,0.057036,-0.044767,-0.69382,-0.33332,0.34795,0.25121,0.32294,0.058844,0.69134,-0.85716,0.051657,0.3842,-0.77336,-0.72592,0.31362,0.7519,0.12727,0.1171,-0.72997,-0.0406,-0.75129,3.9408
0.0070026,0.015535,0.051264,-0.045416,-0.88932,-0.24871,0.35353,0.15067,0.3302,0.098705,0.6555,-0.73705,0.19397,0.38462,-0.80624,-0.69257,0.34697,0.82376,-0.14763,0.10503,-0.61957,-0.062373,-0.84995,3.693
0.012661,0.017117,0.049011,-0.044497,-1.0627,-0.2062,0.3431,0.099712,0.33098,0.14972,0.57432,-0.53497,0.42046,0.33777,-0.80239,-0.67563,0.34562,0.78544,-0.34641,0.080193,-0.37372,-0.071498,-0.95908,3.2226
0.016962,0.01699,0.047799,-0.044511,-1.2587,-0.21718,0.34328,0.059981,0.34017,0.19761,0.44199,-0.25682,0.71934,0.26157,-0.7769,-0.63619,0.32084,0.66478,-0.39271,0.052117,-0.065353,-0.07389,-1.0512,2.6719
0.018348,0.015085,0.04514,-0.046425,-1.4817,-0.26394,0.37528,-0.0043389,0.36533,0.22451,0.2646,0.051017,1.0171,0.17598,-0.75727,-0.56383,0.28913,0.50893,-0.27513,0.033836,0.21249,-0.078444,-1.0973,2.2575
0.016031,0.012066,0.040728,-0.049125,-1.6725,-0.3038,0.439,-0.09683,0.39809,0.21897,0.059737,0.32212,1.2086,0.10223,-0.7654,-0.51176,0.2636,0.35706,-0.038191,0.034445,0.41339,-0.089482,-1.0872,2.1709
0.011113,0.0088362,0.036783,-0.050146,-1.7344,-0.29278,0.51099,-0.18557,0.41628,0.17944,-0.14617,0.51089,1.2141,0.061913,-0.80204,-0.57173,0.24841,0.22154,0.25508,0.054191,0.55763,-0.10373,-1.0382,2.4543
0.0063572,0.0061703,0.03587,-0.047302,-1.5977,-0.21417,0.55732,-0.22757,0.39685,0.11142,-0.32475,0.62158,1.0226,0.070759,-0.84489,-0.81016,0.23937,0.087976,0.56149,0.085552,0.69408,-0.11415,-0.98136,2.946
0.0043668,0.0046275,0.03796,-0.040341,-1.2761,-0.09227,0.55235,-0.20186,0.33089,0.023483,-0.45513,0.70236,0.69059,0.12823,-0.86193,-1.218,0.22959,-0.066119,0.87057,0.11885,0.84441,-0.11691,-0.93968,3.349
0.0055895,0.0045193,0.039583,-0.031533,-0.87025,0.019084,0.49118,-0.12678,0.23018,-0.074227,-0.53025,0.81001,0.30324,0.21168,-0.83137,-1.7097,0.21569,-0.24596,1.1864,0.14764,0.98192,-0.11528,-0.91539,3.3885
0.0079881,0.0057673,0.036219,-0.024623,-0.50911,0.0666,0.38972,-0.049995,0.12055,-0.16941,-0.55559,0.97381,-0.069699,0.28378,-0.75528,-2.1624,0.20009,-0.42476,1.4959,0.17008,1.0616,-0.117,-0.89764,2.9555
0.0088205,0.0078138,0.026062,-0.022637,-0.27357,0.027099,0.2753,-0.019818,0.027078,-0.2484,-0.54193,1.184,-0.38986,0.31283,-0.658,-2.4577,0.18757,-0.55238,1.7515,0.18626,1.0686,-0.12745,-0.88208,2.1426
0.0070145,0.009858,0.01183,-0.025933,-0.15749,-0.081894,0.17554,-0.059083,-0.03824,-0.29993,-0.49869,1.4063,-0.63603,0.29355,-0.57035,-2.5045,0.17953,-0.58495,1.8846,0.19503,1.0385,-0.14419,-0.88338,1.1579
0.0040326,0.011357,-0.0010958,-0.031898,-0.093347,-0.21563,0.11159,-0.15801,-0.078415,-0.31979,-0.43325,1.604,-0.78379,0.25221,-0.50979,-2.251,0.17112,-0.51687,1.8443,0.19371,1.0281,-0.15746,-0.92821,0.18668
0.0024783,0.012324,-0.008624,-0.036562,-0.016345,-0.32862,0.095943,-0.28679,-0.10356,-0.31275,-0.35499,1.7472,-0.80371,0.23018,-0.46931,-1.7069,0.15406,-0.39154,1.6342,0.18075,1.0664,-0.15651,-1.0328,-0.69903
0.0037447,0.013053,-0.010588,-0.037016,0.086437,-0.39599,0.13166,-0.41495,-0.12061,-0.29011,-0.27786,1.8118,-0.67998,0.2559,-0.42285,-0.9705,0.12316,-0.27968,1.3219,0.15846,1.1288,-0.13712,-1.1831,-1.5279
0.0068108,0.013513,-0.010058,-0.032957,0.17741,-0.41767,0.21103,-0.52343,-0.12877,-0.26468,-0.21703,1.7796,-0.42948,0.32611,-0.34369,-0.2274,0.080776,-0.23748,1.0101,0.13241,1.1585,-0.10495,-1.334,-2.3403
0.0091768,0.013142,-0.010385,-0.026384,0.21103,-0.40742,0.31536,-0.6054,-0.12293,-0.24665,-0.18151,1.6526,-0.10133,0.41067,-0.22352,0.309,0.035216,-0.27334,0.78521,0.10749,1.1163,-0.072239,-1.4295,-3.1002
0.0090021,0.011495,-0.01285,-0.019893,0.17676,-0.37841,0.41958,-0.66158,-0.10053,-0.2416,-0.16962,1.47,0.2427,0.47737,-0.078881,0.49686,-0.0056481,-0.34672,0.67606,0.083922,1.0149,-0.050196,-1.4309,-3.6774
0.0065584,0.0092305,-0.016658,-0.014966,0.1083,-0.33656,0.50166,-0.69722,-0.065323,-0.24992,-0.17154,1.3087,0.54768,0.51647,0.05965,0.34128,-0.039782,-0.39893,0.64883,0.057352,0.90917,-0.042462,-1.335,-3.9119
0.0038724,0.008278,-0.020524,-0.011463,0.057513,-0.28357,0.55193,-0.72153,-0.024885,-0.26604,-0.17656,1.2556,0.76767,0.5447,0.16748,-0.013418,-0.070687,-0.39213,0.64215,0.023451,0.85291,-0.044005,-1.1723,-3.7095
0.0030564,0.010564,-0.023823,-0.0084035,0.059201,-0.22326,0.57498,-0.74556,0.015287,-0.27805,-0.17802,1.3617,0.8543,0.5853,0.24036,-0.37399,-0.10206,-0.32826,0.61569,-0.016838,0.85589,-0.045755,-0.98889,-3.102
0.0047963,0.016076,-0.026378,-0.0051732,0.11345,-0.16363,0.58147,-0.77618,0.055323,-0.27018,-0.17196,1.6104,0.75434,0.64115,0.29258,-0.60492,-0.13292,-0.23862,0.57582,-0.056658,0.87604,-0.041264,-0.82551,-2.2346
0.0080747,0.022045,-0.02784,-0.0021206,0.19196,-0.11271,0.57562,-0.81022,0.099114,-0.22914,-0.15203,1.9195,0.43407,0.68457,0.34145,-0.67485,-0.15812,-0.1578,0.5597,-0.088593,0.84929,-0.030679,-0.70406,-1.2982
0.011055,0.024449,-0.028027,-0.00024093,0.25637,-0.07205,0.54919,-0.83451,0.14922,-0.15183,-0.10786,2.1775,-0.078976,0.67414,0.39071,-0.62127,-0.17364,-0.10458,0.59368,-0.11177,0.73275,-0.019895,-0.62709,-0.45551
0.012246,0.021041,-0.028097,-0.00041647,0.27379,-0.033563,0.48857,-0.83291,0.2039,-0.049198,-0.030628,2.2925,-0.67179,0.5863,0.42671,-0.48237,-0.18109,-0.080497,0.66346,-0.13408,0.53008,-0.016443,-0.5848,0.1958
0.011178,0.01348,-0.030894,-0.0028806,0.22424,0.018071,0.39041,-0.79424,0.25948,0.057568,0.077988,2.2237,-1.1715,0.43685,0.43021,-0.26523,-0.18654,-0.078486,0.72277,-0.16652,0.28529,-0.025487,-0.56241,0.62075
0.0084028,0.0065045,-0.039199,-0.0071484,0.10229,0.098767,0.2719,-0.71494,0.3158,0.14698,0.20155,1.9863,-1.4184,0.27467,0.39418,0.026426,-0.19451,-0.087918,0.73133,-0.21371,0.054765,-0.048139,-0.54353,0.82765
0.0050789,0.0044216,-0.052837,-0.012185,-0.084669,0.21707,0.16445,-0.59726,0.37851,0.20718,0.31431,1.6337,-1.3447,0.15204,0.33333,0.34648,-0.20302,-0.092213,0.6854,-0.26836,-0.12082,-0.081873,-0.51063,0.8565
0.0024041,0.007648,-0.067289,-0.016556,-0.32163,0.36737,0.092678,-0.44969,0.45405,0.23945,0.39299,1.2327,-1.0063,0.093359,0.27759,0.60307,-0.20482,-0.068497,0.61065,-0.31502,-0.22862,-0.12156,-0.44664,0.77553
0.0010713,0.012278,-0.075734,-0.018626,-0.59261,0.5268,0.054871,-0.29321,0.53939,0.25365,0.42627,0.84533,-0.54443,0.084664,0.25426,0.71253,-0.19429,0.00095641,0.52432,-0.34065,-0.27871,-0.16037,-0.34038,0.66968
0.00095314,0.013254,-0.073526,-0.017074,-0.88245,0.65909,0.022369,-0.16607,0.61494,0.25979,0.41574,0.51911,-0.10313,0.089329,0.27181,0.66275,-0.1738,0.10966,0.40572,-0.34386,-0.29156,-0.19103,-0.19397,0.61129
0.0012728,0.0086088,-0.061727,-0.011673,-1.169,0.72741,-0.038864,-0.11422,0.64865,0.26217,0.36968,0.28647,0.24149,0.076189,0.3163,0.52264,-0.15363,0.21772,0.20967,-0.3355,-0.28799,-0.20816,-0.027099,0.62614
0.0012626,0.0011783,-0.046742,-0.0038217,-1.4113,0.71336,-0.14016,-0.16431,0.61216,0.25984,0.29644,0.16554,0.49692,0.038869,0.3613,0.38301,-0.14522,0.26701,-0.081556,-0.33002,-0.28488,-0.21084,0.12703,0.68054
0.00085051,-0.0037318,-0.036131,0.0037798,-1.5475,0.63253,-0.2586,-0.29557,0.50009,0.25149,0.20273,0.15942,0.71212,-0.0058376,0.38303,0.28078,-0.15306,0.21601,-0.41108,-0.33427,-0.29388,-0.20353,0.23482,0.70269
0.00074017,-0.0027689,-0.033761,0.0084143,-1.5151,0.53474,-0.35289,-0.43698,0.33927,0.23979,0.09593,0.25297,0.9163,-0.035959,0.37001,0.17567,-0.1712,0.070857,-0.64946,-0.34213,-0.31966,-0.19382,0.27861,0.62471
0.0017164,0.002735,-0.037889,0.0088468,-1.2857,0.48373,-0.3956,-0.50252,0.17937,0.23111,-0.014132,0.41145,1.0867,-0.042989,0.32337,7.5809e-005,-0.18634,-0.11136,-0.65275,-0.33856,-0.3574,-0.18802,0.26614,0.4151
0.0037766,0.0080166,-0.043321,0.005993,-0.89442,0.52422,-0.39655,-0.44571,0.068742,0.23104,-0.11734,0.58631,1.1671,-0.037402,0.2511,-0.26654,-0.18451,-0.25155,-0.33924,-0.30962,-0.39298,-0.18739,0.2255,0.081771
0.0059663,0.0089253,-0.045687,0.0021891,-0.43839,0.65549,-0.39879,-0.29339,0.029513,0.23962,-0.20743,0.72937,1.1177,-0.03915,0.16337,-0.56977,-0.15673,-0.29115,0.26451,-0.25114,-0.4082,-0.18766,0.18634,-0.34877
0.0071831,0.0052094,-0.044548,-0.00049683,-0.040389,0.82913,-0.45054,-0.12871,0.04792,0.25044,-0.28399,0.80892,0.955,-0.062826,0.07207,-0.82454,-0.10122,-0.22098,1.0322,-0.1704,-0.39034,-0.18226,0.15883,-0.85241
0.0072259,0.00031757,-0.043359,-0.0017164,0.20416,0.97404,-0.57483,-0.032533,0.08581,0.25443,-0.35039,0.81768,0.74875,-0.10959,-0.0077102,-0.98831,-0.022849,-0.080985,1.7867,-0.081023,-0.34063,-0.1668,0.12578,-1.4108
0.0070351,-0.0018599,-0.046739,-0.0029625,0.26715,1.0335,-0.75874,-0.027508,0.10525,0.24528,-0.41009,0.76768,0.57968,-0.17043,-0.059279,-1.0927,0.068604,0.064215,2.357,0.0044067,-0.27589,-0.14156,0.055752,-2.0005
0.0078046,-0.00031671,-0.057111,-0.0062084,0.19333,0.99064,-0.96667,-0.06888,0.089456,0.22261,-0.46494,0.67756,0.49262,-0.23522,-0.070608,-1.2032,0.16045,0.15587,2.6228,0.078359,-0.22095,-0.11052,-0.070158,-2.5843
0.0097889,0.0024685,-0.072794,-0.012033,0.070959,0.8681,-1.1627,-0.087959,0.046754,0.19054,-0.51644,0.56281,0.48152,-0.2979,-0.041558,-1.3444,0.2396,0.16169,2.5401,0.13736,-0.19546,-0.077801,-0.23674,-3.1193
0.012,0.0029046,-0.08847,-0.018691,-0.014084,0.70576,-1.3232,-0.050987,-0.002636,0.15349,-0.56728,0.43459,0.51399,-0.35363,0.013699,-1.4634,0.29584,0.081785,2.1505,0.17838,-0.20305,-0.044321,-0.39574,-3.5727
0.013151,-0.00057635,-0.097699,-0.022978,-0.016271,0.53584,-1.4339,0.014767,-0.044805,0.11276,-0.62034,0.30273,0.56849,-0.3926,0.07143,-1.4665,0.32489,-0.055698,1.5646,0.19718,-0.23025,-0.0070212,-0.49135,-3.9312
0.012944,-0.0061886,-0.096243,-0.022468,0.056782,0.37236,-1.4816,0.045215,-0.080774,0.066916,-0.67586,0.17489,0.64874,-0.39964,0.10711,-1.3015,0.32971,-0.20394,0.91829,0.19084,-0.25616,0.038808,-0.49379,-4.1918
0.012392,-0.010133,-0.084551,-0.017501,0.15922,0.21782,-1.4555,-0.011586,-0.12018,0.015695,-0.73029,0.050981,0.76372,-0.36333,0.10262,-1.0121,0.31889,-0.31062,0.31335,0.16274,-0.26598,0.095631,-0.41836,-4.3407
0.012788,-0.0094117,-0.067902,-0.011341,0.23861,0.0751,-1.3596,-0.16417,-0.16748,-0.035998,-0.77942,-0.079242,0.89657,-0.28835,0.049012,-0.7146,0.30269,-0.33552,-0.2216,0.12484,-0.25834,0.16062,-0.31731,-4.3402
0.014286,-0.0040434,-0.053754,-0.008065,0.26656,-0.048881,-1.2234,-0.38471,-0.21365,-0.077618,-0.82356,-0.22838,0.99726,-0.19991,-0.05329,-0.51353,0.28851,-0.2694,-0.72121,0.093574,-0.24132,0.22531,-0.25184,-4.1375
0.015525,0.0027537,-0.047573,-0.0095522,0.2529,-0.15022,-1.0961,-0.63828,-0.24092,-0.097302,-0.86919,-0.39734,1.0116,-0.13388,-0.19363,-0.42422,0.27811,-0.1443,-1.2287,0.080559,-0.22184,0.27825,-0.26488,-3.692
0.014775,0.0064891,-0.049756,-0.013797,0.23719,-0.23595,-1.024,-0.90253,-0.23618,-0.08838,-0.92373,-0.56911,0.92296,-0.11809,-0.34933,-0.36425,0.26813,-0.025388,-1.7384,0.084425,-0.19952,0.30916,-0.37247,-3.007
0.011616,0.0042601,-0.055891,-0.016085,0.26332,-0.32146,-1.0276,-1.1626,-0.20156,-0.053626,-0.98632,-0.71963,0.76889,-0.15817,-0.48703,-0.21662,0.25345,0.017714,-2.1832,0.090826,-0.17108,0.31241,-0.57506,-2.1452
0.0076098,-0.0031783,-0.060312,-0.012422,0.35155,-0.41716,-1.0982,-1.3955,-0.15359,-0.0041593,-1.0423,-0.83885,0.6137,-0.23833,-0.57119,0.090537,0.23155,-0.05189,-2.4768,0.082235,-0.14063,0.28834,-0.87326,-1.2205
0.0052853,-0.011506,-0.060263,-0.0027217,0.48376,-0.51643,-1.2149,-1.5678,-0.11212,0.04623,-1.0679,-0.94235,0.49936,-0.33586,-0.57827,0.55173,0.20507,-0.21361,-2.5754,0.051416,-0.12317,0.24227,-1.2688,-0.3666
0.0062525,-0.015256,-0.057379,0.0088446,0.61099,-0.59789,-1.366,-1.655,-0.088286,0.087382,-1.0432,-1.0606,0.4151,-0.43695,-0.50915,1.116,0.18083,-0.39444,-2.5074,0.0084956,-0.13419,0.18234,-1.7449,0.30458
0.010011,-0.011211,-0.055317,0.01682,0.68023,-0.64249,-1.5538,-1.663,-0.080635,0.11555,-0.9651,-1.2133,0.3116,-0.54124,-0.39064,1.7421,0.1655,-0.50466,-2.3489,-0.024619,-0.1723,0.11759,-2.2414,0.74021
0.014335,-0.00061965,-0.05574,0.018527,0.66579,-0.65169,-1.7774,-1.6297,-0.080731,0.13148,-0.84998,-1.3926,0.14752,-0.65227,-0.26375,2.4197,0.16044,-0.48543,-2.169,-0.029361,-0.21162,0.056579,-2.6499,0.96273
0.016789,0.011333,-0.056313,0.015997,0.58614,-0.65033,-2.0122,-1.5991,-0.082107,0.13613,-0.72463,-1.5698,-0.070444,-0.76369,-0.16504,3.1367,0.15917,-0.34026,-1.9935,-0.0043007,-0.21418,0.0061882,-2.8465,1.055
0.016097,0.018579,-0.052596,0.014251,0.49425,-0.67109,-2.2047,-1.5906,-0.084839,0.12816,-0.61096,-1.7199,-0.28547,-0.85501,-0.11241,3.8301,0.14951,-0.13134,-1.8099,0.032818,-0.15537,-0.029832,-2.7517,1.1183
0.012491,0.017751,-0.042141,0.017434,0.44631,-0.73327,-2.2922,-1.5886,-0.092957,0.10515,-0.51565,-1.8375,-0.42635,-0.90285,-0.10318,4.3781,0.11965,0.056152,-1.6015,0.056649,-0.042594,-0.051951,-2.3803,1.224
0.007128,0.0099773,-0.027086,0.025934,0.46945,-0.83332,-2.2328,-1.5611,-0.10829,0.067668,-0.43071,-1.9305,-0.45196,-0.89945,-0.1227,4.6548,0.064771,0.15792,-1.3708,0.050948,0.088059,-0.064579,-1.8434,1.3889
0.001334,-0.00015847,-0.012865,0.036548,0.55096,-0.95217,-2.024,-1.4895,-0.12663,0.022254,-0.34336,-1.9985,-0.37242,-0.86276,-0.15531,4.6103,-0.010137,0.15574,-1.1333,0.018193,0.19328,-0.073902,-1.2919,1.5916
-0.0038212,-0.0075724,-0.0041939,0.045025,0.6555,-1.0686,-1.6998,-1.384,-0.13943,-0.01948,-0.24717,-2.0218,-0.23583,-0.82731,-0.18915,4.3102,-0.092743,0.072195,-0.89377,-0.024445,0.24324,-0.084679,-0.83627,1.8197
-0.0076798,-0.009482,-0.0018091,0.048641,0.75352,-1.1645,-1.3108,-1.2745,-0.13911,-0.045847,-0.14701,-1.9769,-0.094386,-0.82084,-0.21406,3.8943,-0.16938,-0.054175,-0.63597,-0.058727,0.22593,-0.097823,-0.4952,2.1069
-0.010159,-0.0064032,-0.0025871,0.047065,0.83516,-1.2186,-0.90531,-1.1881,-0.12361,-0.050903,-0.055362,-1.8641,0.025604,-0.84378,-0.21853,3.4835,-0.23019,-0.19101,-0.34307,-0.077577,0.13782,-0.1102,-0.21266,2.5241
-0.011835,-0.0011289,-0.0025407,0.04169,0.89768,-1.203,-0.51973,-1.1325,-0.096891,-0.037059,0.01651,-1.7192,0.13274,-0.86861,-0.19238,3.1049,-0.27033,-0.31621,-0.029803,-0.086846,-0.02178,-0.11667,0.07431,3.1154
-0.013569,0.0032459,0.00015795,0.034681,0.92179,-1.0933,-0.17834,-1.0987,-0.065702,-0.012606,0.065705,-1.5944,0.25709,-0.86085,-0.1354,2.6932,-0.28739,-0.40718,0.24649,-0.096538,-0.23981,-0.11297,0.37301,3.8241
-0.015652,0.0049092,0.0045116,0.028405,0.86446,-0.89083,0.10517,-1.0731,-0.035572,0.014033,0.098379,-1.5203,0.42571,-0.80638,-0.064404,2.1635,-0.27875,-0.43188,0.41225,-0.10985,-0.47051,-0.097678,0.62954,4.4717
-0.017162,0.0038358,0.00829,0.024834,0.68182,-0.63684,0.32841,-1.0459,-0.0089703,0.039139,0.12369,-1.4848,0.6429,-0.72407,-0.010295,1.4972,-0.24181,-0.35569,0.42342,-0.11954,-0.63269,-0.072385,0.78193,4.8308
-0.016443,0.0013369,0.0098762,0.024489,0.36527,-0.4019,0.50105,-1.0084,0.013803,0.064262,0.14558,-1.4474,0.88604,-0.65344,-0.0035697,0.77314,-0.17743,-0.16329,0.29362,-0.11439,-0.64009,-0.040345,0.82157,4.7579
-0.012663,-0.00081612,0.008749,0.025631,-0.041638,-0.25066,0.64114,-0.94545,0.032714,0.092482,0.15864,-1.3783,1.1177,-0.62697,-0.056809,0.12199,-0.093279,0.12016,0.083552,-0.089799,-0.45289,-0.0049469,0.80578,4.2978
-0.0071518,-0.0012567,0.0048922,0.025022,-0.46223,-0.20608,0.76624,-0.83492,0.04719,0.12363,0.1514,-1.2861,1.3035,-0.64783,-0.15654,-0.35765,-0.0037771,0.42669,-0.13622,-0.053269,-0.11418,0.030888,0.80927,3.6721
-0.0030332,0.0003544,-0.0013869,0.0205,-0.82686,-0.23853,0.88343,-0.65873,0.056926,0.15242,0.11478,-1.2117,1.4211,-0.68909,-0.27095,-0.65957,0.074228,0.66861,-0.31638,-0.020074,0.26179,0.064133,0.8587,3.1427
-0.0030006,0.0031093,-0.0085645,0.01358,-1.1016,-0.28746,0.98464,-0.41723,0.06298,0.17079,0.04931,-1.1919,1.4546,-0.71336,-0.36821,-0.86511,0.12751,0.7769,-0.4329,-0.002807,0.54871,0.090763,0.90985,2.8389
-0.006993,0.0051864,-0.013083,0.0095256,-1.2872,-0.29958,1.0506,-0.13469,0.067477,0.17257,-0.034303,-1.2268,1.3804,-0.69715,-0.43229,-1.0816,0.1506,0.73374,-0.47222,-0.0033824,0.67701,0.10582,0.88793,2.6772
-0.011915,0.0047259,-0.010389,0.014034,-1.3997,-0.25796,1.0619,0.14947,0.07175,0.15653,-0.12137,-1.2762,1.1659,-0.64264,-0.46566,-1.3698,0.14603,0.57949,-0.42323,-0.013658,0.66482,0.10512,0.75473,2.4354
-0.013903,0.00089414,0.0019944,0.028663,-1.4573,-0.18631,1.012,0.39751,0.074517,0.12579,-0.20057,-1.2876,0.78951,-0.57133,-0.4788,-1.707,0.12106,0.38859,-0.28964,-0.023412,0.59143,0.087826,0.54429,1.9291
-0.011309,-0.005462,0.021607,0.048673,-1.4839,-0.13082,0.91447,0.58721,0.071994,0.084684,-0.26655,-1.2309,0.27503,-0.5073,-0.47684,-2.005,0.08337,0.22709,-0.10889,-0.028553,0.5365,0.058336,0.33887,1.1511
-0.0058698,-0.012034,0.041391,0.065383,-1.5136,-0.13344,0.80093,0.71649,0.060275,0.036273,-0.31653,-1.113,-0.28877,-0.46282,-0.45455,-2.1662,0.037972,0.1168,0.049385,-0.032817,0.53127,0.025824,0.20992,0.2654
-0.0011158,-0.0161,0.053943,0.07163,-1.5766,-0.21016,0.70846,0.80063,0.038301,-0.017161,-0.34571,-0.964,-0.76846,-0.43454,-0.40277,-2.1405,-0.013042,0.02832,0.11632,-0.042175,0.55485,0.0013715,0.1745,-0.53422
0.00041725,-0.015842,0.056894,0.066351,-1.6702,-0.34208,0.66258,0.86683,0.0091553,-0.07156,-0.34681,-0.81138,-1.0452,-0.40902,-0.31921,-1.9549,-0.067932,-0.092258,0.06749,-0.057275,0.57033,-0.0058783,0.19694,-1.181
-0.001287,-0.011216,0.054973,0.054875,-1.7421,-0.48138,0.66534,0.94807,-0.021228,-0.11951,-0.31523,-0.66289,-1.0792,-0.37179,-0.21365,-1.703,-0.12149,-0.27968,-0.058624,-0.070581,0.56666,0.0084549,0.22301,-1.7744
-0.0045293,-0.0039551,0.056574,0.044806,-1.7111,-0.57092,0.69626,1.0742,-0.046873,-0.15212,-0.255,-0.51086,-0.93425,-0.3146,-0.10367,-1.5036,-0.16287,-0.51712,-0.18575,-0.070646,0.57296,0.043367,0.21061,-2.468
-0.0078126,0.0032089,0.067148,0.040681,-1.5205,-0.57109,0.72627,1.2603,-0.064156,-0.16368,-0.17982,-0.35006,-0.74,-0.23863,-0.0053759,-1.447,-0.17774,-0.7356,-0.25107,-0.050051,0.63821,0.093727,0.13604,-3.298
-0.010811,0.0076944,0.084705,0.041348,-1.1827,-0.48121,0.73596,1.4977,-0.072639,-0.1557,-0.10801,-0.19172,-0.61356,-0.15388,0.072427,-1.5527,-0.15501,-0.84474,-0.24321,-0.010788,0.7957,0.15219,-0.013552,-4.0958
-0.013623,0.008105,0.10123,0.041721,-0.78043,-0.34188,0.72627,1.7558,-0.074593,-0.137,-0.055018,-0.061204,-0.59405,-0.075169,0.12699,-1.7561,-0.094537,-0.77527,-0.19973,0.036818,1.0386,0.21082,-0.23813,-4.5643
-0.015526,0.0047828,0.10899,0.037171,-0.42006,-0.21392,0.71523,1.9974,-0.074045,-0.11935,-0.029054,0.018463,-0.63587,-0.015571,0.15679,-1.9362,-0.010357,-0.50968,-0.17118,0.080504,1.318,0.26224,-0.50767,-4.4704
-0.014967,-0.00031425,0.10656,0.027045,-0.17156,-0.14463,0.72499,2.1969,-0.07575,-0.1114,-0.031289,0.043647,-0.66329,0.020165,0.15962,-1.9761,0.074276,-0.088932,-0.18471,0.11283,1.5589,0.30078,-0.75154,-3.8165
-0.011102,-0.0044039,0.099667,0.01481,-0.037104,-0.14238,0.76905,2.349,-0.083971,-0.11512,-0.058183,0.033876,-0.64165,0.038423,0.13628,-1.8285,0.13791,0.40198,-0.23524,0.13366,1.6806,0.32376,-0.87974,-2.8644
-0.0053176,-0.0050951,0.096357,0.0051575,0.036835,-0.17571,0.84727,2.4599,-0.10107,-0.12666,-0.10261,0.019412,-0.60747,0.052916,0.09587,-1.5487,0.17117,0.85937,-0.30486,0.14735,1.6177,0.33224,-0.83309,-1.9938
-0.00089067,-0.0015479,0.10066,0.00064057,0.12104,-0.19618,0.94839,2.5294,-0.1265,-0.1405,-0.15327,0.022282,-0.63315,0.075576,0.05605,-1.2672,0.17942,1.1891,-0.38761,0.15754,1.3408,0.3307,-0.62671,-1.4915
-0.0006428,0.0049958,0.10999,0.00036966,0.26777,-0.16875,1.0545,2.5393,-0.15704,-0.15348,-0.19473,0.045017,-0.75517,0.10793,0.035672,-1.1143,0.17611,1.3329,-0.49721,0.16364,0.87627,0.32535,-0.34793,-1.4148
-0.0045158,0.011697,0.11794,0.0013166,0.49385,-0.090332,1.1437,2.4615,-0.18806,-0.1658,-0.20972,0.074559,-0.9259,0.13952,0.044313,-1.1382,0.1722,1.2868,-0.65473,0.16121,0.3119,0.32171,-0.10402,-1.6115
-0.0093087,0.015532,0.11957,0.00070116,0.78075,0.012296,1.1941,2.2794,-0.21521,-0.17865,-0.18354,0.096624,-1.0316,0.15551,0.076769,-1.2713,0.16946,1.1021,-0.87073,0.14527,-0.22326,0.32247,0.042288,-1.8635
-0.011005,0.014982,0.11455,-0.0025358,1.0839,0.099368,1.1897,2.0066,-0.23543,-0.19108,-0.10811,0.10808,-0.96706,0.1484,0.11722,-1.3677,0.16203,0.86394,-1.1363,0.1138,-0.60547,0.32656,0.10001,-2.0353
-0.0078073,0.010996,0.10584,-0.0079239,1.3486,0.13759,1.1297,1.6869,-0.24712,-0.19918,0.015617,0.11782,-0.71284,0.12496,0.15023,-1.286,0.14393,0.65358,-1.4257,0.069318,-0.76897,0.32977,0.12192,-2.1189
-0.001354,0.0065424,0.095924,-0.014517,1.5318,0.11274,1.0303,1.3741,-0.25011,-0.19853,0.1774,0.13702,-0.35619,0.10243,0.17023,-0.96259,0.11582,0.51392,-1.7031,0.018156,-0.73399,0.32667,0.14933,-2.1617
0.0048244,0.0048558,0.084511,-0.021587,1.6218,0.032958,0.91657,1.1063,-0.24565,-0.18794,0.35949,0.16835,-0.041196,0.096066,0.18246,-0.43079,0.085636,0.43972,-1.9298,-0.031653,-0.59046,0.31303,0.17791,-2.1593
0.0081751,0.0074421,0.069728,-0.028571,1.6427,-0.075458,0.80807,0.89155,-0.23623,-0.17117,0.54079,0.20373,0.11514,0.10743,0.19546,0.21662,0.063187,0.3965,-2.0721,-0.072786,-0.44436,0.28761,0.17022,-2.0213
0.0088902,0.01318,0.05142,-0.034839,1.6348,-0.17797,0.70919,0.71339,-0.22475,-0.15455,0.70295,0.23158,0.07915,0.12261,0.21172,0.88303,0.05366,0.35273,-2.1133,-0.10078,-0.35805,0.25263,0.098344,-1.6413
0.0092585,0.01918,0.032959,-0.039866,1.6232,-0.2451,0.61308,0.54823,-0.21321,-0.14255,0.8359,0.24639,-0.1074,0.12218,0.22488,1.4986,0.055338,0.30122,-2.0631,-0.11533,-0.32059,0.2127,-0.023555,-1.0072
0.011387,0.022797,0.019537,-0.043596,1.5972,-0.26444,0.51496,0.3811,-0.20194,-0.1348,0.93933,0.25204,-0.38238,0.09575,0.2255,2.0137,0.062638,0.25588,-1.9528,-0.1199,-0.26526,0.17302,-0.14325,-0.24514
0.015298,0.023312,0.014356,-0.04635,1.5193,-0.24432,0.42205,0.21074,-0.1903,-0.12761,1.0189,0.25677,-0.7095,0.050759,0.21019,2.3796,0.071166,0.23138,-1.8147,-0.11933,-0.12243,0.13754,-0.20327,0.44906
0.018854,0.022008,0.016138,-0.048117,1.3568,-0.20519,0.35138,0.045046,-0.17848,-0.11879,1.0799,0.2653,-1.0702,0.0094838,0.18506,2.5517,0.080316,0.2255,-1.6591,-0.11637,0.12595,0.10781,-0.17294,0.94195
0.019401,0.020667,0.0202,-0.047991,1.1136,-0.16309,0.31841,-0.10614,-0.16878,-0.11139,1.1232,0.27536,-1.4102,-0.0029452,0.15931,2.5198,0.091866,0.21954,-1.4671,-0.10971,0.42481,0.082689,-0.056856,1.2491
0.015746,0.01982,0.022064,-0.044649,0.83667,-0.11716,0.32864,-0.23553,-0.16493,-0.1128,1.147,0.28113,-1.6024,0.02854,0.13389,2.3362,0.10684,0.19486,-1.2113,-0.095141,0.67158,0.058937,0.11866,1.5065
0.009096,0.018343,0.020433,-0.037763,0.59555,-0.051638,0.37954,-0.34069,-0.16989,-0.12922,1.1517,0.27952,-1.4883,0.10231,0.095846,2.1026,0.1241,0.1498,-0.88666,-0.069634,0.77349,0.032861,0.32304,1.8523
0.0024092,0.014821,0.01722,-0.029099,0.44732,0.04774,0.46838,-0.42638,-0.1835,-0.15985,1.143,0.27342,-0.99191,0.20148,0.025824,1.91,0.14195,0.10268,-0.52697,-0.034897,0.70031,0.0027026,0.52899,2.3161
-0.0013186,0.0094412,0.01507,-0.022019,0.40939,0.1751,0.59429,-0.50673,-0.20196,-0.19546,1.13,0.26934,-0.22053,0.30061,-0.085432,1.7735,0.1604,0.078978,-0.18916,0.0025011,0.49933,-0.029252,0.71107,2.8015
-0.00076185,0.0045501,0.014869,-0.019482,0.45174,0.2989,0.7498,-0.6025,-0.21946,-0.22272,1.1194,0.2723,0.54758,0.37339,-0.22448,1.6185,0.18127,0.094093,0.083663,0.034855,0.26455,-0.056466,0.84523,3.1679
0.0030393,0.0030785,0.015215,-0.022003,0.5105,0.37541,0.90978,-0.73038,-0.23084,-0.23136,1.1113,0.28253,1.0119,0.39935,-0.35826,1.3384,0.20533,0.14478,0.29048,0.057719,0.083689,-0.07073,0.91481,3.3372
0.0074146,0.0060211,0.013823,-0.02725,0.51696,0.37265,1.0316,-0.88789,-0.23386,-0.21907,1.0999,0.29643,1.0376,0.36896,-0.45211,0.88533,0.22898,0.21404,0.46805,0.071151,-0.00028161,-0.066506,0.91794,3.3389
0.0097802,0.01121,0.0092887,-0.031605,0.43128,0.28885,1.0717,-1.0444,-0.23008,-0.19149,1.0784,0.30995,0.73656,0.28665,-0.48927,0.32434,0.24429,0.28351,0.65678,0.076938,0.0092297,-0.044279,0.86827,3.2672
0.0092006,0.014686,0.0018876,-0.03248,0.26592,0.1535,1.0077,-1.1483,-0.22412,-0.15775,1.0451,0.32143,0.36919,0.17068,-0.47669,-0.19302,0.24314,0.34313,0.86484,0.074807,0.088762,-0.01041,0.78686,3.197
0.0067009,0.013717,-0.0067149,-0.029663,0.083684,0.012022,0.85149,-1.1506,-0.22152,-0.12519,1.004,0.33209,0.14441,0.048974,-0.43366,-0.51572,0.22281,0.39246,1.06,0.061732,0.2192,0.026562,0.69129,3.137
0.0041472,0.0089759,-0.014217,-0.024876,-0.03388,-0.09521,0.64261,-1.0327,-0.22578,-0.096062,0.9617,0.34496,0.082762,-0.048638,-0.37488,-0.5786,0.18859,0.43495,1.195,0.035381,0.38602,0.060435,0.58981,3.0559
0.002676,0.0039666,-0.018482,-0.020179,-0.032448,-0.14753,0.43024,-0.82031,-0.23586,-0.067876,0.92197,0.36383,0.053072,-0.098765,-0.30349,-0.43177,0.15118,0.47114,1.2452,-0.0015014,0.56154,0.089377,0.48315,2.9492
0.0020297,0.0021102,-0.018356,-0.016554,0.083478,-0.14682,0.25588,-0.57491,-0.24597,-0.03658,0.88429,0.39268,-0.062341,-0.090401,-0.21964,-0.20793,0.1206,0.49602,1.2269,-0.040364,0.69721,0.11448,0.37055,2.8751
0.0012814,0.0039182,-0.014334,-0.013637,0.25572,-0.11068,0.14561,-0.36677,-0.24865,-0.00056521,0.84605,0.4346,-0.23307,-0.026347,-0.13424,-0.062283,0.10106,0.50188,1.1838,-0.071173,0.74559,0.13693,0.25502,2.9175
7.3782e-005,0.0066548,-0.0085245,-0.010485,0.41113,-0.061661,0.10978,-0.24647,-0.23965,0.036754,0.80678,0.48959,-0.30249,0.079518,-0.072646,-0.122,0.090185,0.48407,1.1547,-0.088486,0.70017,0.15676,0.14514,3.1029
-0.00097043,0.0067874,-0.0035965,-0.0065801,0.50587,-0.017141,0.14345,-0.23037,-0.22146,0.067613,0.77012,0.5523,-0.14208,0.20699,-0.061858,-0.45497,0.082588,0.44533,1.1505,-0.094136,0.61546,0.17397,0.053507,3.3464
-0.0010661,0.0031531,-0.0013179,-0.0022994,0.54422,0.01771,0.22627,-0.30346,-0.20231,0.083975,0.74199,0.61232,0.21075,0.33386,-0.11137,-1.0469,0.074583,0.3954,1.1565,-0.094307,0.57856,0.18979,-0.0076532,3.4853
-0.00032784,-0.0018586,-0.0019027,0.0012883,0.5626,0.052609,0.32612,-0.43163,-0.19083,0.083023,0.72668,0.65827,0.56423,0.43875,-0.20449,-1.7837,0.066495,0.34579,1.1548,-0.093746,0.64388,0.20536,-0.032716,3.3826
0.00019741,-0.0041459,-0.0047686,0.002959,0.5967,0.10965,0.41076,-0.57264,-0.18995,0.070535,0.72431,0.6839,0.72545,0.5033,-0.30838,-2.4587,0.061408,0.30322,1.1407,-0.092202,0.78018,0.2182,-0.028442,3.0224
-0.00035861,-0.0012548,-0.0098372,0.0018617,0.6593,0.21584,0.46256,-0.68278,-0.19467,0.059331,0.73099,0.69189,0.6568,0.51552,-0.39451,-2.8281,0.06197,0.26671,1.1198,-0.085923,0.87817,0.2199,-0.015177,2.5161
-0.001648,0.0055129,-0.017771,-0.0020426,0.74232,0.39296,0.48587,-0.72394,-0.19574,0.062993,0.74033,0.69193,0.49693,0.47446,-0.45237,-2.7121,0.067981,0.23078,1.0877,-0.072366,0.82278,0.19902,-0.020481,2.0134
-0.0023364,0.01196,-0.028561,-0.007649,0.83383,0.64828,0.49959,-0.67531,-0.18628,0.088462,0.74395,0.69366,0.43237,0.39361,-0.48617,-2.0946,0.076364,0.19239,1.0166,-0.053648,0.58096,0.14864,-0.066759,1.5886
-0.0014107,0.014098,-0.039827,-0.012715,0.93014,0.96934,0.51989,-0.54518,-0.16627,0.1323,0.73136,0.69966,0.5374,0.29895,-0.50056,-1.1607,0.083066,0.15546,0.86488,-0.035752,0.23734,0.073618,-0.15937,1.1965
0.00081576,0.010989,-0.047015,-0.014549,1.0321,1.3235,0.54679,-0.37159,-0.14158,0.18307,0.69189,0.7039,0.71883,0.21969,-0.49109,-0.23879,0.085229,0.12836,0.60642,-0.024456,-0.053458,-0.0084704,-0.28231,0.73085
0.0030363,0.005196,-0.046157,-0.01135,1.1319,1.6619,0.56558,-0.20524,-0.11871,0.22811,0.62043,0.69716,0.80098,0.175,-0.44908,0.33317,0.082275,0.1158,0.25971,-0.021589,-0.16686,-0.074704,-0.40374,0.13327
0.0041882,0.00065968,-0.037264,-0.0034578,1.205,1.9278,0.56093,-0.082274,-0.099962,0.25996,0.52443,0.67512,0.66586,0.1646,-0.37522,0.35036,0.075597,0.11146,-0.10787,-0.024481,-0.088659,-0.10816,-0.48746,-0.54043
0.0042399,-0.00015782,-0.025225,0.0064569,1.2169,2.0705,0.53094,-0.0057754,-0.08297,0.27838,0.42584,0.64228,0.33048,0.17007,-0.28642,-0.17503,0.067511,0.097887,-0.40514,-0.028462,0.081701,-0.10611,-0.50313,-1.1484
0.0038082,0.0022661,-0.016889,0.014675,1.1396,2.0628,0.48845,0.049251,-0.064566,0.2873,0.35353,0.60891,-0.085963,0.16676,-0.20694,-1.0227,0.060246,0.054596,-0.55697,-0.029998,0.20434,-0.080139,-0.43101,-1.5589
0.0032615,0.0052993,-0.016315,0.01846,0.96787,1.9146,0.44928,0.11038,-0.045023,0.28994,0.32884,0.58369,-0.45469,0.13833,-0.15064,-1.8529,0.055394,-0.030647,-0.53574,-0.028135,0.19283,-0.049015,-0.26169,-1.735
0.0024722,0.0062772,-0.022048,0.017494,0.72387,1.6727,0.418,0.18167,-0.028568,0.28628,0.35367,0.5688,-0.70587,0.08388,-0.11114,-2.3309,0.053796,-0.15407,-0.36936,-0.023896,0.062356,-0.029224,0.0043465,-1.749
0.0014652,0.0042712,-0.028706,0.013794,0.44946,1.3996,0.38396,0.238,-0.019612,0.2749,0.40986,0.5609,-0.8336,0.01386,-0.070064,-2.2409,0.055524,-0.29549,-0.12614,-0.018885,-0.095055,-0.028566,0.35398,-1.7244
0.00101,0.0004004,-0.031534,0.010309,0.19095,1.1413,0.33039,0.24477,-0.018154,0.25716,0.47133,0.55623,-0.86345,-0.06003,-0.015994,-1.5513,0.059713,-0.42458,0.11206,-0.014414,-0.18077,-0.045142,0.75623,-1.7585
0.0021722,-0.0031621,-0.030071,0.0092568,-0.015847,0.90506,0.24884,0.18723,-0.018717,0.23983,0.52021,0.55395,-0.82914,-0.13131,0.043782,-0.4157,0.064258,-0.51074,0.27537,-0.011412,-0.15046,-0.070587,1.1607,-1.8763
0.0050746,-0.0045073,-0.028019,0.011169,-0.15375,0.66365,0.14739,0.086278,-0.014082,0.23281,0.55538,0.5549,-0.77239,-0.19661,0.09051,0.89194,0.065845,-0.53331,0.32228,-0.010434,-0.027404,-0.094839,1.5062,-2.029
0.00822,-0.0027905,-0.029806,0.014912,-0.22296,0.3866,0.047312,-0.011987,-0.0008669,0.24298,0.58786,0.55743,-0.74245,-0.24909,0.11347,2.0818,0.060895,-0.48972,0.24474,-0.011249,0.1289,-0.11024,1.7402,-2.124
0.0093737,0.001617,-0.036996,0.018382,-0.23332,0.073375,-0.028639,-0.066291,0.017723,0.26851,0.62756,0.55563,-0.77273,-0.27642,0.12281,2.9503,0.04749,-0.39864,0.064169,-0.012269,0.26578,-0.11405,1.8403,-2.0611
0.0074451,0.0072863,-0.047432,0.019476,-0.19765,-0.23826,-0.068295,-0.069288,0.034214,0.29838,0.67245,0.54239,-0.84763,-0.26768,0.14241,3.4327,0.027356,-0.29595,-0.17858,-0.010659,0.35998,-0.10925,1.8248,-1.7694
0.0036382,0.012027,-0.057268,0.017103,-0.13278,-0.49706,-0.076429,-0.056804,0.042246,0.31824,0.70836,0.51461,-0.89695,-0.22439,0.18849,3.587,0.0061474,-0.2227,-0.43581,-0.0036854,0.41263,-0.10336,1.7427,-1.242
0.00066314,0.01356,-0.063715,0.011905,-0.067297,-0.67602,-0.07358,-0.091352,0.040524,0.31872,0.7188,0.47564,-0.83782,-0.16533,0.25325,3.5293,-0.0092096,-0.20869,-0.66564,0.009059,0.43201,-0.10543,1.6482,-0.55443
0.00060018,0.010704,-0.066266,0.0061991,-0.044959,-0.79089,-0.088674,-0.22924,0.032328,0.30005,0.69666,0.43231,-0.63889,-0.1191,0.30924,3.3664,-0.01543,-0.2589,-0.84263,0.023814,0.42325,-0.12195,1.5756,0.1519
0.0033363,0.0045111,-0.066045,0.0027785,-0.11228,-0.88367,-0.14802,-0.48892,0.021499,0.26959,0.64926,0.38928,-0.35483,-0.10887,0.33099,3.1649,-0.017041,-0.35044,-0.96412,0.032695,0.39023,-0.1535,1.53,0.7253
0.0069827,-0.0017692,-0.064497,0.0030318,-0.29099,-0.98542,-0.26463,-0.83684,0.008739,0.23467,0.59373,0.34575,-0.099347,-0.14024,0.31551,2.9558,-0.026177,-0.44301,-1.0492,0.026342,0.34057,-0.19383,1.4978,1.0696
0.0097747,-0.0044865,-0.062669,0.0056854,-0.55406,-1.0907,-0.4332,-1.1982,-0.0085334,0.19691,0.54689,0.29729,0.025216,-0.20047,0.28399,2.7467,-0.056625,-0.49867,-1.1278,-0.0015994,0.28387,-0.23199,1.4631,1.1755
0.011524,-0.0022043,-0.061144,0.0074072,-0.82929,-1.1651,-0.63461,-1.4883,-0.03294,0.15268,0.51613,0.24083,-0.010973,-0.26777,0.26415,2.5168,-0.115,-0.50023,-1.2223,-0.050461,0.22376,-0.25607,1.418,1.0948
0.013201,0.0029286,-0.06002,0.0052119,-1.0371,-1.1779,-0.84853,-1.6495,-0.063696,0.098541,0.49592,0.17812,-0.15682,-0.32228,0.26909,2.2042,-0.19483,-0.45709,-1.3281,-0.11161,0.15368,-0.25669,1.3583,0.88453
0.015198,0.006522,-0.058735,-0.0010171,-1.1401,-1.1309,-1.0651,-1.675,-0.096118,0.036574,0.47094,0.11495,-0.32617,-0.35178,0.28996,1.7185,-0.27829,-0.39495,-1.4082,-0.17168,0.063918,-0.22893,1.2758,0.57419
0.016295,0.0052808,-0.056225,-0.0079979,-1.1668,-1.0605,-1.2855,-1.6084,-0.12442,-0.025539,0.42396,0.057305,-0.4613,-0.35214,0.30677,0.99683,-0.34492,-0.3361,-1.4066,-0.21848,-0.043938,-0.17299,1.1583,0.19013
0.014652,-0.00030641,-0.051769,-0.011207,-1.187,-1.0125,-1.5087,-1.5165,-0.14518,-0.079427,0.34522,0.0080671,-0.57,-0.32721,0.30596,0.078685,-0.3817,-0.28406,-1.2804,-0.24594,-0.14804,-0.094482,1.0012,-0.18889
0.010022,-0.0062957,-0.045934,-0.0081956,-1.2555,-1.013,-1.7143,-1.4534,-0.15854,-0.1214,0.23902,-0.033077,-0.71468,-0.29014,0.28938,-0.86338,-0.38743,-0.22335,-1.0334,-0.255,-0.21332,-0.0041784,0.82097,-0.41104
0.0048209,-0.0085033,-0.040497,-0.00043392,-1.3676,-1.0578,-1.8578,-1.4343,-0.1665,-0.15351,0.12312,-0.067384,-0.96304,-0.26249,0.26902,-1.5834,-0.36933,-0.1341,-0.72953,-0.25033,-0.21206,0.083648,0.65673,-0.31116
0.002566,-0.0059155,-0.037006,0.0078383,-1.4614,-1.1232,-1.8887,-1.4326,-0.17039,-0.17982,0.019574,-0.095273,-1.3312,-0.26614,0.25466,-1.8952,-0.33582,-0.010057,-0.47417,-0.23576,-0.14389,0.1549,0.55329,0.17402
0.0047771,-0.001369,-0.035166,0.012875,-1.4633,-1.1833,-1.7818,-1.3996,-0.16978,-0.20134,-0.05835,-0.11697,-1.7534,-0.30963,0.24668,-1.7979,-0.29208,0.13353,-0.36522,-0.2123,-0.040582,0.20022,0.5345,0.92216
0.0091556,0.00099598,-0.032678,0.014209,-1.339,-1.2182,-1.5614,-1.2916,-0.16347,-0.21416,-0.11409,-0.13468,-2.1006,-0.37882,0.23948,-1.5012,-0.24153,0.26732,-0.43975,-0.18012,0.04849,0.21768,0.58392,1.6537
0.011001,-0.00086609,-0.026995,0.014805,-1.1079,-1.2102,-1.2958,-1.0875,-0.15081,-0.21184,-0.16333,-0.15355,-2.2437,-0.44222,0.2303,-1.3179,-0.19029,0.36406,-0.64801,-0.1424,0.08046,0.21187,0.64537,2.0747
0.0069389,-0.0056583,-0.017481,0.018579,-0.81678,-1.1401,-1.0639,-0.7903,-0.13181,-0.18975,-0.21908,-0.17941,-2.1281,-0.47048,0.22367,-1.4824,-0.14864,0.41141,-0.8757,-0.107,0.037746,0.18982,0.64376,2.044
-0.0021569,-0.010469,-0.0059486,0.027295,-0.50219,-0.99392,-0.91145,-0.41804,-0.10608,-0.14783,-0.27765,-0.21454,-1.8104,-0.45673,0.22686,-2.0123,-0.12692,0.41357,-1.006,-0.084083,-0.068203,0.15698,0.51542,1.6485
-0.011617,-0.013479,0.0049701,0.039172,-0.17777,-0.77654,-0.82808,0.0046578,-0.072388,-0.090402,-0.31791,-0.25469,-1.4237,-0.42076,0.24097,-2.7033,-0.12893,0.38287,-0.98397,-0.080646,-0.20685,0.11635,0.23473,1.1304
-0.01648,-0.014937,0.014031,0.050095,0.14542,-0.51814,-0.75934,0.44819,-0.0302,-0.024183,-0.31601,-0.29058,-1.0859,-0.39214,0.25685,-3.2608,-0.14879,0.32864,-0.83964,-0.096048,-0.34314,0.070763,-0.17215,0.72272
-0.01515,-0.015732,0.021972,0.056335,0.43194,-0.2613,-0.64465,0.87508,0.017855,0.043505,-0.26506,-0.31363,-0.81196,-0.38464,0.26052,-3.4774,-0.17432,0.25046,-0.65458,-0.12154,-0.44787,0.025864,-0.62889,0.515
-0.010237,-0.015451,0.029916,0.056763,0.6219,-0.034634,-0.45521,1.2411,0.064933,0.10553,-0.18421,-0.32221,-0.49926,-0.38342,0.24449,-3.3393,-0.19398,0.13881,-0.49755,-0.14414,-0.50085,-0.0096085,-1.0257,0.44432
-0.0060823,-0.012319,0.037242,0.053127,0.665,0.16723,-0.20807,1.505,0.102,0.15562,-0.10969,-0.32362,-0.0083517,-0.35686,0.21532,-2.9973,-0.20163,-0.01781,-0.38011,-0.15241,-0.49009,-0.027192,-1.2485,0.40092
-0.0052053,-0.0052394,0.041174,0.048502,0.56198,0.37916,0.048567,1.6442,0.12194,0.18992,-0.075036,-0.33,0.71352,-0.28448,0.19111,-2.6377,-0.19566,-0.2221,-0.26562,-0.14064,-0.41168,-0.023418,-1.2161,0.34685
-0.0066021,0.0043028,0.038703,0.045251,0.37659,0.63697,0.26406,1.6639,0.12289,0.2086,-0.095388,-0.35093,1.5582,-0.17774,0.19003,-2.3479,-0.17489,-0.45819,-0.11847,-0.10981,-0.27205,-0.0022478,-0.91145,0.34281
-0.0070893,0.012757,0.029165,0.043918,0.20501,0.94431,0.40734,1.594,0.10854,0.2159,-0.16632,-0.38782,2.2959,-0.075001,0.21867,-2.0724,-0.13598,-0.6888,0.054172,-0.065588,-0.0898,0.026807,-0.39293,0.46643
-0.0043001,0.017291,0.015118,0.043589,0.12447,1.2593,0.47072,1.4721,0.085659,0.21724,-0.27478,-0.43418,2.7082,-0.013334,0.26851,-1.6778,-0.075331,-0.86429,0.20693,-0.015206,0.10701,0.053635,0.22635,0.70693
0.0012617,0.018181,0.00070842,0.04309,0.15941,1.5107,0.45985,1.3242,0.061004,0.21524,-0.41067,-0.48085,2.7247,0.00029186,0.32272,-1.0732,0.0063515,-0.94239,0.30037,0.034964,0.28948,0.07215,0.82545,0.94311
0.0066971,0.018357,-0.011021,0.041997,0.28649,1.6321,0.38206,1.1547,0.039665,0.20792,-0.56939,-0.52169,2.4642,-0.0057104,0.36742,-0.29664,0.10126,-0.90891,0.33896,0.080322,0.43852,0.081676,1.3249,1.0347
0.0091082,0.020449,-0.019555,0.040817,0.46725,1.5925,0.24284,0.95236,0.024966,0.19148,-0.74563,-0.55557,2.1532,0.0091969,0.39864,0.4896,0.19594,-0.78553,0.36213,0.11788,0.55061,0.084763,1.7091,0.94809
0.0078044,0.024209,-0.025983,0.040501,0.67675,1.4043,0.050124,0.70602,0.018588,0.16558,-0.92695,-0.58377,1.9816,0.064773,0.41998,1.0897,0.27597,-0.61754,0.39401,0.14592,0.63441,0.083644,2.0068,0.79949
0.0045513,0.026863,-0.030769,0.041862,0.90548,1.1096,-0.18035,0.41852,0.019977,0.13634,-1.0949,-0.60594,1.9966,0.14439,0.4338,1.3869,0.3307,-0.44821,0.40019,0.16393,0.70038,0.078035,2.245,0.76494
0.0018413,0.025952,-0.032347,0.045279,1.1394,0.7557,-0.42509,0.10883,0.025688,0.11331,-1.2332,-0.61884,2.1023,0.20899,0.43417,1.4069,0.35553,-0.29781,0.2973,0.17275,0.75118,0.065484,2.4116,0.92799
0.00078136,0.021747,-0.027892,0.050557,1.344,0.37884,-0.65877,-0.19802,0.030154,0.10193,-1.336,-0.61869,2.1482,0.22843,0.40815,1.2948,0.35184,-0.16308,0.014157,0.17432,0.78015,0.043439,2.4573,1.194
0.00036433,0.016796,-0.015701,0.056722,1.4737,0.0033113,-0.86165,-0.48394,0.028355,0.097977,-1.4083,-0.60502,2.0344,0.20449,0.34526,1.2244,0.32554,-0.036843,-0.44504,0.1707,0.77824,0.011348,2.3378,1.3493
-0.001405,0.013146,0.0027101,0.061843,1.5025,-0.34773,-1.0233,-0.74233,0.018832,0.089376,-1.4579,-0.58204,1.7596,0.16845,0.24779,1.3011,0.28521,0.069809,-0.98919,0.16297,0.74337,-0.028346,2.0616,1.2197
-0.0056501,0.0102,0.022596,0.063416,1.451,-0.64141,-1.1408,-0.97004,0.0046998,0.065184,-1.487,-0.55629,1.3957,0.15742,0.13315,1.513,0.23976,0.12355,-1.4902,0.15069,0.68406,-0.070403,1.7022,0.80131
-0.011669,0.0054945,0.038286,0.059584,1.3818,-0.83525,-1.2137,-1.1543,-0.0084038,0.024712,-1.4899,-0.53225,1.025,0.18927,0.025233,1.7533,0.19575,0.089438,-1.8525,0.13274,0.615,-0.10785,1.3601,0.25799
-0.017601,-0.0022892,0.046396,0.050636,1.3635,-0.89018,-1.2399,-1.2682,-0.015991,-0.020737,-1.4587,-0.50974,0.69502,0.25398,-0.059773,1.8887,0.15547,-0.039623,-2.0469,0.10911,0.54874,-0.13375,1.1032,-0.20366
-0.021953,-0.011084,0.047848,0.039515,1.4276,-0.78888,-1.2153,-1.282,-0.017289,-0.055294,-1.3909,-0.48506,0.41391,0.32369,-0.12289,1.8274,0.11698,-0.22961,-2.0889,0.08283,0.49027,-0.14341,0.93284,-0.47531
-0.02452,-0.016306,0.04727,0.030473,1.5519,-0.54797,-1.1374,-1.1864,-0.014977,-0.069411,-1.2928,-0.45491,0.1735,0.37087,-0.1797,1.5494,0.076686,-0.42178,-1.9932,0.060326,0.43768,-0.1363,0.80469,-0.59189
-0.025932,-0.014241,0.050033,0.026403,1.6813,-0.21676,-1.0099,-1.0084,-0.01281,-0.065867,-1.1737,-0.41987,-0.029788,0.38137,-0.24664,1.0958,0.032631,-0.56757,-1.7503,0.049483,0.38684,-0.11655,0.68544,-0.65954
-0.026456,-0.0050687,0.058782,0.026725,1.767,0.13596,-0.84327,-0.80757,-0.013368,-0.056858,-1.0387,-0.38473,-0.19155,0.35757,-0.32552,0.5359,-0.013488,-0.65509,-1.3506,0.055739,0.33556,-0.091207,0.59451,-0.74455
-0.025441,0.0069807,0.071786,0.027614,1.7905,0.43934,-0.65169,-0.64898,-0.017601,-0.055231,-0.88596,-0.35555,-0.30743,0.31425,-0.3976,-0.062171,-0.057099,-0.70701,-0.82665,0.078326,0.28493,-0.067054,0.59193,-0.82463
-0.022116,0.016312,0.084365,0.024689,1.7546,0.63471,-0.44662,-0.5701,-0.025795,-0.06686,-0.71278,-0.33565,-0.37883,0.27179,-0.43248,-0.64675,-0.093448,-0.75341,-0.26807,0.10937,0.2384,-0.048007,0.72011,-0.83633
-0.017024,0.019258,0.092434,0.016276,1.6542,0.68424,-0.23303,-0.56254,-0.038247,-0.088988,-0.525,-0.32352,-0.41108,0.24892,-0.40687,-1.1842,-0.12018,-0.80361,0.21475,0.13719,0.20011,-0.034597,0.94919,-0.76202
-0.012513,0.015679,0.095489,0.0047397,1.4586,0.57563,-0.010846,-0.57994,-0.054599,-0.11403,-0.34195,-0.31367,-0.40945,0.25577,-0.32083,-1.6526,-0.13821,-0.8402,0.55374,0.15215,0.17312,-0.025451,1.1762,-0.6689
-0.011437,0.00828,0.096553,-0.0051964,1.1274,0.3239,0.2191,-0.56576,-0.07259,-0.13468,-0.19057,-0.29959,-0.37939,0.28967,-0.20031,-2.0316,-0.15098,-0.83849,0.75939,0.15111,0.15693,-0.018962,1.2839,-0.66459
-0.014889,0.00069356,0.099022,-0.0098919,0.64788,-0.031687,0.44881,-0.48206,-0.088062,-0.14673,-0.092192,-0.27682,-0.33006,0.33696,-0.08314,-2.2917,-0.16315,-0.79314,0.89758,0.13723,0.14506,-0.013427,1.2155,-0.8148
-0.020896,-0.0042779,0.10308,-0.0093484,0.06302,-0.43725,0.66086,-0.3227,-0.097073,-0.14936,-0.051499,-0.24437,-0.27541,0.38081,0.0024818,-2.3929,-0.17956,-0.72851,1.0263,0.11554,0.12443,-0.0058707,1.0054,-1.1018
-0.025397,-0.005579,0.10499,-0.007012,-0.53769,-0.83842,0.83154,-0.10708,-0.098825,-0.1447,-0.055699,-0.20458,-0.23085,0.41035,0.053085,-2.299,-0.204,-0.68393,1.1485,0.088422,0.078133,0.0083413,0.74103,-1.4588
-0.024944,-0.0040036,0.10027,-0.0071272,-1.0589,-1.192,0.93744,0.13674,-0.096948,-0.13775,-0.084503,-0.1622,-0.20953,0.4245,0.088574,-2.0062,-0.23733,-0.6858,1.2235,0.055376,-0.0085086,0.03313,0.48824,-1.8412
-0.019043,-0.0016093,0.088037,-0.011771,-1.4416,-1.4694,0.96276,0.38669,-0.097794,-0.13602,-0.12304,-0.1232,-0.22182,0.42802,0.13594,-1.5653,-0.27558,-0.72812,1.225,0.017253,-0.14083,0.067327,0.23901,-2.2628
-0.010304,-0.00052746,0.072747,-0.019724,-1.6767,-1.6521,0.90495,0.63228,-0.1068,-0.14727,-0.16795,-0.09352,-0.27525,0.42462,0.20961,-1.0774,-0.31014,-0.77561,1.1889,-0.01967,-0.30879,0.10193,-0.075642,-2.7639
-0.0023203,-0.0015686,0.061267,-0.027757,-1.7859,-1.7289,0.77718,0.87163,-0.12552,-0.17546,-0.2224,-0.077115,-0.36797,0.4142,0.30161,-0.65632,-0.33158,-0.78664,1.1999,-0.044958,-0.48432,0.1227,-0.51906,-3.3462
0.0029429,-0.0035018,0.057616,-0.033104,-1.7922,-1.6992,0.60585,1.1046,-0.15115,-0.21737,-0.28425,-0.073954,-0.47569,0.39651,0.38737,-0.3773,-0.33581,-0.73968,1.3211,-0.05112,-0.62513,0.11805,-1.0812,-3.9438
0.0061369,-0.0037697,0.059663,-0.03524,-1.7094,-1.5822,0.42271,1.325,-0.17826,-0.26268,-0.33691,-0.079077,-0.54451,0.37666,0.44173,-0.24679,-0.32834,-0.64623,1.5277,-0.040948,-0.68775,0.087421,-1.6613,-4.4621
0.0092193,-0.00040027,0.060677,-0.035858,-1.5574,-1.4205,0.25405,1.5156,-0.20098,-0.29831,-0.35114,-0.084098,-0.50569,0.36491,0.45364,-0.21347,-0.3223,-0.54351,1.7065,-0.027964,-0.64848,0.043409,-2.1141,-4.85
0.013122,0.0062467,0.054578,-0.037295,-1.3848,-1.268,0.11301,1.6468,-0.21442,-0.3146,-0.29856,-0.080988,-0.31441,0.36926,0.43029,-0.21134,-0.33019,-0.47296,1.7305,-0.027966,-0.52275,0.0051747,-2.3241,-5.1381
0.016534,0.013375,0.040726,-0.040646,-1.2699,-1.1647,0.0006114,1.687,-0.21536,-0.30962,-0.16967,-0.066149,0.009551,0.38699,0.38988,-0.20164,-0.35401,-0.45828,1.5509,-0.047341,-0.36851,-0.013147,-2.2611,-5.4079
0.016927,0.017557,0.024549,-0.044869,-1.2869,-1.1142,-0.085022,1.6198,-0.20294,-0.28884,0.015467,-0.042133,0.37295,0.40427,0.34988,-0.18377,-0.38127,-0.49514,1.2326,-0.077346,-0.2648,-0.010815,-1.9849,-5.7207
0.013,0.017144,0.013666,-0.047438,-1.4545,-1.0815,-0.13884,1.461,-0.17954,-0.26085,0.21191,-0.015735,0.64936,0.40605,0.31923,-0.1729,-0.39084,-0.55678,0.90481,-0.09936,-0.27295,0.0003648,-1.6065,-6.0707
0.0063639,0.013399,0.012591,-0.046125,-1.7065,-1.0163,-0.14821,1.2605,-0.15058,-0.23206,0.36896,0.0062946,0.7499,0.38893,0.29859,-0.16925,-0.36556,-0.61002,0.6668,-0.097543,-0.40306,0.005211,-1.236,-6.3972
0.00087985,0.0094628,0.019917,-0.040704,-1.9128,-0.8864,-0.10369,1.0814,-0.12261,-0.20389,0.45275,0.020989,0.67772,0.36603,0.28585,-0.14867,-0.30306,-0.63019,0.52561,-0.069358,-0.60848,-0.004346,-0.94727,-6.6358
-9.1161e-006,0.0079774,0.029711,-0.033366,-1.9476,-0.70105,-0.012957,0.96774,-0.10025,-0.17378,0.45854,0.029946,0.52554,0.3587,0.28124,-0.081847,-0.21709,-0.60598,0.41039,-0.026293,-0.81295,-0.024935,-0.77074,-6.7547
0.0041436,0.0092141,0.035671,-0.027466,-1.7635,-0.50647,0.095385,0.92163,-0.083952,-0.13859,0.40579,0.036981,0.41493,0.38128,0.28782,0.037392,-0.12845,-0.53311,0.24374,0.014977,-0.95209,-0.045662,-0.70586,-6.7476
0.010406,0.011125,0.034853,-0.025399,-1.4214,-0.35867,0.18387,0.90944,-0.070444,-0.09786,0.32162,0.044719,0.4187,0.43032,0.30782,0.18247,-0.052497,-0.40533,0.006318,0.043335,-1.0017,-0.055957,-0.73761,-6.6034
0.014613,0.011182,0.028572,-0.027108,-1.0543,-0.29144,0.22689,0.89266,-0.055623,-0.054882,0.22627,0.052658,0.52074,0.48617,0.33874,0.31317,0.0072785,-0.2136,-0.25617,0.057598,-0.97724,-0.050903,-0.84392,-6.2966
0.014321,0.0085037,0.02044,-0.030305,-0.788,-0.2995,0.22437,0.85949,-0.037974,-0.015616,0.13084,0.057876,0.63875,0.52476,0.37287,0.40663,0.055589,0.043179,-0.48101,0.062498,-0.91161,-0.031035,-0.99269,-5.8169
0.010244,0.0045983,0.013484,-0.032164,-0.66948,-0.34437,0.19809,0.83108,-0.020056,0.01311,0.045722,0.057472,0.68898,0.53056,0.40086,0.47266,0.096077,0.34407,-0.64419,0.061532,-0.83098,0.0010112,-1.1369,-5.2064
0.0052141,0.0022039,0.0085138,-0.031105,-0.64806,-0.37568,0.17408,0.83758,-0.0071378,0.025149,-0.011732,0.050728,0.64344,0.50273,0.41696,0.5399,0.12536,0.64263,-0.77694,0.053819,-0.74513,0.042383,-1.2195,-4.5555
0.0017661,0.0032096,0.0045365,-0.027333,-0.61416,-0.35353,0.1655,0.88492,-0.0040529,0.016505,-0.020565,0.039432,0.54116,0.45253,0.42188,0.62617,0.13572,0.88117,-0.93553,0.037269,-0.6522,0.08839,-1.1915,-3.9418
0.00046178,0.0073322,0.00038141,-0.021954,-0.46621,-0.26094,0.16856,0.94189,-0.012405,-0.012609,0.031203,0.02631,0.45218,0.39604,0.4212,0.7201,0.12353,1.0156,-1.156,0.013764,-0.54767,0.12991,-1.0367,-3.3579
0.00021323,0.012535,-0.0040215,-0.015752,-0.16412,-0.10398,0.1721,0.95936,-0.029786,-0.055668,0.13688,0.012968,0.42696,0.34681,0.42018,0.7906,0.095021,1.0343,-1.431,-0.0097975,-0.42901,0.15406,-0.78333,-2.6946
-4.1548e-005,0.01672,-0.007678,-0.0088385,0.25552,0.096081,0.17006,0.90622,-0.051195,-0.099762,0.27503,-0.00095979,0.46852,0.31125,0.41896,0.81507,0.063668,0.95985,-1.7199,-0.026264,-0.29638,0.14952,-0.49291,-1.8139
-0.00011057,0.019212,-0.0096845,-0.0013812,0.70209,0.31244,0.16565,0.79219,-0.071513,-0.1293,0.42521,-0.016685,0.54183,0.28729,0.41207,0.80036,0.041346,0.83416,-1.9731,-0.034143,-0.15435,0.11297,-0.23029,-0.66955
0.0010168,0.020819,-0.010461,0.0055534,1.0738,0.51999,0.16519,0.65989,-0.087425,-0.13238,0.58157,-0.034021,0.60578,0.26664,0.39336,0.77757,0.03136,0.70289,-2.1483,-0.038345,-0.016143,0.051358,-0.034858,0.61321
0.0035955,0.022562,-0.012014,0.010124,1.2998,0.6986,0.16935,0.55448,-0.097796,-0.10589,0.75219,-0.049927,0.64071,0.24032,0.36297,0.77527,0.029487,0.60809,-2.2124,-0.044248,0.094584,-0.022353,0.087388,1.7712
0.0061514,0.024341,-0.016895,0.010877,1.3642,0.83323,0.1711,0.49605,-0.10268,-0.055465,0.94456,-0.059302,0.65334,0.20511,0.33033,0.79499,0.031547,0.5888,-2.1417,-0.0504,0.14957,-0.096949,0.14962,2.5392
0.0063444,0.02485,-0.026474,0.0078967,1.304,0.91309,0.16232,0.47443,-0.10201,0.009727,1.1511,-0.057788,0.66149,0.16707,0.30953,0.81022,0.039851,0.67824,-1.9313,-0.047222,0.12871,-0.16823,0.16481,2.8016
0.0030977,0.022905,-0.039685,0.0028334,1.1813,0.93222,0.14244,0.46431,-0.095081,0.082982,1.3478,-0.044532,0.67526,0.13897,0.30896,0.7886,0.061974,0.89042,-1.6072,-0.024094,0.032479,-0.23809,0.14014,2.6552
-0.0019816,0.019016,-0.053222,-0.0022621,1.0466,0.89179,0.12109,0.44286,-0.081073,0.16193,1.5074,-0.022699,0.69033,0.13298,0.32272,0.71691,0.10258,1.2027,-1.2258,0.020533,-0.11379,-0.30895,0.087351,2.3407
-0.0054522,0.015674,-0.063215,-0.0062201,0.91357,0.80159,0.11214,0.39497,-0.059928,0.24519,1.6129,0.0027858,0.6966,0.15327,0.33087,0.60694,0.15557,1.5499,-0.85189,0.074657,-0.26702,-0.37851,0.032212,2.0931
-0.0047295,0.015841,-0.067342,-0.0089966,0.76314,0.67757,0.12444,0.30741,-0.032834,0.32762,1.6621,0.028451,0.69183,0.19365,0.30979,0.47819,0.20392,1.8419,-0.52755,0.1183,-0.38173,-0.43923,0.0065159,2.0158
-0.00038966,0.020651,-0.065929,-0.010793,0.57336,0.53533,0.1567,0.16597,-0.0020578,0.3994,1.6586,0.053864,0.68629,0.24113,0.24642,0.33465,0.22801,1.9978,-0.25559,0.13534,-0.42728,-0.48239,0.024764,2.0551
0.0040212,0.028133,-0.061282,-0.011096,0.35219,0.38373,0.19972,-0.035195,0.029356,0.45014,1.6027,0.080516,0.69337,0.28231,0.14726,0.15768,0.21674,1.9779,-0.011234,0.12283,-0.39972,-0.50307,0.06752,2.0765
0.00472,0.034103,-0.055847,-0.0087642,0.1485,0.22396,0.2427,-0.2784,0.057574,0.47459,1.4918,0.10946,0.71407,0.30839,0.036603,-0.07728,0.17346,1.7937,0.22865,0.091432,-0.32251,-0.50219,0.0916,1.9684
0.00076493,0.034763,-0.050684,-0.0031769,0.031938,0.055009,0.27767,-0.51838,0.077971,0.47445,1.33,0.14017,0.73064,0.31682,-0.054395,-0.37388,0.11329,1.4934,0.4638,0.057513,-0.23426,-0.48475,0.063544,1.6954
-0.0051086,0.029192,-0.045404,0.0046368,0.054562,-0.11986,0.29923,-0.69976,0.085995,0.45506,1.1366,0.17164,0.71764,0.31048,-0.10118,-0.70118,0.054482,1.1349,0.67327,0.03362,-0.16878,-0.45628,-0.010964,1.2745
-0.0086284,0.019968,-0.03942,0.012105,0.21846,-0.29275,0.30189,-0.78747,0.079189,0.42034,0.94187,0.20421,0.66312,0.29587,-0.094929,-1.0063,0.0097884,0.76576,0.8362,0.023659,-0.13839,-0.42048,-0.088655,0.71912
-0.0073324,0.011448,-0.033238,0.016569,0.46806,-0.45843,0.28012,-0.7882,0.059284,0.37138,0.7724,0.2394,0.58189,0.28095,-0.043915,-1.2458,-0.017347,0.41895,0.94851,0.024458,-0.13122,-0.37901,-0.12147,0.015451
-0.0023864,0.0069354,-0.028578,0.017001,0.71001,-0.62236,0.23313,-0.74557,0.032442,0.30989,0.63591,0.2772,0.50721,0.27252,0.032552,-1.4121,-0.030832,0.11829,1.0197,0.030436,-0.12407,-0.33264,-0.091947,-0.83883
0.0025134,0.0067349,-0.027184,0.01465,0.84981,-0.79969,0.17096,-0.71195,0.0066113,0.24235,0.51854,0.31288,0.46565,0.27338,0.11406,-1.535,-0.036875,-0.1165,1.0557,0.037065,-0.10086,-0.28222,-0.019251,-1.7676
0.0041034,0.0084363,-0.029375,0.01211,0.82804,-1.0024,0.11549,-0.7175,-0.012869,0.17915,0.39647,0.33695,0.45624,0.28102,0.18794,-1.6555,-0.039496,-0.27211,1.0471,0.041382,-0.061873,-0.22893,0.06956,-2.5888
0.0019154,0.0091011,-0.033592,0.011493,0.64087,-1.2234,0.092133,-0.75784,-0.026479,0.1278,0.25263,0.33963,0.45427,0.28884,0.25212,-1.7876,-0.03906,-0.34736,0.9768,0.040929,-0.017462,-0.17431,0.1752,-3.0689
-0.0017443,0.0076128,-0.037373,0.012951,0.33626,-1.4308,0.11539,-0.80609,-0.039966,0.085878,0.086061,0.31726,0.43989,0.28949,0.30977,-1.8968,-0.033999,-0.35468,0.83781,0.033318,0.026852,-0.12056,0.33299,-3.0382
-0.0039251,0.0053367,-0.038987,0.014508,-0.012385,-1.5813,0.17751,-0.83642,-0.059963,0.04112,-0.09113,0.27605,0.42762,0.27842,0.35925,-1.9083,-0.023979,-0.31372,0.64191,0.017138,0.078785,-0.07067,0.58067,-2.4947
-0.003363,0.0046077,-0.038484,0.013314,-0.34185,-1.6441,0.24926,-0.84026,-0.088608,-0.019039,-0.26455,0.2296,0.46676,0.25491,0.38732,-1.7461,-0.012012,-0.24208,0.40945,-0.0068515,0.1523,-0.027767,0.91341,-1.6207
-0.0011494,0.0063788,-0.037329,0.0076214,-0.62484,-1.6186,0.2946,-0.82579,-0.12091,-0.095034,-0.42641,0.19155,0.60299,0.22062,0.37278,-1.3774,-0.0038594,-0.15149,0.15236,-0.035704,0.2508,0.0063984,1.2673,-0.69605
0.00059975,0.0091013,-0.036958,-0.001723,-0.8715,-1.5321,0.29115,-0.80588,-0.1468,-0.17,-0.57677,0.16819,0.82531,0.17687,0.30063,-0.83451,-0.0049674,-0.052373,-0.12828,-0.06568,0.3556,0.032801,1.5502,0.044942
0.00076135,0.0098797,-0.037414,-0.011291,-1.1077,-1.4183,0.24306,-0.78668,-0.15648,-0.21723,-0.71906,0.15589,1.042,0.12372,0.17763,-0.19652,-0.016978,0.038577,-0.42307,-0.093917,0.43054,0.05499,1.6987,0.52373
0.00014936,0.0069466,-0.03723,-0.016858,-1.3464,-1.2943,0.17786,-0.76457,-0.14546,-0.21583,-0.85539,0.14464,1.1143,0.061449,0.036672,0.46198,-0.036287,0.097405,-0.69146,-0.11891,0.43944,0.077056,1.7178,0.83203
0.00063819,0.0013104,-0.034762,-0.01605,-1.5721,-1.1524,0.12942,-0.73032,-0.11613,-0.16378,-0.98569,0.12435,0.93523,-0.006859,-0.07611,1.1219,-0.055757,0.10279,-0.86208,-0.13944,0.36274,0.10084,1.6731,1.1476
0.003291,-0.0038682,-0.029955,-0.010177,-1.7482,-0.97336,0.11932,-0.67392,-0.075508,-0.079837,-1.1092,0.089455,0.49934,-0.074694,-0.12557,1.8302,-0.068545,0.050897,-0.86571,-0.15306,0.20316,0.12425,1.6417,1.6105
0.0071591,-0.0056407,-0.025038,-0.0038138,-1.8413,-0.74866,0.14899,-0.58683,-0.031414,0.0061414,-1.2245,0.03949,-0.08693,-0.13469,-0.10787,2.6549,-0.071641,-0.037296,-0.6802,-0.15608,-0.018204,0.14188,1.6614,2.2368
0.0098572,-0.0033901,-0.023315,-0.0020728,-1.8434,-0.49443,0.20611,-0.46293,0.010082,0.067147,-1.3271,-0.022982,-0.66709,-0.18228,-0.053282,3.6082,-0.067147,-0.12477,-0.3529,-0.14591,-0.26601,0.14771,1.7142,2.9158
0.0095233,0.00094742,-0.026767,-0.0071675,-1.7795,-0.24622,0.27777,-0.30089,0.045043,0.089053,-1.4069,-0.094002,-1.1242,-0.21649,-0.0093221,4.5962,-0.060954,-0.17994,0.018378,-0.12452,-0.49094,0.1383,1.7496,3.4808
0.0065622,0.0045137,-0.034282,-0.016615,-1.6958,-0.039554,0.35885,-0.10713,0.070896,0.072896,-1.4499,-0.16818,-1.4334,-0.2363,-0.015163,5.4395,-0.059951,-0.19638,0.33231,-0.10007,-0.63305,0.1148,1.7255,3.8025
0.0036624,0.0055265,-0.042069,-0.024535,-1.6363,0.10963,0.45029,0.10476,0.086124,0.030782,-1.4455,-0.23839,-1.642,-0.23604,-0.083621,5.9572,-0.069233,-0.19596,0.52484,-0.084401,-0.63772,0.082877,1.6341,3.8488
0.0039281,0.0041498,-0.046205,-0.025431,-1.6225,0.21271,0.55153,0.32033,0.090812,-0.021009,-1.393,-0.29753,-1.7993,-0.20588,-0.20041,6.0569,-0.090187,-0.21224,0.57714,-0.086933,-0.48215,0.050655,1.4986,3.6854
0.0085018,0.0019056,-0.0455,-0.017999,-1.6447,0.30276,0.6562,0.53236,0.087132,-0.068582,-1.3035,-0.34234,-1.8968,-0.13952,-0.3376,5.7639,-0.1198,-0.2659,0.4928,-0.10881,-0.19537,0.025513,1.3526,3.4257
0.015493,0.00041976,-0.042468,-0.0062054,-1.6686,0.42214,0.75495,0.74323,0.078938,-0.10455,-1.1953,-0.3766,-1.8649,-0.044157,-0.4692,5.173,-0.15131,-0.35024,0.27017,-0.14174,0.14662,0.011097,1.2194,3.1658
0.021038,0.00050449,-0.041556,0.0033491,-1.6524,0.61058,0.84191,0.95762,0.070708,-0.12833,-1.0845,-0.41049,-1.6281,0.056956,-0.57827,4.3736,-0.17632,-0.43644,-0.10322,-0.1729,0.45177,0.0056604,1.1069,2.9382
0.021714,0.0020079,-0.045859,0.0061208,-1.5643,0.89522,0.91716,1.1704,0.066722,-0.14275,-0.97999,-0.45562,-1.1715,0.13396,-0.65478,3.419,-0.1876,-0.49305,-0.62867,-0.19281,0.64912,0.0026252,1.0131,2.7063
0.016615,0.0042231,-0.0547,0.0030087,-1.3904,1.2808,0.98229,1.3606,0.070635,-0.14961,-0.88257,-0.51937,-0.57027,0.16687,-0.69153,2.3664,-0.1816,-0.50361,-1.2654,-0.20061,0.70877,-0.0064984,0.93472,2.398
0.0077978,0.00641,-0.063792,-0.00020197,-1.1321,1.7406,1.0336,1.5002,0.084644,-0.14799,-0.78902,-0.6023,0.036001,0.15703,-0.68554,1.3402,-0.15902,-0.47054,-1.918,-0.20292,0.63737,-0.027805,0.87089,1.9551
-0.001007,0.0081015,-0.067797,0.002871,-0.79851,2.2153,1.0601,1.5725,0.1078,-0.13713,-0.69624,-0.70027,0.5046,0.12476,-0.64349,0.54043,-0.12366,-0.40632,-2.4574,-0.2074,0.46264,-0.061291,0.82234,1.369
-0.0064672,0.0090968,-0.063464,0.014307,-0.40399,2.6251,1.0488,1.5895,0.13467,-0.12059,-0.60316,-0.80797,0.74671,0.095123,-0.58279,0.1574,-0.080532,-0.32366,-2.7672,-0.21576,0.22368,-0.099923,0.78913,0.68257
-0.007284,0.0092701,-0.051287,0.03013,0.025929,2.8964,0.9926,1.5918,0.15658,-0.10631,-0.51036,-0.92029,0.75279,0.082882,-0.5226,0.24206,-0.034821,-0.23383,-2.7925,-0.22135,-0.030313,-0.13243,0.76712,-0.039772
-0.0046181,0.0084663,-0.034858,0.043111,0.44862,2.9897,0.89333,1.6287,0.16609,-0.10046,-0.4187,-1.0301,0.58181,0.08671,-0.46916,0.6318,0.0080864,-0.15108,-2.5626,-0.21293,-0.24563,-0.14855,0.74435,-0.74747
-0.0012155,0.0066872,-0.018646,0.04795,0.80978,2.9145,0.75737,1.73,0.16228,-0.099897,-0.32818,-1.1255,0.32763,0.094824,-0.40867,1.007,0.042788,-0.092927,-2.1759,-0.18199,-0.38194,-0.14372,0.70064,-1.4176
0.00022853,0.0044361,-0.0058264,0.044799,1.063,2.722,0.58898,1.8867,0.15224,-0.091159,-0.23764,-1.1905,0.08045,0.095511,-0.31661,1.0597,0.06535,-0.069997,-1.7529,-0.12886,-0.43294,-0.12035,0.61508,-2.0388
-0.0014361,0.0027735,0.0026236,0.038501,1.1917,2.4822,0.38887,2.0537,0.14656,-0.059375,-0.14588,-1.2098,-0.10208,0.084547,-0.17872,0.66924,0.075617,-0.072346,-1.3828,-0.063525,-0.42905,-0.085217,0.48097,-2.5843
-0.0053112,0.0027571,0.0074297,0.034477,1.2168,2.2593,0.16116,2.1724,0.15163,-0.00073855,-0.054127,-1.1749,-0.2053,0.066018,-0.0069555,-0.035714,0.07829,-0.066671,-1.0903,-0.00069094,-0.41458,-0.045138,0.31873,-3.0004
-0.0092215,0.0045382,0.009917,0.03481,1.1828,2.0967,-0.076379,2.2006,0.16468,0.072377,0.031931,-1.0861,-0.24667,0.048294,0.16341,-0.77193,0.081011,-0.012491,-0.84109,0.04815,-0.41712,-0.0042008,0.17416,-3.2257
-0.011217,0.0069093,0.011197,0.037538,1.1312,2.0119,-0.28855,2.1299,0.17594,0.13925,0.10306,-0.94993,-0.25081,0.038678,0.29408,-1.2893,0.09,0.1114,-0.57901,0.080716,-0.43672,0.035987,0.09742,-3.2234
-0.01076,0.0078905,0.01198,0.039173,1.0819,1.9951,-0.43206,1.9848,0.17619,0.18562,0.15158,-0.77624,-0.22733,0.039315,0.36509,-1.5211,0.10595,0.29002,-0.26925,0.10421,-0.46418,0.074143,0.11374,-3.0017
-0.0088387,0.0060592,0.012769,0.037839,1.0324,2.008,-0.47512,1.8051,0.16337,0.21271,0.17794,-0.57788,-0.16919,0.045863,0.381,-1.5972,0.12312,0.47907,0.080581,0.12961,-0.5066,0.10785,0.20662,-2.6037
-0.0070973,0.0015934,0.014063,0.034379,0.97091,1.9899,-0.41618,1.6248,0.14258,0.2325,0.19273,-0.37448,-0.075055,0.049975,0.35987,-1.7211,0.13234,0.63095,0.43196,0.16361,-0.58857,0.13418,0.32691,-2.0756
-0.0067865,-0.0038234,0.016475,0.031098,0.88928,1.8774,-0.28944,1.4591,0.12006,0.25386,0.21058,-0.1942,0.022591,0.045046,0.31795,-2.0109,0.12602,0.72017,0.74549,0.20373,-0.7225,0.15153,0.42249,-1.4419
-0.0082746,-0.0081113,0.020849,0.029878,0.7851,1.6339,-0.15218,1.3029,0.09709,0.27251,0.23847,-0.067553,0.051887,0.031611,0.26471,-2.4216,0.10202,0.74984,1.0034,0.23974,-0.87655,0.16033,0.467,-0.70616
-0.011224,-0.0099806,0.028285,0.031417,0.65491,1.2717,-0.060228,1.1387,0.069884,0.27414,0.26734,-0.013338,-0.066902,0.017219,0.20982,-2.7976,0.064325,0.73765,1.2089,0.26039,-0.97761,0.1619,0.46769,0.12119
-0.01499,-0.0093526,0.039746,0.035636,0.49003,0.84686,-0.044732,0.94692,0.035306,0.24787,0.27518,-0.025106,-0.36934,0.009047,0.17031,-2.9989,0.020503,0.69615,1.3678,0.26055,-0.95539,0.15634,0.44973,0.99417
-0.018827,-0.0069795,0.055143,0.042072,0.28338,0.42663,-0.10233,0.71461,-0.0032725,0.19733,0.24099,-0.069399,-0.81268,0.0044268,0.16585,-2.9941,-0.021992,0.62506,1.4756,0.24391,-0.79251,0.14179,0.4328,1.8278
-0.02189,-0.0038534,0.072427,0.049552,0.044145,0.052324,-0.20155,0.44358,-0.036135,0.13924,0.16017,-0.10056,-1.2897,-0.011475,0.2031,-2.8528,-0.05851,0.52025,1.5213,0.22002,-0.53577,0.11584,0.41969,2.529
-0.023299,-0.00087872,0.08764,0.055851,-0.19225,-0.27489,-0.29903,0.15478,-0.053794,0.090538,0.049089,-0.084866,-1.6856,-0.056049,0.26362,-2.6597,-0.087505,0.38893,1.5071,0.19857,-0.2586,0.077776,0.40287,3.0438
-0.022402,0.0012566,0.096496,0.058457,-0.3709,-0.57404,-0.356,-0.11353,-0.054291,0.055265,-0.065432,-0.018407,-1.9372,-0.13346,0.30945,-2.4385,-0.1088,0.25587,1.4591,0.18514,-0.010214,0.029395,0.37841,3.3848
-0.019101,0.0022915,0.096775,0.056273,-0.441,-0.84988,-0.34859,-0.31718,-0.04483,0.022484,-0.16427,0.073779,-2.0531,-0.22575,0.30576,-2.1521,-0.12153,0.15433,1.4194,0.18086,0.20214,-0.026051,0.35143,3.6145
-0.014045,0.0026213,0.089892,0.050655,-0.38362,-1.0762,-0.27172,-0.42536,-0.036533,-0.023791,-0.24829,0.15722,-2.0816,-0.29997,0.24393,-1.7708,-0.1236,0.10879,1.4212,0.1846,0.38647,-0.085452,0.32795,3.7908
-0.0085624,0.0031215,0.080278,0.044425,-0.22598,-1.2133,-0.13905,-0.43867,-0.037227,-0.091726,-0.33554,0.21227,-2.0567,-0.32774,0.1469,-1.3369,-0.11338,0.12262,1.4689,0.19486,0.52941,-0.14585,0.30299,3.9145
-0.0043245,0.0043859,0.072813,0.039478,-0.032222,-1.2451,0.01996,-0.39501,-0.048361,-0.17675,-0.44586,0.24568,-1.9682,-0.30279,0.052323,-0.9572,-0.092347,0.17857,1.54,0.20956,0.59316,-0.20259,0.25934,3.9216
-0.0027415,0.0059308,0.070098,0.035242,0.12508,-1.2018,0.16687,-0.35788,-0.067754,-0.26768,-0.58436,0.28142,-1.7793,-0.24352,-0.012535,-0.72843,-0.06621,0.24924,1.6047,0.22509,0.55314,-0.24782,0.18088,3.7331
-0.004251,0.0062785,0.071489,0.029634,0.19689,-1.146,0.26522,-0.39199,-0.094344,-0.35725,-0.73566,0.33833,-1.475,-0.17973,-0.045081,-0.66033,-0.042874,0.30883,1.6479,0.2365,0.43763,-0.2716,0.069843,3.3297
-0.0079158,0.0041947,0.074393,0.021657,0.17626,-1.1318,0.2923,-0.5385,-0.12975,-0.44702,-0.87209,0.41213,-1.0966,-0.13495,-0.06168,-0.66816,-0.028078,0.33925,1.6734,0.23979,0.32415,-0.2661,-0.047947,2.7946
-0.011803,0.00014441,0.076545,0.013013,0.095278,-1.1688,0.24606,-0.80119,-0.17526,-0.54231,-0.96907,0.475,-0.73299,-0.11756,-0.079966,-0.64153,-0.021715,0.33035,1.6911,0.23427,0.28741,-0.23022,-0.13583,2.287
-0.01413,-0.003503,0.077422,0.006931,0.0046458,-1.2196,0.14322,-1.1484,-0.22758,-0.64213,-1.0169,0.49208,-0.47156,-0.12437,-0.10532,-0.53031,-0.017834,0.27792,1.7004,0.2227,0.34163,-0.17127,-0.16809,1.9623
-0.014425,-0.0040738,0.077942,0.0051906,-0.052289,-1.2295,0.010609,-1.5273,-0.27792,-0.73313,-1.0222,0.44097,-0.34772,-0.14955,-0.13129,-0.37496,-0.00868,0.18201,1.6865,0.20892,0.42838,-0.10223,-0.14481,1.8887
-0.013681,-0.00083481,0.079103,0.0062293,-0.058683,-1.1642,-0.12416,-1.884,-0.31541,-0.79343,-1.0013,0.31908,-0.32934,-0.18904,-0.15004,-0.25978,0.010106,0.045142,1.6334,0.19524,0.46146,-0.036511,-0.090438,2.0161
-0.013241,0.0041405,0.080892,0.0062787,-0.029639,-1.0268,-0.23735,-2.181,-0.33155,-0.80352,-0.97066,0.13527,-0.34499,-0.23768,-0.16086,-0.23545,0.037085,-0.13067,1.5433,0.18224,0.38999,0.016849,-0.039767,2.21
-0.013318,0.0074828,0.082286,0.0025677,-0.0033245,-0.84755,-0.30896,-2.4068,-0.32165,-0.75566,-0.9428,-0.10384,-0.3317,-0.28441,-0.16897,-0.27943,0.067175,-0.34579,1.4463,0.17108,0.2279,0.05501,-0.022279,2.3215
-0.012589,0.0072741,0.082057,-0.0043836,-0.022111,-0.6595,-0.32296,-2.5749,-0.28264,-0.65528,-0.92543,-0.39726,-0.26894,-0.31338,-0.17789,-0.32436,0.096477,-0.5991,1.391,0.16567,0.031248,0.080406,-0.053068,2.2505
-0.0094067,0.0046292,0.07955,-0.011485,-0.11108,-0.48309,-0.27219,-2.7111,-0.21069,-0.51432,-0.92218,-0.7357,-0.1812,-0.31232,-0.18496,-0.32294,0.12569,-0.87745,1.419,0.17161,-0.14903,0.098495,-0.1307,1.9722
-0.0036282,0.0026477,0.074896,-0.01604,-0.26277,-0.3261,-0.16668,-2.8361,-0.10274,-0.34375,-0.93094,-1.0795,-0.11666,-0.2819,-0.18593,-0.28902,0.15926,-1.1452,1.5397,0.19197,-0.29535,0.11539,-0.23848,1.5281
0.0027548,0.0036534,0.068717,-0.018121,-0.43567,-0.19255,-0.037768,-2.9519,0.038151,-0.15188,-0.94174,-1.3489,-0.12061,-0.23806,-0.18387,-0.28125,0.2008,-1.3457,1.7208,0.22316,-0.4147,0.13564,-0.34804,0.99835
0.0070262,0.007237,0.061777,-0.02022,-0.56912,-0.087817,0.06965,-3.0405,0.19794,0.050504,-0.93793,-1.4427,-0.21762,-0.20447,-0.19235,-0.3486,0.24833,-1.4225,1.9052,0.25462,-0.51192,0.16021,-0.42752,0.47188
0.0081164,0.010862,0.054821,-0.024708,-0.60874,-0.016645,0.11639,-3.0759,0.35266,0.24438,-0.90333,-1.2849,-0.405,-0.2001,-0.22733,-0.48793,0.29295,-1.3508,2.0441,0.2734,-0.57739,0.18545,-0.45475,0.023021
0.0077268,0.012377,0.048508,-0.031592,-0.53024,0.019871,0.089337,-3.0427,0.47654,0.40367,-0.83197,-0.87518,-0.65532,-0.23017,-0.29294,-0.6475,0.32209,-1.1604,2.1253,0.27062,-0.60019,0.20415,-0.42987,-0.30313
0.0089419,0.011985,0.043226,-0.03855,-0.34859,0.021765,0.0081642,-2.9483,0.55282,0.50502,-0.73374,-0.31154,-0.92614,-0.28541,-0.3737,-0.76814,0.32522,-0.92869,2.1751,0.24548,-0.58874,0.20866,-0.37838,-0.49377
0.013356,0.011821,0.038841,-0.042894,-0.10705,-0.015182,-0.088572,-2.8203,0.58002,0.53979,-0.63055,0.23746,-1.1747,-0.34782,-0.44113,-0.82402,0.2986,-0.74299,2.2302,0.20436,-0.57302,0.1942,-0.3402,-0.56044
0.019279,0.013639,0.034641,-0.043427,0.14741,-0.09858,-0.17007,-2.6906,0.56989,0.51895,-0.54432,0.60423,-1.3706,-0.39765,-0.47123,-0.83156,0.2463,-0.65278,2.3019,0.15592,-0.58281,0.16038,-0.35017,-0.52613
0.0228,0.016957,0.029732,-0.040664,0.38729,-0.22833,-0.2336,-2.5762,0.53869,0.4661,-0.48423,0.69981,-1.4979,-0.41774,-0.45977,-0.82572,0.1775,-0.64291,2.3623,0.1059,-0.62133,0.11013,-0.42146,-0.41632
0.020967,0.019497,0.023688,-0.035735,0.61128,-0.38401,-0.30262,-2.4696,0.49841,0.40348,-0.44162,0.55061,-1.5456,-0.39573,-0.42362,-0.82779,0.10226,-0.64483,2.3656,0.055005,-0.65869,0.047998,-0.54091,-0.25781
0.014353,0.019458,0.017005,-0.029494,0.83092,-0.52581,-0.40298,-2.3453,0.4531,0.34129,-0.39596,0.26898,-1.4988,-0.32709,-0.38761,-0.82913,0.028303,-0.57859,2.2858,0.00096851,-0.65051,-0.020422,-0.67673,-0.078941
0.0067793,0.01731,0.010952,-0.022707,1.0476,-0.61469,-0.53538,-2.1771,0.40172,0.27773,-0.32792,-0.024457,-1.3445,-0.21949,-0.36743,-0.79736,-0.039661,-0.39844,2.1393,-0.056947,-0.56489,-0.087737,-0.7922,0.097774
0.002439,0.015294,0.0068502,-0.016692,1.2389,-0.63895,-0.66642,-1.9563,0.3435,0.20828,-0.23122,-0.27374,-1.0935,-0.095239,-0.3614,-0.69521,-0.098819,-0.11606,1.9716,-0.11459,-0.39712,-0.14504,-0.85812,0.27067
0.0029223,0.01517,0.0052406,-0.013162,1.3656,-0.6242,-0.74714,-1.6976,0.28112,0.13542,-0.11655,-0.50433,-0.79594,0.013225,-0.35586,-0.49849,-0.14706,0.20803,1.8234,-0.16341,-0.16675,-0.18513,-0.86003,0.46735
0.0065717,0.016533,0.0054183,-0.013061,1.3971,-0.61491,-0.74667,-1.4321,0.21968,0.0703,-0.0061006,-0.77331,-0.52819,0.075841,-0.33772,-0.20667,-0.1828,0.49551,1.7048,-0.19497,0.091796,-0.20722,-0.79915,0.73041
0.010366,0.017441,0.0056398,-0.015527,1.3341,-0.63889,-0.67615,-1.1898,0.16329,0.025654,0.077102,-1.0941,-0.34554,0.080048,-0.30344,0.15425,-0.20562,0.68574,1.6001,-0.20643,0.33377,-0.21904,-0.6868,1.081
0.01236,0.016676,0.0039466,-0.018237,1.2114,-0.68284,-0.58496,-0.98401,0.11302,0.0064835,0.11878,-1.3978,-0.23176,0.038954,-0.25821,0.53607,-0.21636,0.76053,1.4931,-0.203,0.50624,-0.23269,-0.53399,1.4848
0.012543,0.015197,-0.00072144,-0.019037,1.0773,-0.69957,-0.53162,-0.80646,0.067896,0.0065377,0.1173,-1.5662,-0.090614,-0.014381,-0.20836,0.87939,-0.21621,0.74988,1.3859,-0.19506,0.56009,-0.25589,-0.3418,1.8509
0.011815,0.015111,-0.0076875,-0.01743,0.96716,-0.64242,-0.54979,-0.63399,0.027931,0.012854,0.08145,-1.5117,0.19783,-0.045018,-0.15503,1.1294,-0.20529,0.71725,1.2929,-0.19171,0.47544,-0.28473,-0.10085,2.0761
0.010534,0.017155,-0.014587,-0.014576,0.88968,-0.49971,-0.63207,-0.44166,-0.0041129,0.013948,0.024743,-1.2441,0.68382,-0.036412,-0.094794,1.2508,-0.18225,0.729,1.2174,-0.19531,0.28489,-0.30428,0.19563,2.1082
0.0082372,0.019389,-0.018565,-0.011909,0.8358,-0.30291,-0.7401,-0.21342,-0.024188,0.0051356,-0.039658,-0.86957,1.2832,-0.00013397,-0.025846,1.2367,-0.14571,0.82091,1.1345,-0.20105,0.070389,-0.29805,0.53147,1.9844
0.0045783,0.018764,-0.018104,-0.0097658,0.79526,-0.1042,-0.8306,0.054883,-0.030691,-0.011909,-0.1014,-0.52374,1.7986,0.031474,0.046565,1.1084,-0.096841,0.97992,0.99796,-0.20161,-0.074658,-0.25969,0.85644,1.8135
0.00024545,0.014237,-0.014259,-0.0072558,0.76263,0.056367,-0.87866,0.35799,-0.027359,-0.033073,-0.15307,-0.28911,2.0264,0.025204,0.11065,0.90893,-0.040839,1.1542,0.76452,-0.19294,-0.096975,-0.1987,1.0986,1.7102
-0.003233,0.0083151,-0.010181,-0.003341,0.72668,0.16745,-0.88501,0.68252,-0.022706,-0.055004,-0.18998,-0.15812,1.8809,-0.033384,0.15456,0.69211,0.014107,1.2883,0.41562,-0.17646,-0.011545,-0.13545,1.1994,1.7255
-0.0045965,0.0052359,-0.0089613,0.002,0.65787,0.23728,-0.86779,1.0039,-0.026081,-0.075696,-0.21088,-0.062694,1.4487,-0.1328,0.17401,0.50813,0.060166,1.3597,-0.038912,-0.15629,0.11585,-0.089632,1.15,1.8197
-0.0037598,0.0072467,-0.011288,0.0075476,0.51445,0.27248,-0.84898,1.2833,-0.043043,-0.093867,-0.21899,0.060095,0.93086,-0.24405,0.17562,0.38746,0.093123,1.3896,-0.57386,-0.13512,0.21839,-0.070063,1.0039,1.8928
-0.0017588,0.012433,-0.014857,0.011621,0.27164,0.26768,-0.84518,1.4751,-0.07321,-0.10941,-0.22143,0.22011,0.51297,-0.33697,0.17386,0.32863,0.11293,1.4176,-1.1634,-0.11327,0.27156,-0.072712,0.85038,1.8495
9.6039e-006,0.016184,-0.016268,0.013125,-0.047068,0.21601,-0.86563,1.5458,-0.11171,-0.12501,-0.22644,0.37669,0.2605,-0.39287,0.18377,0.2984,0.12092,1.4582,-1.7858,-0.092444,0.29848,-0.086501,0.76559,1.6552
0.00049833,0.015022,-0.014109,0.012115,-0.36635,0.12829,-0.91336,1.4976,-0.1527,-0.14683,-0.23966,0.48036,0.11299,-0.4069,0.21374,0.24807,0.11602,1.4768,-2.4163,-0.080537,0.33827,-0.10129,0.77067,1.3499
-0.0006819,0.0093696,-0.010676,0.0096339,-0.59535,0.038938,-0.98519,1.3737,-0.19216,-0.18215,-0.26207,0.5141,-0.027418,-0.38288,0.26199,0.13925,0.093535,1.4067,-3.0201,-0.091513,0.40811,-0.11203,0.8244,1.0189
-0.0031543,0.0029505,-0.010635,0.0070827,-0.68327,-0.011773,-1.0701,1.2368,-0.22828,-0.23477,-0.29071,0.50152,-0.19274,-0.32816,0.31813,-0.036096,0.048586,1.2011,-3.5498,-0.13802,0.49045,-0.11762,0.85294,0.74223
-0.0057188,-0.00040794,-0.017336,0.0055049,-0.65434,-0.0064294,-1.1497,1.1324,-0.26011,-0.30141,-0.32083,0.48143,-0.3183,-0.25305,0.3686,-0.25389,-0.017881,0.87716,-3.9515,-0.22064,0.55115,-0.11744,0.79419,0.55571
-0.0066596,0.00036227,-0.029573,0.0051674,-0.59403,0.035172,-1.2031,1.0623,-0.28621,-0.37236,-0.3474,0.47526,-0.30618,-0.17232,0.4035,-0.47364,-0.095301,0.51854,-4.174,-0.3216,0.56742,-0.10966,0.62803,0.44124
-0.0047288,0.00332,-0.04155,0.0056648,-0.5934,0.07055,-1.215,0.99453,-0.30493,-0.43649,-0.36524,0.47504,-0.12372,-0.1029,0.42156,-0.65724,-0.16601,0.22698,-4.1787,-0.40876,0.53948,-0.092755,0.37727,0.34518
-0.00035291,0.0056601,-0.046455,0.0065001,-0.6899,0.067559,-1.1822,0.90056,-0.31569,-0.48745,-0.36945,0.45796,0.15052,-0.056349,0.4309,-0.77543,-0.21347,0.059116,-3.9499,-0.44907,0.47934,-0.067904,0.086819,0.20851
0.0040915,0.0060905,-0.041172,0.0076963,-0.8453,0.028717,-1.113,0.78992,-0.31972,-0.52639,-0.35738,0.41076,0.37447,-0.031695,0.44442,-0.79976,-0.23093,-0.0057868,-3.5066,-0.42428,0.39269,-0.039545,-0.19971,-0.0095955
0.0056637,0.0054601,-0.028587,0.0098361,-0.97403,-0.01338,-1.021,0.71018,-0.31896,-0.55901,-0.33089,0.34217,0.44442,-0.016126,0.47206,-0.69501,-0.22423,-0.042979,-2.9083,-0.33998,0.27482,-0.012874,-0.45168,-0.32262
0.0031532,0.0054345,-0.015649,0.013329,-0.9992,-0.024865,-0.91731,0.71002,-0.31388,-0.58871,-0.29572,0.27537,0.36681,0.0049004,0.51382,-0.43077,-0.20692,-0.12256,-2.248,-0.2231,0.12517,0.0098222,-0.65141,-0.71773
-0.0016238,0.0066674,-0.008657,0.017479,-0.89618,0.0016018,-0.80573,0.79698,-0.30227,-0.61115,-0.25651,0.23026,0.24297,0.035763,0.55853,-0.014457,-0.19144,-0.25817,-1.6252,-0.10904,-0.035438,0.031046,-0.79179,-1.1574
-0.0049116,0.0081321,-0.0093099,0.020341,-0.69686,0.043445,-0.68293,0.92685,-0.28047,-0.61487,-0.21092,0.21178,0.18374,0.067246,0.58954,0.47714,-0.18291,-0.40153,-1.1084,-0.02545,-0.16491,0.056531,-0.87781,-1.5778
-0.0038762,0.0081125,-0.014381,0.019814,-0.45909,0.070489,-0.5413,1.0348,-0.24676,-0.58855,-0.1491,0.21183,0.22729,0.084918,0.59443,0.90106,-0.17904,-0.48486,-0.70623,0.019137,-0.22218,0.091208,-0.9287,-1.8906
0.0010697,0.0059114,-0.018912,0.015277,-0.23097,0.0722,-0.37278,1.0813,-0.2039,-0.52984,-0.06091,0.2195,0.32518,0.08209,0.57221,1.1005,-0.17472,-0.479,-0.36634,0.035971,-0.19492,0.13555,-0.97352,-1.9986
0.0065193,0.0027535,-0.020151,0.008332,-0.037953,0.066304,-0.17327,1.0739,-0.1588,-0.44888,0.053782,0.22885,0.39939,0.065779,0.53291,0.98285,-0.16626,-0.42496,-0.0082719,0.046522,-0.10957,0.18493,-1.0394,-1.8297
0.0088001,0.0010378,-0.019179,0.0018205,0.10326,0.083091,0.051588,1.0491,-0.1187,-0.3627,0.18123,0.23871,0.41219,0.05027,0.48953,0.57294,-0.15224,-0.41629,0.42689,0.068644,-0.014027,0.23227,-1.1404,-1.3777
0.006925,0.0024768,-0.019353,-0.0022069,0.16688,0.14107,0.28184,1.0344,-0.086589,-0.28402,0.30124,0.24806,0.38489,0.043931,0.4477,0.0028508,-0.13183,-0.54223,0.93817,0.10685,0.053719,0.27192,-1.276,-0.72586
0.0033027,0.0066215,-0.023236,-0.0038094,0.12237,0.23535,0.48514,1.0258,-0.05922,-0.21331,0.40062,0.25395,0.35201,0.040792,0.40041,-0.55839,-0.10384,-0.82654,1.4602,0.15207,0.086515,0.30171,-1.4352,-0.033037
0.0016633,0.011022,-0.030624,-0.0045505,-0.035883,0.34626,0.62935,0.99887,-0.029509,-0.14104,0.48103,0.25445,0.29872,0.024162,0.33179,-0.98799,-0.068223,-1.2001,1.8942,0.18992,0.10372,0.32197,-1.5981,0.52161
0.0039948,0.012959,-0.038971,-0.0055563,-0.26063,0.45681,0.70178,0.93864,0.0080572,-0.05909,0.55375,0.25246,0.14537,-0.020692,0.22803,-1.2522,-0.028339,-1.5271,2.1551,0.21062,0.12813,0.33291,-1.7274,0.81309
0.0090316,0.011388,-0.045491,-0.0062017,-0.45882,0.56088,0.72296,0.85697,0.052801,0.02802,0.62632,0.25497,-0.19813,-0.094737,0.089146,-1.3887,0.0093372,-1.6734,2.209,0.21367,0.1653,0.33329,-1.7628,0.82522
0.01343,0.0075687,-0.049058,-0.0048829,-0.53999,0.6558,0.74212,0.78316,0.097362,0.10254,0.69399,0.2671,-0.74691,-0.18263,-0.065508,-1.453,0.038821,-1.5825,2.0837,0.20503,0.20172,0.32175,-1.6366,0.65158
0.014522,0.0039534,-0.050598,-0.0012585,-0.47308,0.73014,0.81309,0.73945,0.13189,0.14528,0.74464,0.28626,-1.3924,-0.26007,-0.20146,-1.4737,0.05888,-1.3135,1.8511,0.19072,0.22029,0.29908,-1.3162,0.43795
0.012339,0.0023444,-0.052062,0.0023315,-0.30478,0.76296,0.9636,0.72782,0.15013,0.15061,0.77278,0.30227,-1.9308,-0.30498,-0.28213,-1.4418,0.074034,-1.0159,1.5956,0.17301,0.21655,0.26873,-0.84702,0.29889
0.0093516,0.0028444,-0.055024,0.002058,-0.12006,0.73942,1.1786,0.73995,0.15315,0.13166,0.78844,0.30378,-2.1542,-0.30531,-0.28504,-1.3287,0.091132,-0.85314,1.3831,0.15192,0.20063,0.23452,-0.35598,0.2604
0.008277,0.0043153,-0.059861,-0.0042103,0.025626,0.66965,1.4089,0.77696,0.14832,0.11036,0.8114,0.28563,-1.9481,-0.26071,-0.21354,-1.1071,0.11439,-0.91488,1.2435,0.12948,0.18452,0.19799,0.0041357,0.26488
0.00983,0.0057058,-0.065695,-0.014463,0.14718,0.59137,1.5997,0.8545,0.14449,0.10016,0.85523,0.25089,-1.3433,-0.17953,-0.097049,-0.7579,0.14321,-1.1713,1.1706,0.11141,0.16815,0.15861,0.14178,0.23036
0.012246,0.0069247,-0.070773,-0.023283,0.30992,0.54933,1.7187,0.98426,0.14732,0.096279,0.91603,0.20688,-0.50015,-0.074916,0.02218,-0.26601,0.17434,-1.4924,1.1352,0.10402,0.13753,0.11734,0.083765,0.11616
0.01291,0.0084918,-0.073039,-0.025542,0.56611,0.56498,1.7664,1.1493,0.1581,0.082405,0.97676,0.15964,0.35822,0.037976,0.10991,0.38024,0.20596,-1.719,1.1048,0.10898,0.076368,0.079908,-0.044503,-0.055739
0.010708,0.010441,-0.070954,-0.020159,0.90139,0.61987,1.7646,1.3,0.17629,0.04795,1.0232,0.11238,1.0304,0.14327,0.15626,1.1753,0.23946,-1.7392,1.0589,0.1212,-0.019515,0.055621,-0.10559,-0.23537
0.0070946,0.011703,-0.064512,-0.010786,1.2341,0.66614,1.7361,1.3813,0.20267,0.00059395,1.0563,0.069211,1.4055,0.22537,0.17623,2.075,0.27743,-1.5281,0.99508,0.13214,-0.13708,0.051273,-0.03993,-0.3996
0.0049276,0.010727,-0.055823,-0.0028746,1.466,0.6559,1.6911,1.3715,0.23939,-0.037609,1.0896,0.039604,1.4898,0.27082,0.19284,2.9836,0.31986,-1.1379,0.92402,0.13633,-0.25354,0.065045,0.10838,-0.57456
0.0060071,0.0068777,-0.048461,0.00039384,1.5435,0.56734,1.6281,1.3002,0.28644,-0.047592,1.1347,0.038176,1.383,0.27146,0.21391,3.7656,0.36249,-0.65445,0.85914,0.13532,-0.34956,0.086294,0.24553,-0.80335
0.0094283,0.0012776,-0.045459,-2.021e-006,1.4853,0.40997,1.5436,1.228,0.33744,-0.028889,1.1882,0.077687,1.2169,0.22829,0.22006,4.2835,0.39886,-0.15587,0.80731,0.13611,-0.41862,0.10249,0.31317,-1.0865
0.012225,-0.003787,-0.047127,-0.00045123,1.3642,0.21014,1.4396,1.2028,0.37954,0.00044421,1.2334,0.15917,1.0883,0.15385,0.17429,4.4498,0.42384,0.30656,0.76497,0.14514,-0.46784,0.10808,0.33363,-1.3484
0.011799,-0.0064557,-0.050461,0.0021021,1.2639,-0.007643,1.3228,1.2255,0.39904,0.01984,1.2539,0.26637,1.025,0.070299,0.047754,4.2675,0.43531,0.70408,0.72019,0.16288,-0.51167,0.10803,0.38077,-1.4619
0.0080188,-0.0064753,-0.050957,0.008184,1.2397,-0.22911,1.1988,1.2513,0.38976,0.024374,1.2471,0.37004,0.9967,0.0021122,-0.15644,3.8342,0.43263,1.0183,0.65833,0.18305,-0.56339,0.11281,0.50567,-1.3193
0.003146,-0.0049641,-0.045718,0.016319,1.3016,-0.44693,1.0674,1.2237,0.35839,0.029423,1.2272,0.44152,0.95585,-0.033891,-0.39905,3.3024,0.41382,1.2358,0.56942,0.19629,-0.62821,0.12913,0.68145,-0.90111
-0.00028,-0.0031454,-0.035476,0.024845,1.4202,-0.65507,0.92373,1.1123,0.32204,0.057893,1.2151,0.46848,0.87088,-0.035367,-0.62349,2.8127,0.37509,1.3514,0.45505,0.19541,-0.70031,0.15367,0.81227,-0.29961
-0.0016061,-0.0014132,-0.023949,0.032889,1.5439,-0.84881,0.76264,0.93012,0.29851,0.12081,1.2242,0.46281,0.7308,-0.013279,-0.78435,2.4349,0.31349,1.3728,0.33175,0.1784,-0.76462,0.1748,0.79608,0.31533
-0.0022863,0.00037525,-0.015115,0.039772,1.6223,-1.0282,0.58014,0.72008,0.29522,0.20719,1.2539,0.45456,0.52876,0.016611,-0.86661,2.1465,0.23073,1.3171,0.22742,0.14828,-0.80317,0.18041,0.59037,0.76903
-0.0040481,0.0019149,-0.0107,0.044073,1.6241,-1.1972,0.37129,0.52747,0.30427,0.291,1.2904,0.47451,0.25158,0.043261,-0.88445,1.8573,0.13465,1.2001,0.16955,0.11103,-0.80332,0.16575,0.23421,0.95611
-0.0068611,0.0021499,-0.0097431,0.043949,1.5463,-1.3553,0.12764,0.37796,0.3076,0.34901,1.3148,0.5363,-0.10687,0.063957,-0.86375,1.4564,0.036848,1.0275,0.16995,0.073529,-0.76387,0.13562,-0.17963,0.88159
-0.0087457,0.00027069,-0.010176,0.038729,1.4093,-1.4887,-0.1606,0.2736,0.28939,0.37558,1.3112,0.62963,-0.51777,0.080593,-0.82281,0.8532,-0.051796,0.79849,0.21569,0.041897,-0.6958,0.10009,-0.55142,0.6495
-0.0076703,-0.0029605,-0.010638,0.030128,1.2426,-1.5727,-0.49671,0.20313,0.24756,0.38411,1.2725,0.72863,-0.90282,0.093919,-0.76448,-0.000155,-0.1247,0.52063,0.27461,0.019889,-0.61747,0.067648,-0.80562,0.40291
-0.0037381,-0.0051916,-0.010934,0.021556,1.0741,-1.5856,-0.86866,0.15478,0.19596,0.39554,1.2023,0.80803,-1.1536,0.10252,-0.68293,-1.0945,-0.18029,0.22497,0.31414,0.0073095,-0.54752,0.040619,-0.89761,0.24651
0.00049363,-0.004239,-0.011143,0.0159,0.92678,-1.5271,-1.2462,0.12252,0.15542,0.42347,1.1136,0.85474,-1.1796,0.1079,-0.57751,-2.3448,-0.22037,-0.034794,0.32091,-0.00027344,-0.49938,0.015753,-0.81214,0.19634
0.0020073,-0.00017755,-0.010689,0.01375,0.81949,-1.4241,-1.587,0.1039,0.13948,0.46601,1.0222,0.86683,-0.95689,0.1198,-0.46167,-3.5739,-0.24809,-0.20319,0.30572,-0.0092772,-0.47895,-0.011281,-0.56899,0.18773
-0.00011271,0.0043123,-0.0083999,0.013705,0.76239,-1.3206,-1.8494,0.09438,0.14534,0.50827,0.93957,0.84326,-0.54728,0.15439,-0.35979,-4.5328,-0.26641,-0.25196,0.2889,-0.023913,-0.4849,-0.041227,-0.23,0.13334
-0.0039111,0.0059276,-0.0033354,0.014367,0.74441,-1.2566,-2.0049,0.083981,0.1565,0.53196,0.86696,0.77549,-0.074594,0.22389,-0.29381,-4.9785,-0.27721,-0.19593,0.27725,-0.042843,-0.50988,-0.069957,0.11183,-0.013071
-0.0063594,0.0034134,0.0046854,0.016023,0.72448,-1.2504,-2.0435,0.059532,0.15512,0.525,0.79798,0.64999,0.32954,0.32475,-0.26968,-4.7938,-0.28072,-0.082866,0.25286,-0.059502,-0.5422,-0.09131,0.36976,-0.23397
-0.0061237,-0.0014626,0.01535,0.020399,0.64171,-1.293,-1.9719,0.01121,0.13442,0.48628,0.72617,0.46056,0.58248,0.43449,-0.2737,-4.0782,-0.27537,0.035599,0.18482,-0.066275,-0.56857,-0.10162,0.50789,-0.47737
-0.0047503,-0.0054745,0.028336,0.028765,0.44618,-1.3555,-1.8066,-0.06127,0.10209,0.42468,0.65269,0.22009,0.67993,0.52176,-0.28164,-3.1381,-0.25892,0.12994,0.055558,-0.05948,-0.57739,-0.10224,0.56011,-0.70557
-0.0051271,-0.0065642,0.043124,0.040177,0.13288,-1.4015,-1.5684,-0.14767,0.073177,0.35492,0.58689,-0.03855,0.6832,0.56393,-0.27327,-2.3564,-0.23047,0.19674,-0.11998,-0.041374,-0.56123,-0.09813,0.60596,-0.918
-0.00861,-0.0051972,0.058177,0.051449,-0.24591,-1.4016,-1.2829,-0.23273,0.05924,0.29285,0.53902,-0.27373,0.6726,0.56027,-0.24118,-2.0086,-0.19222,0.24108,-0.29905,-0.01786,-0.51672,-0.094125,0.71956,-1.1296
-0.013511,-0.0034599,0.070596,0.058873,-0.6016,-1.3437,-0.98365,-0.30422,0.062795,0.25148,0.51135,-0.44973,0.69512,0.53122,-0.18819,-2.1376,-0.14946,0.25666,-0.43632,0.0058206,-0.44204,-0.092259,0.92788,-1.3268
-0.016432,-0.0030118,0.077203,0.060267,-0.85208,-1.2388,-0.71331,-0.35709,0.079914,0.23795,0.4957,-0.54533,0.73839,0.50421,-0.11857,-2.5695,-0.10883,0.22406,-0.5093,0.027676,-0.33476,-0.092324,1.2043,-1.44
-0.015283,-0.0038199,0.076613,0.055926,-0.96053,-1.117,-0.51525,-0.39074,0.10622,0.25138,0.47966,-0.55454,0.74541,0.4956,-0.034015,-3.0515,-0.0761,0.1297,-0.52508,0.04804,-0.19282,-0.094515,1.4928,-1.3571
-0.011192,-0.0045712,0.070537,0.048045,-0.94871,-1.0144,-0.41898,-0.40329,0.13917,0.28316,0.45565,-0.48612,0.65769,0.50113,0.06073,-3.4084,-0.055025,-0.012723,-0.5067,0.06668,-0.018656,-0.10092,1.7375,-0.97157
-0.0075393,-0.0040308,0.062925,0.039345,-0.88069,-0.95526,-0.42843,-0.39073,0.17457,0.32046,0.42405,-0.3666,0.45542,0.50044,0.14898,-3.6059,-0.047351,-0.16078,-0.47425,0.081195,0.17739,-0.11391,1.8956,-0.24012
-0.0070071,-0.0019986,0.057392,0.031886,-0.82924,-0.93966,-0.52364,-0.35437,0.20262,0.35245,0.38727,-0.24158,0.16781,0.47174,0.20271,-3.6902,-0.052874,-0.26756,-0.4369,0.088526,0.37852,-0.13295,1.9378,0.77833
-0.0093729,0.0007712,0.055004,0.026581,-0.84238,-0.94363,-0.67564,-0.31061,0.21013,0.37627,0.34055,-0.16343,-0.14998,0.40594,0.19749,-3.6773,-0.068975,-0.31377,-0.39805,0.088187,0.56847,-0.1532,1.85,1.9207
-0.011963,0.0032853,0.054266,0.023293,-0.92313,-0.93233,-0.86221,-0.2915,0.18963,0.39844,0.26911,-0.16272,-0.45219,0.31102,0.13164,-3.5034,-0.090568,-0.32092,-0.36195,0.083945,0.7389,-0.16814,1.6448,2.9632
-0.012142,0.0049354,0.053163,0.021188,-1.0283,-0.87704,-1.0699,-0.33027,0.14783,0.42986,0.15606,-0.22019,-0.72267,0.20554,0.03207,-3.0835,-0.11194,-0.33364,-0.33065,0.081794,0.89059,-0.17427,1.3725,3.7008
-0.0094217,0.0057103,0.05125,0.01918,-1.0863,-0.76614,-1.281,-0.43936,0.10435,0.47691,-0.0040961,-0.26607,-0.96693,0.10758,-0.061501,-2.4209,-0.13023,-0.38444,-0.29345,0.08534,1.0264,-0.17403,1.1099,4.0292
-0.0054084,0.0061032,0.04992,0.016488,-1.0273,-0.60579,-1.4593,-0.59803,0.079002,0.53435,-0.19708,-0.21815,-1.1859,0.027633,-0.12334,-1.6579,-0.14803,-0.46923,-0.22291,0.092285,1.1418,-0.17422,0.92489,3.9843
-0.0020474,0.0068451,0.050765,0.01313,-0.81617,-0.41306,-1.5547,-0.76143,0.076879,0.5857,-0.39232,-0.037312,-1.3554,-0.030873,-0.15765,-1.0064,-0.17192,-0.55287,-0.088576,0.095145,1.2223,-0.18124,0.83699,3.708
-0.0001301,0.008467,0.053804,0.0099533,-0.47207,-0.20716,-1.5276,-0.88657,0.083639,0.61154,-0.55621,0.24214,-1.4299,-0.066327,-0.19009,-0.60675,-0.20715,-0.59948,0.11698,0.086142,1.2529,-0.19669,0.80605,3.3588
0.00063182,0.010796,0.057262,0.0078853,-0.06346,-0.0022317,-1.3758,-0.95637,0.076311,0.60069,-0.66631,0.53521,-1.3704,-0.075314,-0.24212,-0.43442,-0.25187,-0.60236,0.35997,0.062851,1.2319,-0.21661,0.75868,3.0237
0.00051648,0.012751,0.058974,0.0067723,0.32031,0.19692,-1.1397,-0.98415,0.041582,0.55674,-0.71852,0.76766,-1.1772,-0.054269,-0.31088,-0.33721,-0.29565,-0.58916,0.57324,0.030531,1.1774,-0.23403,0.63346,2.6954
-0.00076842,0.012774,0.057923,0.0048133,0.60781,0.39574,-0.87896,-0.99729,-0.013351,0.49544,-0.72513,0.92771,-0.90233,-0.0045691,-0.37165,-0.17362,-0.32381,-0.59846,0.68946,-0.00037574,1.118,-0.24253,0.41023,2.3215
-0.0034179,0.009778,0.054499,-0.00052409,0.77409,0.60568,-0.63735,-1.0155,-0.066611,0.43492,-0.70719,1.0659,-0.62787,0.064244,-0.39989,0.065203,-0.32432,-0.64646,0.67786,-0.019576,1.0716,-0.23836,0.10516,1.8789
-0.0065319,0.004019,0.049558,-0.01042,0.84505,0.83507,-0.42609,-1.042,-0.099363,0.38585,-0.68609,1.2443,-0.42131,0.13689,-0.39227,0.25373,-0.29257,-0.70976,0.5587,-0.021445,1.0295,-0.22078,-0.25548,1.4052
-0.008185,-0.0027418,0.043516,-0.023105,0.87715,1.0796,-0.23547,-1.0711,-0.11055,0.34769,-0.67691,1.4782,-0.29767,0.19924,-0.36806,0.24972,-0.2312,-0.73742,0.38557,-0.0062936,0.95885,-0.19173,-0.6532,0.96182
-0.0068123,-0.0079556,0.036499,-0.034483,0.92481,1.3203,-0.06087,-1.1023,-0.11623,0.31258,-0.68474,1.7195,-0.21755,0.24449,-0.35075,0.027784,-0.14658,-0.68292,0.21071,0.021379,0.82476,-0.15544,-1.0701,0.56804
-0.0026379,-0.0095043,0.029168,-0.041023,1.0113,1.5316,0.083859,-1.1424,-0.13435,0.27265,-0.70407,1.8918,-0.12528,0.27376,-0.34723,-0.28561,-0.045533,-0.53286,0.059475,0.055709,0.61507,-0.11763,-1.469,0.17167
0.0023306,-0.006776,0.022964,-0.042715,1.1157,1.6966,0.17812,-1.1954,-0.16789,0.225,-0.72205,1.9446,5.7653e-005,0.29077,-0.34304,-0.50374,0.065563,-0.31293,-0.069618,0.091507,0.35128,-0.083658,-1.7883,-0.31381
0.0058466,-0.0010398,0.019095,-0.043271,1.1814,1.8158,0.21843,-1.249,-0.2004,0.1718,-0.72418,1.8821,0.12198,0.29527,-0.31671,-0.51816,0.17989,-0.069778,-0.18637,0.12486,0.078353,-0.056107,-1.968,-0.93688
0.0070841,0.0051185,0.017097,-0.046839,1.1436,1.903,0.22922,-1.2752,-0.20724,0.11718,-0.69968,1.7459,0.17345,0.28109,-0.25908,-0.36929,0.28944,0.15505,-0.29346,0.15255,-0.15755,-0.033636,-1.9918,-1.6638
0.0069006,0.0090857,0.01461,-0.053732,0.96466,1.9705,0.24831,-1.2468,-0.17302,0.064604,-0.64361,1.5731,0.11412,0.24114,-0.18065,-0.1956,0.3853,0.33971,-0.38941,0.17099,-0.3279,-0.012416,-1.9122,-2.3993
0.0066237,0.0095693,0.0090552,-0.059125,0.65988,2.017,0.29947,-1.1588,-0.10154,0.01677,-0.55523,1.369,-0.028594,0.1757,-0.10215,-0.11062,0.45856,0.47707,-0.4839,0.17567,-0.42755,0.010299,-1.8332,-3.0498
0.0067349,0.0071801,6.3181e-005,-0.056526,0.29732,2.029,0.37685,-1.0346,-0.011518,-0.023177,-0.43534,1.114,-0.17057,0.097098,-0.038679,-0.11193,0.50128,0.55895,-0.60355,0.1621,-0.46932,0.033047,-1.8567,-3.5743
0.0067968,0.0038279,-0.0095608,-0.043545,-0.03209,1.995,0.4544,-0.91155,0.076821,-0.051171,-0.28614,0.79451,-0.22694,0.025644,0.0082152,-0.093359,0.50796,0.56616,-0.77314,0.1289,-0.47492,0.050266,-2.0252,-3.9842
0.0065345,0.001341,-0.015521,-0.024954,-0.25926,1.9188,0.51027,-0.81614,0.15311,-0.06341,-0.11381,0.42944,-0.1682,-0.021336,0.045478,0.05641,0.47819,0.47465,-0.98155,0.081242,-0.46738,0.056341,-2.2951,-4.3036
0.0066829,0.00034436,-0.015281,-0.009914,-0.3705,1.8198,0.54378,-0.74766,0.21777,-0.058124,0.06925,0.072685,-0.031977,-0.040293,0.077845,0.35287,0.41938,0.27326,-1.1631,0.031739,-0.46456,0.051166,-2.5556,-4.5356
0.0084518,0.00022838,-0.010288,-0.0052161,-0.40956,1.7191,0.57122,-0.68311,0.27333,-0.036626,0.24618,-0.20659,0.115,-0.044231,0.10258,0.69175,0.34661,-0.021626,-1.2206,-0.0037676,-0.47271,0.043011,-2.677,-4.6631
0.01201,0.00010121,-0.005306,-0.010107,-0.44793,1.6243,0.60786,-0.59787,0.31461,-0.0035998,0.40153,-0.35102,0.22789,-0.055276,0.11352,0.91574,0.27786,-0.36696,-1.084,-0.014223,-0.48303,0.045741,-2.5598,-4.6758
0.015623,-0.00023668,-0.0052977,-0.017182,-0.54287,1.5263,0.65462,-0.48546,0.3265,0.032704,0.52678,-0.33687,0.30382,-0.091974,0.10847,0.91648,0.22614,-0.70891,-0.76841,-0.00018017,-0.47632,0.071309,-2.1654,-4.5853
0.016622,-0.00020129,-0.012245,-0.018634,-0.70845,1.4101,0.70101,-0.36145,0.29146,0.060557,0.62045,-0.18647,0.3595,-0.15959,0.091361,0.69675,0.19388,-1.0011,-0.3842,0.025948,-0.43603,0.12218,-1.5232,-4.4052
0.013595,0.00078538,-0.024105,-0.012504,-0.91395,1.2676,0.73845,-0.25043,0.201,0.066656,0.6826,0.030614,0.39535,-0.24889,0.06713,0.35619,0.17392,-1.2111,-0.085713,0.047207,-0.36182,0.18905,-0.72258,-4.1137
0.0078163,0.0024835,-0.036299,-0.0036362,-1.106,1.1016,0.7685,-0.16753,0.061557,0.040852,0.7092,0.21324,0.38493,-0.34255,0.035177,0.022855,0.15692,-1.313,0.011776,0.052127,-0.2725,0.25582,0.10675,-3.6393
0.0024261,0.0038251,-0.044289,0.001162,-1.2384,0.91844,0.79752,-0.10855,-0.1101,-0.01807,0.69294,0.2639,0.3011,-0.42361,-0.010947,-0.21479,0.13954,-1.2778,-0.10894,0.040259,-0.1942,0.30835,0.82946,-2.9008
-8.4679e-005,0.0036966,-0.045536,-0.00080526,-1.2927,0.71994,0.82427,-0.053759,-0.29794,-0.099616,0.63149,0.13265,0.15207,-0.48053,-0.076559,-0.33339,0.12673,-1.077,-0.37058,0.0195,-0.14211,0.34087,1.3522,-1.882
0.00012043,0.0017586,-0.040095,-0.0061898,-1.2809,0.50582,0.83484,0.019573,-0.49385,-0.18494,0.53649,-0.15588,-0.0095033,-0.50717,-0.158,-0.35558,0.12634,-0.70553,-0.66022,-0.0020199,-0.10969,0.35562,1.6665,-0.68788
0.00058268,-0.0013978,-0.0302,-0.0091649,-1.233,0.28376,0.81154,0.12599,-0.69346,-0.25517,0.43404,-0.51451,-0.1157,-0.5001,-0.24153,-0.31447,0.14066,-0.20697,-0.89745,-0.02279,-0.07376,0.35709,1.8558,0.47313
-0.0010388,-0.0047784,-0.019348,-0.0068476,-1.1803,0.075833,0.74823,0.26791,-0.88405,-0.29939,0.35344,-0.84164,-0.12599,-0.45697,-0.31041,-0.23163,0.1618,0.32338,-1.0647,-0.048395,-0.011118,0.3464,2.0505,1.3832
-0.0047527,-0.0076516,-0.011073,-0.0015295,-1.1459,-0.089624,0.65752,0.43817,-1.0373,-0.31739,0.31058,-1.0744,-0.046877,-0.37743,-0.35387,-0.11676,0.17492,0.76988,-1.1876,-0.086073,0.08631,0.32101,2.3478,1.9308
-0.0083115,-0.0098439,-0.0075163,0.0020657,-1.1443,-0.19684,0.56288,0.62411,-1.118,-0.31612,0.29807,-1.2096,0.08507,-0.26584,-0.37062,0.022827,0.16672,1.0488,-1.2916,-0.13821,0.20779,0.2796,2.7479,2.1666
-0.0094814,-0.011578,-0.0083685,0.0015973,-1.1852,-0.25564,0.48311,0.80954,-1.1056,-0.30409,0.2898,-1.2806,0.23595,-0.13305,-0.36486,0.17772,0.13259,1.1466,-1.3751,-0.19965,0.33135,0.22716,3.1529,2.2555
-0.0082743,-0.013086,-0.011089,-0.00066925,-1.2697,-0.29481,0.42312,0.97476,-1.0121,-0.28814,0.25746,-1.3142,0.38978,0.0044477,-0.34024,0.33937,0.077378,1.1162,-1.4142,-0.25984,0.4346,0.17476,3.4327,2.3561
-0.0069246,-0.01428,-0.012661,-0.00026398,-1.3775,-0.33877,0.3784,1.0976,-0.87803,-0.27384,0.1874,-1.3051,0.53357,0.12805,-0.2983,0.50247,0.010339,1.0328,-1.3867,-0.30712,0.50126,0.13324,3.5104,2.5135
-0.0076077,-0.014675,-0.011822,0.0048393,-1.4568,-0.38737,0.34653,1.1587,-0.74759,-0.2668,0.086072,-1.2275,0.63263,0.22145,-0.24259,0.66032,-0.061143,0.94273,-1.2859,-0.33192,0.52238,0.10579,3.4034,2.6466
-0.010178,-0.013714,-0.010009,0.011799,-1.4357,-0.4174,0.33297,1.1504,-0.63973,-0.27164,-0.029554,-1.0692,0.629,0.27416,-0.18298,0.79726,-0.13395,0.84367,-1.1141,-0.32756,0.49593,0.085532,3.1946,2.631
-0.012256,-0.01139,-0.010062,0.01511,-1.2625,-0.40613,0.34465,1.086,-0.54041,-0.289,-0.1488,-0.85333,0.47561,0.2832,-0.13363,0.88868,-0.20688,0.7069,-0.86607,-0.29027,0.42699,0.06069,2.9616,2.406
-0.011687,-0.0087083,-0.013632,0.011569,-0.95056,-0.35577,0.37824,1.0011,-0.42215,-0.314,-0.27829,-0.62787,0.18298,0.25341,-0.10419,0.91359,-0.27658,0.51853,-0.52527,-0.22022,0.32722,0.023404,2.725,2.0146
-0.0089836,-0.0073342,-0.019497,0.0035658,-0.5921,-0.29551,0.41647,0.94487,-0.27455,-0.33886,-0.43805,-0.43444,-0.16283,0.19682,-0.091592,0.8722,-0.33584,0.30213,-0.080607,-0.12347,0.21085,-0.024452,2.4536,1.5497
-0.0072073,-0.0083133,-0.024319,-0.0023655,-0.31561,-0.25688,0.43846,0.96077,-0.11913,-0.35836,-0.64451,-0.28463,-0.43407,0.13077,-0.080414,0.79381,-0.37585,0.10462,0.4516,-0.012832,0.088286,-0.072606,2.1131,1.0621
-0.0092006,-0.010755,-0.025261,-0.00064104,-0.20626,-0.24367,0.43638,1.0684,0.0041898,-0.37313,-0.89262,-0.16397,-0.52992,0.073681,-0.053599,0.72622,-0.39058,-0.03915,1.0225,0.094458,-0.037926,-0.1094,1.7096,0.52168
-0.014681,-0.011885,-0.022204,0.0088617,-0.245,-0.22498,0.42299,1.2566,0.067181,-0.38744,-1.151,-0.055918,-0.43373,0.038553,-0.0058606,0.71152,-0.38035,-0.13035,1.5705,0.18201,-0.17097,-0.12902,1.2872,-0.13265
-0.019993,-0.009003,-0.017681,0.020627,-0.31689,-0.16104,0.42143,1.493,0.07422,-0.4028,-1.3754,0.0389,-0.22024,0.026752,0.050881,0.76353,-0.35223,-0.19914,2.0506,0.23986,-0.31319,-0.13407,0.89037,-0.90289
-0.020884,-0.0020457,-0.014627,0.027704,-0.2895,-0.04197,0.44438,1.7428,0.057077,-0.41344,-1.5316,0.10503,-0.011656,0.026205,0.094893,0.86063,-0.31734,-0.27694,2.4492,0.26708,-0.4615,-0.13266,0.52878,-1.6904
-0.015871,0.0055993,-0.013958,0.026741,-0.10562,0.094303,0.4799,1.9832,0.049669,-0.40824,-1.6115,0.13116,0.082926,0.016785,0.10975,0.95764,-0.28639,-0.37531,2.7722,0.27005,-0.60923,-0.1329,0.18014,-2.3478
-0.0072497,0.009266,-0.014016,0.019835,0.17989,0.18317,0.4972,2.2022,0.065018,-0.37862,-1.6312,0.12579,0.0062402,-0.018822,0.096055,1.0087,-0.26533,-0.48789,3.0214,0.25794,-0.75222,-0.13822,-0.17453,-2.7824
0.00098695,0.0067466,-0.012239,0.012099,0.44541,0.17853,0.46974,2.3847,0.092764,-0.32584,-1.6111,0.11555,-0.24224,-0.084776,0.071467,0.9885,-0.25328,-0.6062,3.1826,0.23821,-0.8918,-0.14551,-0.52034,-3.0207
0.0062546,0.0003586,-0.0075238,0.0073898,0.59089,0.085799,0.39868,2.501,0.11656,-0.26162,-1.5573,0.12925,-0.61758,-0.16874,0.059289,0.90064,-0.24371,-0.72735,3.2368,0.21429,-1.0298,-0.146,-0.81484,-3.18
0.0087825,-0.0047925,-0.0013356,0.0058179,0.59768,-0.044162,0.31826,2.5117,0.13399,-0.20092,-1.4574,0.18215,-1.0367,-0.2479,0.07403,0.77198,-0.22881,-0.84421,3.1822,0.18577,-1.1598,-0.12835,-1.0279,-3.3751
0.010416,-0.0051293,0.003247,0.0046955,0.51707,-0.1545,0.27775,2.3886,0.16096,-0.15255,-1.2969,0.27074,-1.3837,-0.30062,0.1134,0.63605,-0.2048,-0.93351,3.0437,0.14994,-1.2643,-0.083819,-1.1801,-3.6415
0.012384,-0.0017034,0.0036742,0.0014988,0.40823,-0.22171,0.31091,2.138,0.21705,-0.11506,-1.0811,0.37718,-1.5354,-0.31673,0.161,0.51595,-0.17474,-0.96443,2.8583,0.10404,-1.3241,-0.011824,-1.3464,-3.9323
0.014281,0.00085761,-0.00037054,-0.0039852,0.28637,-0.2629,0.41291,1.805,0.30426,-0.081161,-0.8439,0.47625,-1.4125,-0.30085,0.1967,0.4154,-0.14655,-0.93005,2.6505,0.047527,-1.3344,0.076905,-1.6208,-4.1768
0.014979,-0.001259,-0.0068117,-0.009955,0.12663,-0.30788,0.53939,1.4534,0.39715,-0.047066,-0.63249,0.54174,-1.0315,-0.26773,0.20739,0.32155,-0.12726,-0.87448,2.422,-0.016129,-1.3136,0.16311,-2.0701,-4.338
0.014211,-0.0073254,-0.012504,-0.01456,-0.085959,-0.36362,0.62805,1.1319,0.45326,-0.01854,-0.47931,0.55413,-0.50643,-0.23364,0.19213,0.21584,-0.11759,-0.88202,2.1668,-0.079357,-1.2927,0.22782,-2.7054,-4.4205
0.013041,-0.012513,-0.015098,-0.017461,-0.31333,-0.40403,0.62985,0.85089,0.43795,-0.0082102,-0.38166,0.51028,0.018312,-0.20884,0.16021,0.084652,-0.1109,-1.0242,1.8977,-0.13283,-1.2919,0.26261,-3.4826,-4.4366
0.012784,-0.012152,-0.014383,-0.019715,-0.47284,-0.3939,0.5319,0.58514,0.34709,-0.025509,-0.30569,0.42873,0.46414,-0.19471,0.12512,-0.076601,-0.097461,-1.3012,1.6571,-0.16942,-1.3022,0.27404,-4.3167,-4.3766
0.01357,-0.0059001,-0.012469,-0.022489,-0.4938,-0.3245,0.3607,0.30006,0.21202,-0.067027,-0.21256,0.34203,0.8666,-0.18567,0.098979,-0.26595,-0.070456,-1.626,1.4989,-0.18714,-1.2901,0.27849,-5.0938,-4.2168
0.01405,0.0019827,-0.012733,-0.026075,-0.37332,-0.22736,0.16598,-0.019197,0.082962,-0.11522,-0.087105,0.27671,1.3268,-0.1737,0.089877,-0.47858,-0.029029,-1.8715,1.4566,-0.18894,-1.2247,0.29045,-5.6783,-3.9518
0.012567,0.0063593,-0.017953,-0.029963,-0.18203,-0.15202,-0.0036304,-0.35507,0.0012996,-0.14713,0.052022,0.23391,1.8958,-0.15264,0.10211,-0.70681,0.023349,-1.944,1.5221,-0.17945,-1.1054,0.31276,-5.931,-3.611
0.0087197,0.0054167,-0.028493,-0.033451,-0.012932,-0.12521,-0.11879,-0.66715,-0.021111,-0.14713,0.16693,0.18758,2.4865,-0.12065,0.13698,-0.93665,0.082632,-1.8282,1.6516,-0.16175,-0.96765,0.33577,-5.7506,-3.2377
0.0039119,0.0016133,-0.041566,-0.035813,0.085556,-0.12607,-0.17257,-0.91365,-0.0023104,-0.11459,0.22747,0.10428,2.8929,-0.080653,0.19276,-1.1461,0.14572,-1.5702,1.7898,-0.13705,-0.8587,0.34536,-5.1282,-2.8513
0.00047431,-0.0010573,-0.052323,-0.035964,0.1389,-0.099185,-0.17026,-1.0688,0.028512,-0.061741,0.23016,-0.02948,2.916,-0.039435,0.26428,-1.3094,0.20824,-1.2202,1.89,-0.10766,-0.80336,0.3329,-4.1801,-2.4339
0.00014603,-0.00051342,-0.056511,-0.032552,0.21662,0.0034384,-0.11651,-1.1278,0.053975,-0.0045496,0.19663,-0.19447,2.5063,-0.0058434,0.34348,-1.4061,0.26148,-0.7906,1.9187,-0.079843,-0.78712,0.29946,-3.1267,-1.9584
0.0030658,0.0024703,-0.053267,-0.025087,0.3697,0.18342,-0.010827,-1.103,0.078487,0.045928,0.15598,-0.35111,1.813,0.01195,0.42206,-1.4284,0.29335,-0.26507,1.8499,-0.062842,-0.76991,0.25264,-2.2102,-1.4302
0.0078115,0.0061395,-0.046126,-0.015323,0.58538,0.3895,0.14499,-1.0182,0.11914,0.08609,0.12618,-0.46691,1.1038,0.0099804,0.49461,-1.3822,0.29457,0.35346,1.6638,-0.063333,-0.71785,0.20058,-1.5908,-0.90017
0.01218,0.0099042,-0.0412,-0.0071229,0.79281,0.54742,0.33514,-0.90512,0.18679,0.11661,0.10807,-0.53687,0.60985,-0.0087215,0.56017,-1.2805,0.26626,1.0082,1.3535,-0.079157,-0.6266,0.14882,-1.2792,-0.42967
0.014107,0.014278,-0.043356,-0.0040637,0.91175,0.60351,0.52581,-0.80026,0.27335,0.13832,0.093265,-0.58202,0.4078,-0.034573,0.62035,-1.1367,0.2223,1.6042,0.92719,-0.097966,-0.51897,0.10145,-1.1505,-0.038614
0.012395,0.018902,-0.052836,-0.0063352,0.90538,0.55162,0.6754,-0.73575,0.35469,0.15123,0.076897,-0.63017,0.4122,-0.056395,0.67505,-0.95995,0.18315,2.0628,0.39862,-0.10341,-0.42272,0.06298,-1.029,0.31257
0.0072008,0.021306,-0.064701,-0.0097613,0.7998,0.42784,0.75372,-0.72723,0.40473,0.15655,0.064137,-0.69692,0.46833,-0.068703,0.71892,-0.75425,0.16416,2.3665,-0.2283,-0.085864,-0.34925,0.037304,-0.79004,0.68587
0.00012303,0.01838,-0.071647,-0.0084393,0.66131,0.28177,0.75698,-0.76539,0.40847,0.15843,0.066827,-0.78154,0.46599,-0.076055,0.74177,-0.51981,0.16616,2.5531,-0.95832,-0.050759,-0.28992,0.024279,-0.41375,1.1034
-0.0063775,0.009525,-0.068426,0.00065623,0.55351,0.14755,0.70776,-0.81904,0.36507,0.16254,0.095112,-0.87764,0.39322,-0.089978,0.73399,-0.25507,0.17475,2.6683,-1.7769,-0.018364,-0.22894,0.018156,0.036352,1.5167
-0.0102,-0.001708,-0.054944,0.014816,0.50528,0.033734,0.64026,-0.84989,0.28243,0.17247,0.15154,-0.98524,0.30686,-0.11933,0.69428,0.039506,0.16882,2.7207,-2.6146,-0.014182,-0.15856,0.010819,0.48032,1.8389
-0.010752,-0.0095823,-0.036084,0.027083,0.50716,-0.066064,0.58166,-0.83106,0.17107,0.18694,0.23103,-1.1115,0.26141,-0.16112,0.6346,0.35629,0.13287,2.6809,-3.3414,-0.054841,-0.084398,-0.002183,0.87846,2.0152
-0.009083,-0.010353,-0.018574,0.031149,0.53015,-0.15522,0.5419,-0.75844,0.042484,0.20035,0.32439,-1.2581,0.26033,-0.19992,0.57761,0.67772,0.065529,2.521,-3.8127,-0.13717,-0.019934,-0.01826,1.239,2.0723
-0.0067702,-0.0049889,-0.0071787,0.025845,0.54838,-0.22514,0.51666,-0.64964,-0.089795,0.2063,0.42119,-1.407,0.26287,-0.21817,0.54623,0.97988,-0.020348,2.252,-3.9443,-0.23644,0.021238,-0.030545,1.5831,2.1037
-0.0045094,0.0020185,-0.0027354,0.015726,0.55001,-0.2617,0.49789,-0.53342,-0.21146,0.20146,0.51053,-1.5165,0.22921,-0.21028,0.5506,1.2412,-0.10496,1.9225,-3.7608,-0.31524,0.028733,-0.034581,1.9059,2.2013
-0.001757,0.0065583,-0.002977,0.0074603,0.53344,-0.26003,0.48188,-0.43753,-0.31216,0.18739,0.58148,-1.5347,0.1587,-0.18926,0.58082,1.4488,-0.17157,1.5806,-3.3769,-0.33927,-0.0049039,-0.032859,2.1682,2.3888
0.0021875,0.0078866,-0.0050531,0.0050944,0.497,-0.23379,0.46882,-0.38114,-0.38925,0.16952,0.62492,-1.4239,0.090187,-0.17935,0.61178,1.5971,-0.21361,1.2385,-2.9227,-0.29296,-0.082518,-0.032969,2.3214,2.6063
0.0067628,0.0081545,-0.0076088,0.0078625,0.43239,-0.21003,0.45594,-0.37242,-0.4457,0.15431,0.63625,-1.1829,0.069737,-0.1992,0.61808,1.6805,-0.23593,0.87623,-2.4709,-0.18729,-0.19604,-0.040863,2.3411,2.7533
0.0099766,0.0094072,-0.010989,0.011867,0.32788,-0.2121,0.43193,-0.40874,-0.48297,0.14605,0.61647,-0.8541,0.1167,-0.24829,0.58962,1.6906,-0.25065,0.48032,-2.0205,-0.055457,-0.31961,-0.055006,2.2418,2.7538
0.0099213,0.011268,-0.015841,0.013777,0.17912,-0.24316,0.3785,-0.47826,-0.49583,0.14508,0.5703,-0.51088,0.21426,-0.30713,0.53683,1.6265,-0.27051,0.079743,-1.5433,0.062229,-0.40975,-0.066224,2.0657,2.5956
0.0066573,0.011463,-0.021614,0.013398,-0.0010184,-0.28339,0.27846,-0.56455,-0.47499,0.14803,0.50315,-0.22812,0.32537,-0.35108,0.48159,1.5094,-0.30341,-0.25935,-1.045,0.13636,-0.41741,-0.06322,1.86,2.3297
0.0025782,0.008256,-0.026265,0.013338,-0.18248,-0.30476,0.12394,-0.65551,-0.41635,0.15028,0.4194,-0.05166,0.41475,-0.36674,0.44052,1.386,-0.35026,-0.47974,-0.58642,0.15981,-0.30959,-0.039512,1.6594,2.0393
0.00067435,0.0020744,-0.027188,0.016548,-0.33155,-0.29344,-0.081454,-0.75246,-0.32882,0.14906,0.32281,0.017802,0.45905,-0.35813,0.41326,1.3094,-0.40652,-0.58214,-0.24783,0.1466,-0.09066,0.0026138,1.4825,1.8068
0.0021185,-0.0051628,-0.022381,0.024011,-0.43048,-0.26322,-0.32644,-0.8712,-0.2328,0.14526,0.2173,0.016369,0.44392,-0.33877,0.38427,1.3081,-0.46557,-0.63421,-0.071963,0.12038,0.18937,0.052676,1.3347,1.6883
0.0053486,-0.011847,-0.011014,0.034212,-0.48939,-0.24804,-0.59629,-1.0297,-0.14966,0.14237,0.10613,-0.010716,0.3599,-0.31725,0.33632,1.3679,-0.52188,-0.7293,-0.033263,0.10068,0.44899,0.095802,1.2109,1.6979
0.0075001,-0.017386,0.0065001,0.044316,-0.53971,-0.27747,-0.87206,-1.2286,-0.090093,0.14316,-0.0098323,-0.03772,0.20643,-0.28896,0.2646,1.4462,-0.57236,-0.92498,-0.055697,0.095176,0.60954,0.11782,1.0964,1.8018
0.0068586,-0.021222,0.028308,0.051722,-0.61188,-0.35312,-1.1254,-1.4391,-0.05051,0.14639,-0.1326,-0.068272,0.00020034,-0.2408,0.18096,1.5086,-0.61592,-1.2064,-0.059763,0.10072,0.63358,0.11028,0.97197,1.9306
0.0040568,-0.021874,0.050746,0.054923,-0.71336,-0.44533,-1.3166,-1.6118,-0.019654,0.14617,-0.26464,-0.12033,-0.22419,-0.16489,0.10613,1.5565,-0.65197,-1.4989,-0.0019162,0.10947,0.54451,0.074165,0.82533,2.0121
0.00099052,-0.017829,0.0687,0.053586,-0.8233,-0.51445,-1.4019,-1.7035,0.01058,0.13486,-0.40502,-0.19967,-0.4276,-0.06943,0.056988,1.6196,-0.67948,-1.7174,0.11565,0.11455,0.41255,0.020301,0.66259,2.01
-0.0013263,-0.0097972,0.077517,0.04837,-0.90784,-0.54088,-1.3513,-1.7028,0.039057,0.10783,-0.54667,-0.28472,-0.58687,0.022422,0.03883,1.7183,-0.69687,-1.8159,0.26038,0.11222,0.3139,-0.034953,0.50821,1.9388
-0.0037117,-0.0016713,0.075868,0.040793,-0.94277,-0.53952,-1.1651,-1.6345,0.058252,0.067234,-0.67657,-0.33621,-0.70758,0.085393,0.046808,1.8306,-0.70294,-1.8042,0.39166,0.10155,0.28901,-0.077521,0.38959,1.8406
-0.0075589,0.0017256,0.067419,0.032878,-0.92615,-0.54569,-0.87885,-1.54,0.062604,0.022386,-0.77808,-0.32407,-0.81917,0.10695,0.072878,1.8955,-0.69774,-1.7279,0.47723,0.083623,0.32755,-0.10253,0.3163,1.7397
-0.012688,-0.0013006,0.05934,0.026365,-0.87348,-0.58362,-0.55137,-1.4482,0.054839,-0.014034,-0.83459,-0.24979,-0.95532,0.092852,0.11112,1.8537,-0.6827,-1.6308,0.50179,0.061248,0.38771,-0.11544,0.27131,1.6142
-0.016694,-0.00731,0.057963,0.021811,-0.80384,-0.6437,-0.24077,-1.3611,0.0451,-0.032106,-0.8346,-0.14644,-1.1331,0.059512,0.15753,1.69,-0.65983,-1.5294,0.47002,0.038283,0.43174,-0.12634,0.22328,1.4116
-0.016831,-0.010331,0.064546,0.018327,-0.73041,-0.68812,0.0162,-1.2612,0.043966,-0.029836,-0.77794,-0.057915,-1.3442,0.019723,0.20655,1.4414,-0.63036,-1.4139,0.40316,0.018183,0.44942,-0.14148,0.15075,1.0974
-0.012845,-0.0073133,0.074495,0.014348,-0.66036,-0.68055,0.21103,-1.1319,0.055257,-0.013972,-0.68041,-0.014808,-1.5647,-0.026315,0.24934,1.1667,-0.59419,-1.2707,0.32773,0.002636,0.45447,-0.15861,0.05725,0.69476
-0.0079506,-0.0014991,0.080939,0.0089288,-0.59662,-0.6148,0.35477,-0.97068,0.07422,0.0046819,-0.57167,-0.023999,-1.7746,-0.087066,0.27644,0.90808,-0.55044,-1.105,0.26086,-0.008518,0.4632,-0.16938,-0.036333,0.28067
-0.0065631,-0.00011974,0.079959,0.0025487,-0.53282,-0.51831,0.46232,-0.78729,0.092137,0.01896,-0.48358,-0.074564,-1.9726,-0.16584,0.28245,0.67961,-0.49906,-0.94414,0.2022,-0.016159,0.47776,-0.16645,-0.11518,-0.055063
-0.010469,-0.0079192,0.073269,-0.0032339,-0.44377,-0.42817,0.54138,-0.59265,0.10343,0.030855,-0.43372,-0.14934,-2.1701,-0.24856,0.26824,0.48792,-0.4419,-0.82087,0.13935,-0.020943,0.48838,-0.14933,-0.18739,-0.25307
-0.016848,-0.022152,0.066213,-0.0069778,-0.28527,-0.36077,0.59254,-0.39211,0.10979,0.050479,-0.41562,-0.231,-2.3628,-0.30384,0.23842,0.3537,-0.38202,-0.74806,0.062608,-0.023419,0.48878,-0.1247,-0.27668,-0.29659
-0.020209,-0.033861,0.062888,-0.0084417,-0.014056,-0.30066,0.61711,-0.18794,0.11843,0.088457,-0.40502,-0.30198,-2.4987,-0.29665,0.19678,0.30266,-0.32128,-0.70519,-0.023484,-0.024386,0.48646,-0.10187,-0.39537,-0.19403
-0.016831,-0.034807,0.062653,-0.0087405,0.37878,-0.21706,0.62402,0.014801,0.13615,0.14682,-0.38037,-0.3456,-2.4746,-0.20673,0.14381,0.32754,-0.25813,-0.64621,-0.10106,-0.023936,0.49673,-0.087557,-0.52061,0.040889
-0.0079065,-0.024251,0.060982,-0.0095313,0.84398,-0.092701,0.62863,0.20712,0.16366,0.21497,-0.3433,-0.35324,-2.1789,-0.039904,0.078676,0.35928,-0.18787,-0.52358,-0.15032,-0.019318,0.52624,-0.083743,-0.59603,0.39037
0.001427,-0.0096631,0.053787,-0.011909,1.2816,0.059349,0.64426,0.38062,0.19434,0.27383,-0.32205,-0.33272,-1.562,0.17351,0.0031183,0.28574,-0.10593,-0.3126,-0.16082,-0.0040808,0.56308,-0.08882,-0.56026,0.82127
0.0063794,-0.00062932,0.041312,-0.015824,1.5815,0.20324,0.67422,0.53098,0.21803,0.30537,-0.35322,-0.30818,-0.68678,0.39022,-0.076987,0.017753,-0.012318,-0.022103,-0.13435,0.02901,0.58385,-0.099773,-0.38233,1.2831
0.0063238,-0.0011918,0.028228,-0.020373,1.6739,0.30413,0.71163,0.65602,0.22733,0.30111,-0.45401,-0.30783,0.28683,0.56848,-0.15458,-0.44195,0.085845,0.31191,-0.080867,0.081911,0.57252,-0.11324,-0.078967,1.724
0.0048233,-0.0071377,0.019988,-0.024632,1.5615,0.34827,0.74748,0.75181,0.22223,0.26468,-0.6061,-0.34707,1.1807,0.68062,-0.22658,-0.97929,0.17576,0.64291,-0.014172,0.1465,0.53456,-0.12555,0.29596,2.1079
0.0060299,-0.010293,0.018704,-0.028331,1.3151,0.34531,0.77947,0.81448,0.21022,0.20797,-0.7641,-0.41902,1.8874,0.72123,-0.29665,-1.4162,0.24369,0.93034,0.048308,0.20584,0.49472,-0.13307,0.67928,2.4145
0.010852,-0.0057536,0.021966,-0.031815,1.04,0.3152,0.813,0.84811,0.20231,0.14465,-0.88259,-0.49849,2.3995,0.70905,-0.37296,-1.5941,0.2804,1.1491,0.085109,0.24219,0.48062,-0.13376,1.0233,2.6225
0.016288,0.0042787,0.025236,-0.035345,0.83236,0.27287,0.85254,0.86964,0.20749,0.085351,-0.94154,-0.55518,2.7604,0.67879,-0.46268,-1.443,0.28479,1.2907,0.075321,0.24692,0.50527,-0.12852,1.3043,2.7033
0.018238,0.012978,0.025414,-0.038375,0.74632,0.22273,0.89141,0.901,0.22903,0.036178,-0.95185,-0.5667,2.98,0.66252,-0.56745,-1.0009,0.26414,1.3587,0.0085382,0.22538,0.56057,-0.12084,1.5158,2.6398
0.014977,0.014929,0.02256,-0.03952,0.78297,0.16372,0.91071,0.951,0.26398,-0.00026483,-0.93878,-0.52552,2.9956,0.6687,-0.68272,-0.38683,0.23121,1.3618,-0.10677,0.19298,0.62368,-0.11434,1.658,2.4589
0.0082237,0.010227,0.018809,-0.037436,0.90088,0.096948,0.89092,1.0034,0.30537,-0.023586,-0.91857,-0.44018,2.7167,0.67387,-0.80027,0.25127,0.19944,1.3083,-0.24432,0.16542,0.66967,-0.10982,1.7313,2.2371
0.001278,0.0035066,0.016054,-0.032027,1.0423,0.028065,0.82777,1.0258,0.3453,-0.035284,-0.8871,-0.33258,2.1161,0.63702,-0.9108,0.78625,0.17804,1.2062,-0.3713,0.14995,0.68238,-0.10434,1.7376,2.0608
-0.0035915,-0.0004752,0.01468,-0.024947,1.163,-0.036376,0.73854,0.99748,0.37746,-0.039136,-0.82828,-0.23187,1.2869,0.53001,-1.0052,1.148,0.16943,1.0675,-0.4619,0.14377,0.65993,-0.093251,1.6819,1.9671
-0.0060709,-0.00042345,0.014125,-0.018789,1.2498,-0.093145,0.65176,0.93169,0.39876,-0.041142,-0.7334,-0.16426,0.41044,0.36275,-1.0752,1.3401,0.17034,0.91528,-0.50342,0.13965,0.61475,-0.073932,1.5709,1.9142
-0.0066698,0.001506,0.014113,-0.015374,1.3168,-0.14246,0.58718,0.87238,0.40985,-0.048092,-0.61471,-0.14206,-0.33939,0.18276,-1.1157,1.4328,0.17592,0.78466,-0.49197,0.13376,0.56837,-0.048374,1.409,1.8134
-0.0052694,0.002457,0.014916,-0.014449,1.3809,-0.18479,0.5417,0.86224,0.41447,-0.064946,-0.50277,-0.15827,-0.87857,0.048249,-1.128,1.5283,0.1842,0.71461,-0.42381,0.12937,0.54157,-0.022842,1.1952,1.5995
-0.0011312,0.0013631,0.016367,-0.013994,1.437,-0.21895,0.4925,0.90789,0.41742,-0.092384,-0.43026,-0.1906,-1.2217,-0.0049577,-1.1214,1.706,0.19714,0.73012,-0.2922,0.13375,0.54313,-0.0047259,0.92603,1.2814
0.005668,-0.00085087,0.016898,-0.012051,1.4521,-0.24418,0.41455,0.97185,0.42168,-0.12627,-0.41463,-0.21055,-1.4245,0.0218,-1.1104,1.9684,0.21729,0.82425,-0.093941,0.15123,0.56432,0.0013669,0.60454,0.93402
0.013061,-0.0028335,0.014071,-0.0086075,1.3857,-0.26341,0.29827,0.99994,0.42641,-0.15991,-0.45055,-0.18867,-1.52,0.10101,-1.1077,2.2226,0.24257,0.95226,0.15939,0.17788,0.58458,-0.0040946,0.24973,0.64228
0.017583,-0.0041617,0.0065467,-0.0057624,1.2186,-0.283,0.15412,0.9624,0.42701,-0.18807,-0.51498,-0.092944,-1.5017,0.20157,-1.1182,2.3141,0.26398,1.0452,0.4361,0.20213,0.58622,-0.016034,-0.10076,0.44718
0.016513,-0.0052618,-0.0041703,-0.0058362,0.96425,-0.30753,0.0028391,0.87484,0.41731,-0.21023,-0.57947,0.11079,-1.3535,0.30223,-1.137,2.1074,0.26915,1.0398,0.69181,0.21084,0.56732,-0.027394,-0.39997,0.33587
0.0098261,-0.0064264,-0.014013,-0.00901,0.65075,-0.33445,-0.13857,0.7825,0.3923,-0.23071,-0.62251,0.44396,-1.0854,0.38857,-1.1517,1.5697,0.25021,0.90985,0.88729,0.19666,0.54224,-0.032213,-0.61057,0.27364
0.00034958,-0.0072958,-0.018798,-0.012736,0.29051,-0.35466,-0.26313,0.72224,0.34975,-0.25554,-0.63715,0.88684,-0.74484,0.44475,-1.1473,0.80711,0.21028,0.68057,1.0051,0.16196,0.52874,-0.027498,-0.72333,0.24069
-0.0079915,-0.0074208,-0.017026,-0.013675,-0.13494,-0.35946,-0.36962,0.69472,0.2906,-0.28824,-0.63253,1.3586,-0.40163,0.4552,-1.1087,0.024089,0.1636,0.41458,1.0541,0.117,0.5328,-0.013367,-0.76256,0.24008
-0.012454,-0.007186,-0.010766,-0.010543,-0.65848,-0.34709,-0.45427,0.66926,0.21861,-0.32765,-0.6295,1.7337,-0.12933,0.41788,-1.0252,-0.57379,0.12834,0.17651,1.0579,0.074008,0.54399,0.0078858,-0.77253,0.27735
-0.012699,-0.0078937,-0.0039115,-0.0052428,-1.2928,-0.32065,-0.50759,0.61518,0.14019,-0.36944,-0.65077,1.8991,0.010021,0.35472,-0.89575,-0.87887,0.11693,-0.0028795,1.0374,0.041151,0.5449,0.032633,-0.79182,0.33975
-0.010372,-0.010664,0.0007401,-0.0011754,-2.0084,-0.27765,-0.51887,0.53193,0.063629,-0.4095,-0.70851,1.8214,-0.014661,0.30386,-0.73478,-0.92342,0.13027,-0.13927,0.9991,0.020012,0.52483,0.056121,-0.83199,0.39937
-0.0076991,-0.0151,0.0031879,-0.00026608,-2.744,-0.20144,-0.48352,0.45308,-0.0026126,-0.44619,-0.79541,1.572,-0.17968,0.29508,-0.57228,-0.84232,0.15941,-0.27538,0.93734,0.0074768,0.48499,0.072591,-0.8756,0.43618
-0.0061965,-0.019113,0.0054562,-0.0014843,-3.4396,-0.066683,-0.40662,0.42271,-0.052315,-0.47881,-0.88603,1.2852,-0.40068,0.32755,-0.44334,-0.783,0.19263,-0.44304,0.84681,1.3941e-005,0.43157,0.076376,-0.89458,0.45591
-0.006204,-0.020356,0.0092112,-0.0021869,-4.0638,0.13975,-0.30042,0.46572,-0.082598,-0.50338,-0.94994,1.073,-0.56855,0.36976,-0.3694,-0.81882,0.22253,-0.63354,0.7319,-0.0031495,0.36587,0.064287,-0.875,0.48343
-0.0071838,-0.018209,0.013879,-0.00088689,-4.6099,0.39683,-0.17979,0.57672,-0.092437,-0.50898,-0.97025,0.96048,-0.61616,0.3832,-0.34308,-0.9163,0.24871,-0.79663,0.60436,-0.00025385,0.28339,0.038077,-0.82927,0.53769
-0.0082968,-0.014575,0.016788,0.0012708,-5.067,0.64705,-0.059691,0.7345,-0.07968,-0.47883,-0.95481,0.88843,-0.56528,0.35064,-0.32929,-0.97165,0.2755,-0.867,0.47216,0.009898,0.1844,0.0049346,-0.7875,0.61271
-0.008832,-0.012596,0.015114,0.0016999,-5.395,0.82283,0.044605,0.92708,-0.039873,-0.39739,-0.93135,0.77963,-0.50774,0.28601,-0.28521,-0.89028,0.30786,-0.79839,0.3322,0.024945,0.085098,-0.025091,-0.77582,0.68232
-0.0083879,-0.014213,0.0080469,-0.001008,-5.5306,0.8878,0.1176,1.1645,0.030621,-0.26059,-0.92835,0.61022,-0.5289,0.21868,-0.18747,-0.65868,0.34891,-0.58296,0.17641,0.039047,0.01588,-0.043639,-0.79921,0.72298
-0.0069408,-0.018585,-0.0023957,-0.0055573,-5.425,0.86341,0.14665,1.4691,0.12842,-0.083458,-0.95533,0.42752,-0.63747,0.1672,-0.047869,-0.36282,0.39965,-0.24927,0.0073815,0.04639,0.003794,-0.047812,-0.8408,0.73236
-0.0049056,-0.022794,-0.012371,-0.0088524,-5.0828,0.81774,0.12695,1.8525,0.23884,0.10057,-0.99698,0.30251,-0.76367,0.12544,0.093827,-0.1406,0.45929,0.15098,-0.1518,0.045283,0.051616,-0.040889,-0.87565,0.72655
-0.0031221,-0.02429,-0.018265,-0.0083491,-4.5669,0.82009,0.064837,2.3008,0.33827,0.25022,-1.026,0.26244,-0.82596,0.071811,0.1948,-0.098887,0.5242,0.553,-0.26579,0.039114,0.13138,-0.029844,-0.88656,0.72019
-0.0025966,-0.02298,-0.018538,-0.0037387,-3.9584,0.89259,-0.022677,2.778,0.40357,0.33298,-1.0237,0.26423,-0.80253,-0.0081732,0.2338,-0.25119,0.5862,0.88349,-0.30941,0.032941,0.19989,-0.021623,-0.87056,0.70981
-0.0039622,-0.021109,-0.0144,0.0031959,-3.3036,0.99489,-0.11145,3.243,0.42321,0.33939,-0.99268,0.23171,-0.74193,-0.10656,0.21892,-0.51917,0.63285,1.0703,-0.28633,0.028531,0.22612,-0.020421,-0.83425,0.67653
-0.006933,-0.021003,-0.0090208,0.0099171,-2.5918,1.0541,-0.17488,3.6619,0.40261,0.28713,-0.94957,0.12261,-0.70756,-0.19771,0.17594,-0.79471,0.65178,1.0669,-0.22778,0.022441,0.21034,-0.026789,-0.78506,0.60542
-0.010216,-0.022664,-0.0057008,0.014298,-1.7901,1.0179,-0.18945,4.0058,0.36014,0.21196,-0.90666,-0.03378,-0.71427,-0.25777,0.12916,-1.013,0.63748,0.88364,-0.17159,0.0093566,0.18111,-0.038054,-0.7256,0.50378
-0.012138,-0.02345,-0.0059156,0.015036,-0.90825,0.89065,-0.14217,4.2397,0.31644,0.14984,-0.8571,-0.1609,-0.71795,-0.28132,0.090121,-1.1791,0.59586,0.60171,-0.1384,-0.011956,0.173,-0.049358,-0.65329,0.40259
-0.011667,-0.020269,-0.0083799,0.011788,-0.03711,0.72786,-0.038293,4.32,0.284,0.12016,-0.77795,-0.19939,-0.66339,-0.28167,0.060029,-1.3298,0.5418,0.34649,-0.12213,-0.035659,0.20288,-0.055297,-0.56301,0.34108
-0.0090706,-0.012484,-0.0098684,0.0054836,0.68203,0.59594,0.096036,4.2127,0.26334,0.11931,-0.64886,-0.15763,-0.53813,-0.27635,0.03892,-1.47,0.49025,0.22642,-0.098819,-0.052264,0.2619,-0.052298,-0.45031,0.34836
-0.0055944,-0.002994,-0.0075099,-0.0016311,1.1428,0.53124,0.22148,3.921,0.24677,0.12777,-0.47018,-0.10827,-0.37951,-0.27183,0.03001,-1.5454,0.44669,0.27309,-0.043114,-0.056287,0.32759,-0.04088,-0.31517,0.43494
-0.0023769,0.0035965,-0.0010943,-0.0069764,1.3496,0.52791,0.30231,3.5003,0.22556,0.12532,-0.26492,-0.13713,-0.2337,-0.26091,0.034958,-1.4793,0.40441,0.42639,0.060188,-0.051714,0.38424,-0.02603,-0.16607,0.59507
0.00044457,0.0043183,0.0063997,-0.0094075,1.4204,0.55773,0.32243,3.0412,0.19537,0.10429,-0.062396,-0.28625,-0.11389,-0.23363,0.046566,-1.2443,0.35142,0.57935,0.21351,-0.050129,0.43416,-0.014675,-0.021431,0.81069
0.0035792,-4.3698e-006,0.010724,-0.010216,1.5099,0.59997,0.2892,2.6299,0.15668,0.07255,0.12253,-0.53073,-0.00095818,-0.19042,0.04905,-0.90413,0.28157,0.65249,0.4084,-0.062403,0.49058,-0.011531,0.095543,1.0512
0.0074901,-0.0055382,0.0094548,-0.012005,1.7102,0.65535,0.22238,2.3099,0.11176,0.045713,0.29737,-0.79559,0.11888,-0.14517,0.028579,-0.58321,0.20094,0.64271,0.62734,-0.090543,0.55805,-0.016443,0.16809,1.2736
0.011444,-0.0084741,0.003829,-0.016046,2.0054,0.73636,0.13803,2.0757,0.061655,0.035276,0.48144,-0.99035,0.2252,-0.11546,-0.014224,-0.38765,0.12389,0.61092,0.84619,-0.12645,0.61699,-0.025492,0.19618,1.4325
0.013742,-0.0077933,-0.0022598,-0.020562,2.3077,0.84753,0.041469,1.8975,0.0059847,0.041542,0.68702,-1.0368,0.27817,-0.10871,-0.061789,-0.34018,0.062343,0.62167,1.0397,-0.15855,0.6272,-0.035016,0.19677,1.5
0.01306,-0.0055696,-0.0053616,-0.021958,2.5388,0.97472,-0.065034,1.7554,-0.054583,0.055568,0.90864,-0.88516,0.26299,-0.11624,-0.091145,-0.38153,0.017411,0.68665,1.1885,-0.18072,0.55085,-0.044862,0.19162,1.4815
0.0096819,-0.0047537,-0.0051232,-0.018309,2.6867,1.0912,-0.16935,1.6513,-0.11591,0.067173,1.128,-0.52985,0.21579,-0.11979,-0.091011,-0.43166,-0.01935,0.7594,1.2818,-0.1959,0.38041,-0.057761,0.19059,1.4118
0.0054219,-0.0064792,-0.0043455,-0.011936,2.7952,1.1718,-0.24707,1.591,-0.17075,0.072031,1.3275,-0.026083,0.19934,-0.10465,-0.070372,-0.45481,-0.05661,0.78314,1.3129,-0.2118,0.15068,-0.075249,0.18404,1.3288
0.0022168,-0.0091979,-0.0065513,-0.0083038,2.9074,1.202,-0.27671,1.5555,-0.21221,0.072703,1.4988,0.50682,0.24846,-0.068835,-0.051266,-0.47434,-0.094465,0.74823,1.2718,-0.23308,-0.075804,-0.094107,0.15105,1.2463
0.000672,-0.01025,-0.013204,-0.0117,3.016,1.1763,-0.26183,1.4931,-0.23807,0.073957,1.6399,0.91642,0.33738,-0.022163,-0.051768,-0.53153,-0.12392,0.70765,1.1437,-0.2571,-0.24162,-0.10712,0.077869,1.1471
-8.185e-005,-0.0083494,-0.022745,-0.021279,3.0625,1.0923,-0.23983,1.343,-0.25255,0.077021,1.7473,1.0807,0.40179,0.022244,-0.07316,-0.63248,-0.13458,0.73587,0.91539,-0.27688,-0.32328,-0.10809,-0.028294,1.0005
-0.0011102,-0.0047464,-0.031839,-0.031115,2.9792,0.95029,-0.26513,1.0735,-0.26434,0.07744,1.8128,0.97126,0.39553,0.056336,-0.10114,-0.73309,-0.12304,0.86538,0.58435,-0.28769,-0.33636,-0.097023,-0.14124,0.78672
-0.0022677,-0.0020932,-0.037476,-0.034577,2.7352,0.76012,-0.37635,0.70234,-0.28198,0.067752,1.8308,0.67377,0.3291,0.079414,-0.11867,-0.77318,-0.094785,1.0539,0.15958,-0.29059,-0.31579,-0.080704,-0.23159,0.50326
-0.0021438,-0.0020954,-0.038375,-0.029569,2.353,0.54726,-0.57228,0.2804,-0.30975,0.042634,1.8077,0.34662,0.25549,0.094362,-0.11876,-0.725,-0.058715,1.2094,-0.34695,-0.28953,-0.28915,-0.068111,-0.2833,0.15193
0.00044148,-0.0040831,-0.035182,-0.020255,1.8905,0.34832,-0.81701,-0.14639,-0.34588,0.0029653,1.7621,0.14119,0.21966,0.10244,-0.10711,-0.61189,-0.020792,1.252,-0.9275,-0.28508,-0.26415,-0.064381,-0.29842,-0.27366
0.0047764,-0.0057772,-0.029933,-0.013761,1.4122,0.19442,-1.0705,-0.56536,-0.38312,-0.04343,1.7148,0.13152,0.22079,0.10113,-0.094144,-0.4835,0.017196,1.1659,-1.5719,-0.27195,-0.23685,-0.068415,-0.28859,-0.77607
0.0081704,-0.0055475,-0.025253,-0.014506,0.96776,0.092567,-1.3186,-0.99207,-0.4107,-0.084445,1.6752,0.2918,0.22083,0.086218,-0.085261,-0.37431,0.053532,1.0028,-2.2463,-0.24321,-0.2083,-0.075638,-0.26374,-1.3193
0.0078428,-0.0041051,-0.023339,-0.020749,0.58524,0.019437,-1.575,-1.4385,-0.41701,-0.10835,1.6361,0.52572,0.18716,0.055748,-0.078139,-0.28356,0.082799,0.8398,-2.8749,-0.19794,-0.19146,-0.082801,-0.22908,-1.8023
0.0032895,-0.0040355,-0.024789,-0.02607,0.26946,-0.065456,-1.8531,-1.8841,-0.39338,-0.10844,1.5825,0.7211,0.12652,0.012926,-0.06822,-0.19029,0.097503,0.72665,-3.3473,-0.14486,-0.20215,-0.09012,-0.1921,-2.0756
-0.0030508,-0.0074765,-0.027935,-0.024419,0.0039417,-0.19398,-2.1311,-2.2752,-0.33847,-0.085798,1.5038,0.79607,0.079731,-0.033943,-0.055842,-0.083836,0.094119,0.6589,-3.5604,-0.098116,-0.24432,-0.099041,-0.17001,-2.0072
-0.0076667,-0.013936,-0.029484,-0.014631,-0.24015,-0.36786,-2.3449,-2.5534,-0.26134,-0.048821,1.4011,0.718,0.085943,-0.074493,-0.047573,0.020649,0.077391,0.59125,-3.4762,-0.068536,-0.30506,-0.10832,-0.18683,-1.5648
-0.0089005,-0.020233,-0.0265,-0.00095012,-0.48505,-0.55608,-2.4184,-2.6883,-0.17987,-0.0095309,1.2833,0.49686,0.15233,-0.10083,-0.05045,0.093331,0.057996,0.47564,-3.1572,-0.057922,-0.3639,-0.11267,-0.25928,-0.85996
-0.0082904,-0.022762,-0.018535,0.010458,-0.72643,-0.71283,-2.3116,-2.6891,-0.11386,0.021755,1.1589,0.16667,0.25527,-0.11119,-0.064652,0.11286,0.04506,0.29646,-2.7506,-0.060796,-0.40672,-0.10564,-0.38171,-0.12077
-0.0089546,-0.020271,-0.0082538,0.015917,-0.92889,-0.80353,-2.0471,-2.5894,-0.075858,0.040675,1.031,-0.23158,0.36666,-0.11054,-0.081478,0.078677,0.04017,0.082558,-2.4216,-0.071268,-0.4311,-0.084204,-0.52274,0.40129
-0.012394,-0.014829,7.1743e-005,0.016128,-1.0455,-0.82155,-1.6951,-2.4211,-0.065737,0.049587,0.90021,-0.65911,0.47698,-0.10734,-0.088687,0.004125,0.038085,-0.1071,-2.2735,-0.088214,-0.44034,-0.051049,-0.63661,0.54279
-0.016755,-0.01016,0.0032137,0.014525,-1.0506,-0.78601,-1.3281,-2.2009,-0.07322,0.054341,0.76965,-1.082,0.59418,-0.10818,-0.078953,-0.098401,0.032919,-0.21335,-2.3036,-0.11416,-0.43578,-0.012903,-0.68114,0.29964
-0.018418,-0.0087586,0.00088154,0.013977,-0.96169,-0.72523,-0.9828,-1.9385,-0.086777,0.058957,0.64706,-1.4724,0.72398,-0.11385,-0.054733,-0.22467,0.023516,-0.20625,-2.4223,-0.14963,-0.41757,0.023132,-0.63081,-0.18218
-0.015612,-0.010183,-0.004435,0.014671,-0.83316,-0.65964,-0.65734,-1.6541,-0.10199,0.061729,0.53992,-1.8117,0.85463,-0.11948,-0.025989,-0.3745,0.013102,-0.10029,-2.5216,-0.18908,-0.3935,0.051954,-0.48118,-0.69365
-0.010583,-0.011843,-0.0094307,0.014571,-0.72496,-0.59576,-0.34022,-1.3869,-0.12238,0.055712,0.44888,-2.0948,0.96193,-0.11855,-0.0028647,-0.54598,0.0044144,0.051307,-2.5424,-0.22278,-0.38421,0.070265,-0.24959,-1.0808
-0.0080144,-0.011436,-0.012243,0.011612,-0.66905,-0.53239,-0.040581,-1.1839,-0.1515,0.033911,0.36553,-2.3288,1.029,-0.10763,0.01092,-0.73757,-0.0039268,0.18079,-2.4971,-0.24331,-0.4147,0.07556,0.023063,-1.3261
-0.010898,-0.0088607,-0.013393,0.0056602,-0.65651,-0.47061,0.20953,-1.074,-0.18267,-0.0038933,0.27688,-2.5219,1.0606,-0.088577,0.01914,-0.95602,-0.015598,0.23772,-2.4353,-0.2507,-0.49492,0.066806,0.2737,-1.5439
-0.017675,-0.0060845,-0.014815,-0.0011283,-0.65243,-0.41803,0.38253,-1.0492,-0.19579,-0.047782,0.17307,-2.6688,1.0789,-0.067121,0.028313,-1.2189,-0.03109,0.21246,-2.3865,-0.2511,-0.60465,0.047028,0.43186,-1.8925
-0.023437,-0.0052939,-0.017791,-0.0055316,-0.6252,-0.38463,0.48507,-1.0655,-0.16638,-0.081395,0.052147,-2.7426,1.1036,-0.049535,0.041362,-1.5435,-0.044472,0.13893,-2.3256,-0.24988,-0.69698,0.025099,0.45117,-2.4589
-0.024173,-0.0070619,-0.021335,-0.0050835,-0.56883,-0.37533,0.56021,-1.068,-0.083148,-0.09167,-0.081485,-2.7031,1.1354,-0.040091,0.054983,-1.928,-0.046425,0.074047,-2.1879,-0.24519,-0.72145,0.01359,0.34224,-3.1918
-0.02011,-0.010035,-0.022295,0.00059755,-0.50439,-0.38636,0.65685,-1.0212,0.037561,-0.078522,-0.22301,-2.519,1.1537,-0.040374,0.062897,-2.338,-0.031488,0.064419,-1.9205,-0.22825,-0.653,0.022468,0.18081,-3.9241
-0.015094,-0.012179,-0.017201,0.0096166,-0.46306,-0.40785,0.79136,-0.92725,0.15172,-0.057093,-0.37194,-2.189,1.1287,-0.049692,0.062236,-2.711,-0.0031837,0.11839,-1.5282,-0.19139,-0.50863,0.052379,0.075166,-4.4631
-0.012722,-0.012344,-0.0046892,0.018798,-0.46503,-0.42964,0.93458,-0.81783,0.20576,-0.049572,-0.5311,-1.7495,1.0371,-0.065191,0.0577,-2.9778,0.027629,0.19961,-1.0806,-0.13746,-0.34211,0.0927,0.10666,-4.6858
-0.013066,-0.010892,0.013145,0.025326,-0.50964,-0.44552,1.0357,-0.72825,0.1645,-0.071267,-0.70023,-1.2644,0.87084,-0.081378,0.059891,-3.0897,0.049909,0.24678,-0.67551,-0.082107,-0.22043,0.12684,0.28202,-4.5766
-0.013087,-0.0091372,0.031394,0.028058,-0.58175,-0.45411,1.0631,-0.67353,0.032902,-0.12052,-0.86908,-0.80734,0.63624,-0.090204,0.079074,-3.0361,0.059128,0.20889,-0.38568,-0.045426,-0.19428,0.1421,0.53223,-4.1964
-0.01019,-0.0083656,0.044672,0.027693,-0.66709,-0.45828,1.0292,-0.64394,-0.14292,-0.17987,-1.0169,-0.44496,0.34847,-0.083094,0.11923,-2.8436,0.058354,0.075232,-0.22374,-0.038072,-0.27597,0.13758,0.75985,-3.6192
-0.0053073,-0.0092142,0.049756,0.025752,-0.76304,-0.46537,0.97894,-0.6211,-0.29775,-0.22746,-1.1212,-0.22302,0.026187,-0.055193,0.17663,-2.5556,0.053685,-0.11799,-0.14585,-0.052754,-0.43339,0.12455,0.89913,-2.8889
-0.0024403,-0.011572,0.047052,0.02337,-0.87596,-0.48761,0.95483,-0.59826,-0.38047,-0.24992,-1.1715,-0.15292,-0.3115,-0.010079,0.24311,-2.2045,0.048667,-0.30881,-0.087772,-0.068835,-0.6026,0.11862,0.94425,-2.0247
-0.0050352,-0.014652,0.040137,0.020951,-1.0076,-0.53972,0.96499,-0.58604,-0.37821,-0.24738,-1.1802,-0.20045,-0.6446,0.038132,0.31034,-1.7932,0.042465,-0.4443,-0.008236,-0.067718,-0.71515,0.12903,0.92803,-1.0631
-0.012571,-0.017092,0.033723,0.018824,-1.1427,-0.63225,0.97894,-0.59954,-0.31735,-0.22821,-1.1809,-0.28752,-0.94792,0.068154,0.37157,-1.3021,0.032485,-0.50645,0.087121,-0.047525,-0.7293,0.15253,0.87465,-0.095022
-0.020489,-0.017356,0.03122,0.017785,-1.2503,-0.76305,0.9495,-0.64002,-0.24211,-0.19974,-1.2112,-0.3172,-1.1854,0.060596,0.42094,-0.7209,0.017981,-0.5137,0.15394,-0.025257,-0.64971,0.17612,0.7698,0.73563
-0.023523,-0.014677,0.033164,0.0185,-1.2988,-0.91277,0.84211,-0.68948,-0.18672,-0.1637,-1.2899,-0.21768,-1.3112,0.0088916,0.45277,-0.082743,0.00080083,-0.50063,0.14209,-0.024112,-0.52262,0.18642,0.57344,1.2797
-0.019559,-0.0099997,0.037289,0.020115,-1.2763,-1.0488,0.65164,-0.72305,-0.15972,-0.11949,-1.4013,0.017917,-1.2842,-0.074693,0.46325,0.52847,-0.017121,-0.49359,0.031715,-0.055489,-0.40616,0.17893,0.26166,1.4508
-0.010939,-0.0058736,0.04013,0.019794,-1.1982,-1.1369,0.40087,-0.72677,-0.14865,-0.07065,-1.4991,0.32345,-1.0924,-0.16346,0.45296,1.0107,-0.03616,-0.4999,-0.14975,-0.10948,-0.33268,0.16075,-0.14124,1.2701
-0.0024741,-0.0048587,0.039275,0.014458,-1.0969,-1.1542,0.12813,-0.70312,-0.13753,-0.026885,-1.5303,0.59422,-0.76885,-0.23026,0.42713,1.2962,-0.057767,-0.51475,-0.3381,-0.16079,-0.28889,0.14545,-0.56947,0.85925
0.0019383,-0.0074054,0.03497,0.0037871,-1.0004,-1.0972,-0.12558,-0.66011,-0.12154,0.001037,-1.4651,0.74517,-0.37926,-0.263,0.39173,1.3828,-0.079898,-0.53429,-0.46119,-0.18493,-0.23062,0.14441,-0.95568,0.38134
0.0015038,-0.011103,0.03007,-0.0082589,-0.91647,-0.97976,-0.32585,-0.59665,-0.10809,0.0091388,-1.3124,0.75591,0.015908,-0.27089,0.34799,1.3182,-0.093648,-0.55997,-0.46663,-0.17218,-0.12356,0.16054,-1.2702,-0.030472
-0.0016798,-0.012343,0.028223,-0.015453,-0.83256,-0.82565,-0.45215,-0.50093,-0.10638,0.0035217,-1.1125,0.67291,0.39505,-0.2769,0.28973,1.1549,-0.085856,-0.58967,-0.33326,-0.13002,0.020605,0.18796,-1.528,-0.314
-0.0045031,-0.0093095,0.031336,-0.013865,-0.73073,-0.65848,-0.50349,-0.36402,-0.11661,-0.0039569,-0.90972,0.56931,0.77208,-0.30176,0.20651,0.92326,-0.047674,-0.60598,-0.066097,-0.07477,0.14398,0.21642,-1.76,-0.46806
-0.0047847,-0.0037434,0.038004,-0.0053515,-0.60271,-0.49617,-0.49914,-0.19334,-0.1288,-0.0038014,-0.72719,0.49248,1.1535,-0.35161,0.090829,0.65683,0.016776,-0.57643,0.31383,-0.020677,0.18237,0.23678,-1.9751,-0.51156
-0.0021379,0.00032668,0.044122,0.003227,-0.45234,-0.35112,-0.47027,-0.0085002,-0.13134,0.0059899,-0.55938,0.43706,1.4943,-0.41781,-0.055125,0.44196,0.089074,-0.47086,0.77326,0.025258,0.1163,0.24446,-2.1436,-0.45255
0.0023437,4.0872e-005,0.045416,0.0048193,-0.28429,-0.2347,-0.44491,0.18001,-0.12093,0.021156,-0.38775,0.36117,1.6997,-0.48738,-0.21672,0.42804,0.14494,-0.28533,1.2634,0.061439,-0.0084405,0.24016,-2.2134,-0.29297
0.0070314,-0.0036382,0.040151,-0.0026983,-0.091245,-0.16236,-0.43507,0.38871,-0.10522,0.036118,-0.20414,0.23081,1.6824,-0.5534,-0.36928,0.75262,0.16708,-0.05361,1.7189,0.087316,-0.11004,0.22845,-2.1451,-0.057047
0.01071,-0.0066027,0.030076,-0.015178,0.1466,-0.15404,-0.43512,0.65333,-0.096324,0.047336,-0.022525,0.058076,1.43,-0.61615,-0.48437,1.4177,0.15327,0.16477,2.0703,0.10157,-0.12871,0.21525,-1.9384,0.19238
0.0131,-0.0052282,0.018969,-0.025619,0.44584,-0.22667,-0.43208,0.99471,-0.10156,0.052651,0.13024,-0.09528,1.0224,-0.67514,-0.53871,2.2204,0.11397,0.31334,2.2674,0.10366,-0.06786,0.20491,-1.6351,0.37462
0.01475,0.00021574,0.010009,-0.029474,0.79896,-0.37986,-0.41901,1.3841,-0.11891,0.049213,0.23593,-0.15092,0.57947,-0.72136,-0.52332,2.8247,0.062277,0.36516,2.3025,0.095797,0.014239,0.1979,-1.2996,0.43725
0.016358,0.0055474,0.0040268,-0.027611,1.1657,-0.58214,-0.40045,1.7393,-0.13986,0.03411,0.30033,-0.060029,0.18332,-0.73883,-0.44944,2.9544,0.0048745,0.33021,2.2156,0.082389,0.053712,0.19072,-0.99107,0.39012
0.017976,0.0062523,-0.00017523,-0.024834,1.4865,-0.7688,-0.38656,1.9619,-0.15617,0.0083285,0.34963,0.1678,-0.15717,-0.71482,-0.34603,2.5788,-0.059028,0.24259,2.0755,0.067387,0.029882,0.17847,-0.74236,0.29729
0.018707,0.0015418,-0.0040205,-0.025511,1.7128,-0.85845,-0.38236,1.9923,-0.16469,-0.020228,0.41152,0.46863,-0.47196,-0.64915,-0.24741,1.9472,-0.13111,0.1408,1.944,0.052172,-0.025521,0.15882,-0.55487,0.23206
0.017287,-0.0047968,-0.0076278,-0.030005,1.8344,-0.78526,-0.38256,1.8443,-0.16759,-0.039448,0.49636,0.75441,-0.76597,-0.55324,-0.17639,1.4349,-0.20687,0.055768,1.8466,0.036066,-0.062331,0.13428,-0.40826,0.23004
0.013203,-0.0076135,-0.0098612,-0.034659,1.886,-0.53157,-0.37653,1.5961,-0.16913,-0.041147,0.59297,0.94875,-0.99215,-0.44027,-0.13375,1.3077,-0.2751,0.0092582,1.7645,0.018694,-0.056422,0.11074,-0.27923,0.27437
0.0074322,-0.0048284,-0.009748,-0.035095,1.9266,-0.14133,-0.3584,1.3432,-0.17252,-0.02825,0.68022,1.0101,-1.0885,-0.3172,-0.10243,1.5758,-0.32455,0.013847,1.6549,0.001629,-0.026112,0.093346,-0.1588,0.31948
0.0020787,0.00089043,-0.0078162,-0.029935,2.0048,0.29724,-0.33308,1.1485,-0.17887,-0.013992,0.74383,0.93681,-1.0409,-0.18773,-0.063965,2.0312,-0.35203,0.06566,1.4824,-0.012404,-0.0095338,0.08301,-0.057611,0.32964
-0.00095582,0.0046499,-0.0060291,-0.021896,2.1317,0.69324,-0.31293,1.0178,-0.18811,-0.012474,0.78505,0.7599,-0.90583,-0.063372,-0.014501,2.4179,-0.36498,0.13333,1.2415,-0.021906,-0.026658,0.076622,0.0041738,0.3019
-0.0012474,0.0036565,-0.0063184,-0.015495,2.2782,0.99708,-0.30869,0.91401,-0.20031,-0.027873,0.81647,0.53039,-0.76882,0.030817,0.032686,2.5911,-0.37685,0.15753,0.95401,-0.028204,-0.060707,0.070463,0.015378,0.26041
-2.8102e-005,-0.00062559,-0.0090285,-0.013464,2.3962,1.2216,-0.3229,0.79121,-0.21634,-0.051537,0.85036,0.30515,-0.67572,0.066311,0.059753,2.5521,-0.39932,0.072233,0.64776,-0.03468,-0.073489,0.063649,-0.013584,0.23337
0.00088863,-0.0042918,-0.012699,-0.014911,2.4466,1.4278,-0.35142,0.62467,-0.2371,-0.069636,0.88922,0.13143,-0.60051,0.032071,0.060302,2.367,-0.43715,-0.15853,0.33482,-0.044328,-0.038387,0.058505,-0.054691,0.23376
0.00054748,-0.004831,-0.015426,-0.016609,2.4155,1.6855,-0.39044,0.41946,-0.26172,-0.07463,0.92465,0.033087,-0.47689,-0.051468,0.044304,2.066,-0.48811,-0.51181,0.0091877,-0.057713,0.038851,0.057809,-0.080596,0.25651
-0.00050254,-0.0032467,-0.016582,-0.015977,2.3094,2.0306,-0.44132,0.20019,-0.28578,-0.070177,0.94349,0.0047509,-0.26143,-0.14027,0.028121,1.6182,-0.54593,-0.90875,-0.33389,-0.072824,0.12759,0.061731,-0.082804,0.28858
-0.00080782,-0.0025912,-0.017323,-0.012947,2.1412,2.4459,-0.50791,-0.0050955,-0.30128,-0.065009,0.93567,0.018712,0.027837,-0.19318,0.02012,0.98604,-0.60326,-1.2535,-0.67388,-0.086552,0.19813,0.067311,-0.075052,0.31974
0.00071388,-0.0045997,-0.019342,-0.0092323,1.9205,2.8705,-0.58857,-0.175,-0.29984,-0.061416,0.89868,0.041128,0.32426,-0.19683,0.016407,0.19098,-0.65336,-1.4853,-0.95909,-0.096317,0.24188,0.070677,-0.079554,0.34573
0.0038446,-0.0078618,-0.022963,-0.0061296,1.657,3.2284,-0.67123,-0.2977,-0.27793,-0.049286,0.83668,0.046942,0.55524,-0.16906,0.010758,-0.67666,-0.69161,-1.6105,-1.1289,-0.10082,0.2702,0.069697,-0.10823,0.3648
0.0071138,-0.0092767,-0.026363,-0.0032951,1.3679,3.4563,-0.73777,-0.37175,-0.24039,-0.011986,0.75549,0.023885,0.67326,-0.13948,0.0079958,-1.5101,-0.71749,-1.691,-1.1512,-0.10008,0.29738,0.064738,-0.15483,0.37441
0.0086784,-0.0072173,-0.026757,0.00038382,1.0795,3.5165,-0.77553,-0.40826,-0.19839,0.060004,0.65715,-0.034375,0.65584,-0.125,0.025679,-2.2467,-0.7356,-1.7995,-1.0504,-0.095357,0.3258,0.057538,-0.20356,0.37204
0.0074006,-0.0032106,-0.022644,0.0050756,0.81577,3.3974,-0.78684,-0.43071,-0.16192,0.15886,0.53746,-0.13611,0.49011,-0.12128,0.079938,-2.8856,-0.75334,-1.97,-0.90502,-0.089228,0.34635,0.05007,-0.24552,0.35843
0.0035206,-0.0005408,-0.01518,0.0095772,0.58393,3.1075,-0.7879,-0.46765,-0.13217,0.26123,0.38848,-0.29016,0.1692,-0.11496,0.1674,-3.4559,-0.77556,-2.179,-0.81859,-0.084835,0.35108,0.044756,-0.28757,0.33828
-0.0013569,-0.0012448,-0.0074206,0.012709,0.36925,2.673,-0.79712,-0.53978,-0.10076,0.34107,0.2055,-0.49465,-0.29145,-0.10245,0.26065,-3.9743,-0.79931,-2.3637,-0.88047,-0.084045,0.34399,0.045157,-0.34631,0.31698
-0.0049425,-0.0044251,-0.0020408,0.014832,0.14468,2.1361,-0.82183,-0.65085,-0.057574,0.3839,-0.0053427,-0.72558,-0.83503,-0.095753,0.32381,-4.4253,-0.81342,-2.4623,-1.1382,-0.085393,0.33936,0.055075,-0.43309,0.29588
-0.0053646,-0.0073394,0.00050858,0.017482,-0.11053,1.5485,-0.85302,-0.79132,-0.0016462,0.39223,-0.22341,-0.93712,-1.3645,-0.10991,0.3367,-4.7671,-0.80435,-2.4461,-1.5887,-0.083961,0.34973,0.075543,-0.54378,0.27088
-0.0022298,-0.0079918,0.0017916,0.021231,-0.39467,0.95943,-0.87104,-0.95223,0.054343,0.37922,-0.41733,-1.0769,-1.7712,-0.14456,0.30818,-4.9392,-0.76526,-2.3241,-2.1815,-0.074371,0.37484,0.10203,-0.6615,0.23564
0.002952,-0.0066954,0.003354,0.024112,-0.6785,0.40482,-0.85625,-1.1356,0.090523,0.35677,-0.55596,-1.1091,-1.9755,-0.178,0.26788,-4.8638,-0.70195,-2.1268,-2.8258,-0.055286,0.40107,0.12518,-0.76855,0.18671
0.0073868,-0.0053406,0.004787,0.022728,-0.9131,-0.094577,-0.79676,-1.3492,0.092934,0.32759,-0.62224,-1.0327,-1.9594,-0.18048,0.24385,-4.4556,-0.63145,-1.886,-3.3996,-0.031534,0.41112,0.13589,-0.85584,0.12633
0.0084804,-0.0054005,0.0038127,0.015514,-1.0481,-0.52575,-0.68983,-1.5875,0.063286,0.28727,-0.6232,-0.88637,-1.7729,-0.1356,0.24476,-3.6645,-0.57336,-1.6288,-3.7688,-0.010901,0.39531,0.13146,-0.92156,0.061011
0.0053654,-0.0067031,-0.0014661,0.0051,-1.0546,-0.87524,-0.53974,-1.8183,0.01819,0.2338,-0.58994,-0.73584,-1.5128,-0.052092,0.25988,-2.5428,-0.53947,-1.3828,-3.8214,0.0029104,0.35613,0.11785,-0.96206,-0.0023393
-0.00053213,-0.0079502,-0.010064,-0.0027821,-0.94151,-1.1297,-0.35662,-1.9908,-0.020815,0.17646,-0.56606,-0.64668,-1.2813,0.042829,0.27402,-1.2868,-0.52812,-1.181,-3.5105,0.015323,0.30438,0.10577,-0.96597,-0.059426
-0.0063336,-0.0081747,-0.01775,-0.0033499,-0.75459,-1.285,-0.15666,-2.0658,-0.038532,0.13608,-0.58876,-0.65154,-1.144,0.121,0.28231,-0.20011,-0.52672,-1.0537,-2.8847,0.038291,0.25174,0.10309,-0.92004,-0.10915
-0.0094521,-0.0076136,-0.019557,0.0035823,-0.55301,-1.3545,0.038896,-2.0441,-0.031243,0.13515,-0.67211,-0.72812,-1.1076,0.16705,0.2916,0.42862,-0.52038,-1.0115,-2.0842,0.08035,0.20574,0.10925,-0.8239,-0.15262
-0.0090744,-0.0073,-0.013419,0.013483,-0.37731,-1.3645,0.20907,-1.971,-0.0044276,0.18372,-0.80172,-0.8052,-1.1299,0.17972,0.30884,0.47118,-0.50072,-1.0363,-1.2927,0.13686,0.16952,0.11579,-0.70101,-0.19261
-0.0063898,-0.0079668,-0.002026,0.020554,-0.23289,-1.3395,0.34127,-1.9085,0.032733,0.27067,-0.94343,-0.8014,-1.1544,0.16501,0.32868,0.035388,-0.46893,-1.0908,-0.66393,0.18962,0.14436,0.11235,-0.59383,-0.23407
-0.0034896,-0.0093249,0.008774,0.021762,-0.10418,-1.2895,0.43753,-1.898,0.071328,0.36649,-1.0602,-0.67734,-1.1452,0.13106,0.33273,-0.58697,-0.43183,-1.1418,-0.26218,0.21818,0.13151,0.093693,-0.54281,-0.28459
-0.0018295,-0.010245,0.013984,0.018265,0.012551,-1.2103,0.51428,-1.939,0.10394,0.43643,-1.1268,-0.46536,-1.0984,0.089296,0.30194,-1.073,-0.39459,-1.1758,-0.051199,0.21488,0.13172,0.062778,-0.56196,-0.35283
-0.00141,-0.0095696,0.012858,0.013574,0.090611,-1.0995,0.59481,-1.9986,0.12495,0.45604,-1.1339,-0.25034,-1.0268,0.056617,0.23164,-1.2266,-0.35635,-1.1933,0.060039,0.19101,0.14358,0.02837,-0.62869,-0.44483
-0.0011642,-0.0069551,0.0091004,0.010528,0.092288,-0.97178,0.69788,-2.0402,0.13146,0.42006,-1.0853,-0.11094,-0.93748,0.051064,0.1369,-1.046,-0.31212,-1.1864,0.14484,0.16811,0.16278,-0.0006447,-0.69646,-0.5595
-5.1315e-005,-0.0032479,0.007757,0.0096409,0.013864,-0.85939,0.82819,-2.0452,0.12425,0.34096,-0.99132,-0.06423,-0.82386,0.08091,0.044308,-0.67054,-0.25934,-1.1216,0.2084,0.16096,0.18335,-0.020087,-0.72285,-0.68623
0.0021166,-0.00018698,0.011202,0.0096147,-0.0864,-0.79447,0.97353,-2.0156,0.10687,0.23974,-0.86721,-0.057954,-0.6788,0.13654,-0.022925,-0.26218,-0.20312,-0.94953,0.19282,0.16652,0.19989,-0.03162,-0.69436,-0.80664
0.0046625,0.00053996,0.017277,0.0088419,-0.11217,-0.78661,1.11,-1.9616,0.083106,0.13582,-0.73261,-0.017298,-0.51073,0.19464,-0.05537,0.090352,-0.15563,-0.63906,0.030417,0.16787,0.2091,-0.040098,-0.63128,-0.90042
0.0065958,-0.0015383,0.02094,0.0063618,0.0041339,-0.81437,1.2124,-1.8903,0.054886,0.041263,-0.60778,0.092609,-0.34383,0.23376,-0.057884,0.38707,-0.12966,-0.21281,-0.29589,0.14951,0.20959,-0.049513,-0.57009,-0.95289
0.0071209,-0.005104,0.018166,0.0018842,0.24219,-0.83823,1.2645,-1.8054,0.022797,-0.039768,-0.50525,0.24061,-0.20031,0.24892,-0.042993,0.66541,-0.13148,0.24294,-0.72846,0.10992,0.20086,-0.060449,-0.53671,-0.96048
0.0058468,-0.0077778,0.0091539,-0.0044168,0.49285,-0.82584,1.2632,-1.7117,-0.011446,-0.1085,-0.42285,0.35988,-0.083403,0.25257,-0.024026,0.9422,-0.15845,0.60404,-1.1605,0.060764,0.18294,-0.070555,-0.5301,-0.93128
0.0029218,-0.0079359,-0.0015503,-0.011753,0.62067,-0.77169,1.2161,-1.6142,-0.043633,-0.16874,-0.34614,0.40515,0.020019,0.26093,-0.011892,1.2007,-0.20246,0.75683,-1.49,0.014252,0.15771,-0.077226,-0.52705,-0.88024
-0.00073937,-0.0062532,-0.0081909,-0.018537,0.54382,-0.699,1.1348,-1.5118,-0.069111,-0.22473,-0.26113,0.38522,0.11861,0.27787,-0.014096,1.4239,-0.25537,0.64512,-1.666,-0.028644,0.13077,-0.080099,-0.50282,-0.82217
-0.003477,-0.005402,-0.0079223,-0.02291,0.27207,-0.64522,1.0303,-1.393,-0.086998,-0.27933,-0.16786,0.34381,0.19904,0.291,-0.032871,1.6321,-0.31117,0.29613,-1.7042,-0.078159,0.11178,-0.081352,-0.45095,-0.76615
-0.0036419,-0.0077068,-0.0028527,-0.02401,-0.12067,-0.642,0.91196,-1.2433,-0.10249,-0.33243,-0.083533,0.31061,0.23277,0.28326,-0.062451,1.8794,-0.3636,-0.18297,-1.6704,-0.14402,0.1114,-0.083808,-0.38697,-0.71347
-0.0008899,-0.012561,0.0015719,-0.022977,-0.55987,-0.70074,0.78887,-1.0604,-0.12422,-0.38046,-0.03192,0.27135,0.20523,0.24918,-0.089348,2.2067,-0.40273,-0.63673,-1.6424,-0.22295,0.13519,-0.088808,-0.33457,-0.65778
0.0030776,-0.016134,0.00065166,-0.022514,-1.015,-0.80779,0.67066,-0.86098,-0.158,-0.41756,-0.028173,0.18701,0.14192,0.20097,-0.09893,2.5897,-0.4157,-0.91369,-1.6685,-0.29648,0.1771,-0.095837,-0.30622,-0.58551
0.0053641,-0.0142,-0.0061561,-0.024955,-1.4919,-0.92868,0.56503,-0.67084,-0.20168,-0.4381,-0.07118,0.0455,0.10488,0.15893,-0.086196,2.9299,-0.39308,-0.92308,-1.736,-0.34059,0.21689,-0.10398,-0.29407,-0.47652
0.0040427,-0.0060361,-0.015136,-0.030248,-1.9854,-1.0185,0.47443,-0.50398,-0.24535,-0.43878,-0.14798,-0.102,0.15644,0.1351,-0.063312,3.1066,-0.33647,-0.67218,-1.768,-0.33862,0.22548,-0.11328,-0.27767,-0.30794
-6.9203e-005,0.0041554,-0.021503,-0.035594,-2.4375,-1.0356,0.39528,-0.34998,-0.27686,-0.41935,-0.24346,-0.15632,0.31566,0.12442,-0.056846,3.056,-0.26107,-0.26266,-1.6569,-0.28798,0.17918,-0.1241,-0.24101,-0.063681
-0.0037159,0.010037,-0.023186,-0.037293,-2.7396,-0.95426,0.32121,-0.18334,-0.28845,-0.3819,-0.34546,-0.029759,0.54163,0.11063,-0.09439,2.821,-0.18998,0.15654,-1.3238,-0.19759,0.077249,-0.13505,-0.18449,0.25265
-0.0035869,0.0081597,-0.022121,-0.033558,-2.7824,-0.77237,0.24832,0.011601,-0.27988,-0.33036,-0.44248,0.29427,0.75756,0.080741,-0.18838,2.5357,-0.14359,0.4562,-0.77053,-0.08163,-0.048615,-0.14184,-0.12281,0.60926
0.0011086,0.00090442,-0.022194,-0.026118,-2.5172,-0.51033,0.17877,0.22158,-0.25683,-0.2707,-0.51995,0.7446,0.89813,0.034937,-0.32768,2.3492,-0.13102,0.57563,-0.08771,0.044433,-0.14385,-0.1391,-0.071592,0.95073
0.0080033,-0.00545,-0.025838,-0.019309,-1.9901,-0.20553,0.12045,0.40868,-0.22671,-0.21103,-0.56184,1.1985,0.94455,-0.016415,-0.48248,2.3408,-0.14843,0.52803,0.59012,0.16396,-0.16035,-0.12428,-0.034687,1.2169
0.013326,-0.0059869,-0.032246,-0.017148,-1.3256,0.09369,0.083678,0.53533,-0.19537,-0.16014,-0.55695,1.5432,0.9228,-0.064636,-0.61885,2.4785,-0.184,0.36781,1.1513,0.25951,-0.089738,-0.10032,-0.0019125,1.3675
0.014492,-0.0011012,-0.038418,-0.02047,-0.67449,0.33312,0.077152,0.58963,-0.16623,-0.1244,-0.5031,1.7236,0.87098,-0.11172,-0.71347,2.6457,-0.22464,0.14997,1.549,0.3168,0.024024,-0.074592,0.042169,1.3983
0.011447,0.0043739,-0.041646,-0.026166,-0.15718,0.46119,0.10469,0.59047,-0.14104,-0.10512,-0.40444,1.7533,0.80579,-0.16753,-0.75981,2.7128,-0.26018,-0.089928,1.7931,0.3309,0.10783,-0.054711,0.10662,1.3386
0.0059944,0.0058893,-0.041016,-0.029111,0.17022,0.44507,0.16266,0.56885,-0.12085,-0.098534,-0.26589,1.6903,0.71669,-0.23724,-0.76464,2.6059,-0.28408,-0.33009,1.909,0.30904,0.10775,-0.044544,0.18837,1.2334
0.00010439,0.0032032,-0.036947,-0.025446,0.31853,0.28979,0.23774,0.54136,-0.10621,-0.09861,-0.092484,1.6006,0.59045,-0.31011,-0.73988,2.3326,-0.29302,-0.5487,1.9066,0.26641,0.029189,-0.043324,0.27476,1.1227
-0.0052117,-2.8883e-005,-0.029978,-0.014983,0.34599,0.046588,0.30643,0.49696,-0.097128,-0.10025,0.10429,1.5268,0.441,-0.36,-0.69705,1.9575,-0.28707,-0.72168,1.7851,0.21729,-0.063256,-0.047856,0.34989,1.0304
-0.0097283,-0.00041172,-0.020628,-0.0012072,0.33065,-0.2016,0.33893,0.4071,-0.092993,-0.10014,0.30095,1.4771,0.31486,-0.35837,-0.6468,1.5538,-0.27013,-0.83432,1.5639,0.16821,-0.090297,-0.055286,0.39943,0.96544
-0.013144,0.0016263,-0.010505,0.010914,0.34429,-0.37535,0.30862,0.25118,-0.092964,-0.095237,0.46722,1.4324,0.26349,-0.29042,-0.6009,1.1664,-0.24872,-0.89265,1.3026,0.11857,-0.016275,-0.064109,0.41201,0.92803
-0.014651,0.0024677,-0.0029672,0.017649,0.43238,-0.43547,0.20373,0.038657,-0.096463,-0.081863,0.58208,1.3684,0.30329,-0.16287,-0.57166,0.80452,-0.22851,-0.92114,1.0859,0.067472,0.12194,-0.0734,0.38021,0.91061
-0.013451,-0.00061975,-0.0016358,0.01803,0.60376,-0.39828,0.034138,-0.18781,-0.10372,-0.057686,0.6481,1.2756,0.39571,0.00083032,-0.56719,0.45775,-0.21066,-0.94827,0.98288,0.020389,0.23756,-0.082019,0.30342,0.89241
-0.0097119,-0.0062717,-0.0073641,0.013586,0.83326,-0.32026,-0.17276,-0.37057,-0.11601,-0.025624,0.68966,1.1683,0.46428,0.17263,-0.58581,0.11379,-0.19103,-0.994,1.013,-0.010859,0.25123,-0.08902,0.19115,0.83511
-0.0049856,-0.010097,-0.016429,0.0069923,1.0768,-0.26407,-0.38607,-0.46523,-0.1351,0.0047003,0.7338,1.0737,0.4371,0.33007,-0.61464,-0.23586,-0.16314,-1.0691,1.1444,-0.015294,0.14054,-0.094604,0.062667,0.68836
-0.0015108,-0.0090346,-0.022303,0.00076824,1.2917,-0.26775,-0.58643,-0.46213,-0.16161,0.021111,0.78852,1.0107,0.28619,0.45934,-0.63478,-0.60151,-0.12278,-1.1817,1.3216,0.0086222,-0.053444,-0.10006,-0.059632,0.40615
-0.00077102,-0.004556,-0.020318,-0.0033861,1.4519,-0.33233,-0.77079,-0.38857,-0.19306,0.016757,0.83755,0.97487,0.041229,0.55308,-0.63036,-0.99963,-0.070593,-1.3388,1.4973,0.050273,-0.26414,-0.10622,-0.16013,-0.033985
-0.0023755,-0.0013833,-0.011557,-0.0047593,1.5508,-0.42703,-0.94288,-0.29124,-0.22318,-0.0044906,0.85651,0.94176,-0.22477,0.60797,-0.59561,-1.4459,-0.010732,-1.5348,1.6465,0.092742,-0.44999,-0.11188,-0.23656,-0.61933
-0.0042428,-0.0028988,-0.0024266,-0.0035991,1.5931,-0.50221,-1.0973,-0.20988,-0.24415,-0.030265,0.83674,0.88803,-0.42516,0.62449,-0.53599,-1.9387,0.052867,-1.739,1.7611,0.12308,-0.61818,-0.11392,-0.2985,-1.3024
-0.00416,-0.0078135,0.00023299,-0.00087339,1.5828,-0.50293,-1.2123,-0.15799,-0.25073,-0.048544,0.7955,0.81211,-0.4906,0.60712,-0.46357,-2.4433,0.11915,-1.8984,1.8369,0.13938,-0.80444,-0.10937,-0.35906,-2.0109
-0.0016653,-0.01142,-0.0052319,0.002341,1.5171,-0.38438,-1.2605,-0.12175,-0.24382,-0.056243,0.76331,0.737,-0.39386,0.56262,-0.39043,-2.8902,0.18924,-1.9597,1.8683,0.1497,-1.0269,-0.097754,-0.42607,-2.6604
0.0012656,-0.010172,-0.013514,0.005632,1.3878,-0.13058,-1.2319,-0.075961,-0.23005,-0.060609,0.7589,0.69179,-0.16324,0.49716,-0.3241,-3.1906,0.26303,-1.9002,1.8506,0.16424,-1.2524,-0.081711,-0.49828,-3.1684
0.0015395,-0.005044,-0.016002,0.009524,1.1896,0.23005,-1.1506,-0.0046757,-0.21733,-0.072491,0.7731,0.6872,0.12362,0.41576,-0.26635,-3.2663,0.33609,-1.7402,1.7847,0.18715,-1.4051,-0.065563,-0.56772,-3.4662
-0.0024753,-0.00043526,-0.0071143,0.014776,0.93077,0.62587,-1.0667,0.08854,-0.20941,-0.097254,0.77504,0.7057,0.37119,0.3256,-0.21434,-3.0825,0.39982,-1.5263,1.6776,0.21389,-1.4144,-0.053205,-0.62449,-3.5105
-0.0090962,0.00013522,0.011505,0.021142,0.63642,0.96722,-1.0259,0.18702,-0.20386,-0.13069,0.73528,0.71465,0.5137,0.23983,-0.16265,-2.6679,0.44498,-1.2972,1.5426,0.23542,-1.2676,-0.046841,-0.66019,-3.2925
-0.013955,-0.0028133,0.03198,0.026777,0.34284,1.1859,-1.0364,0.27717,-0.19525,-0.16254,0.6474,0.69071,0.55145,0.17605,-0.10536,-2.115,0.46652,-1.0566,1.4003,0.24501,-1.0259,-0.046857,-0.66901,-2.8406
-0.013052,-0.0056938,0.045444,0.029151,0.081801,1.2644,-1.0591,0.35977,-0.18097,-0.18382,0.53256,0.63511,0.54716,0.14778,-0.038552,-1.555,0.46635,-0.77788,1.2802,0.24238,-0.78817,-0.052134,-0.64854,-2.2174
-0.0060898,-0.0056804,0.047578,0.026953,-0.13549,1.2359,-1.0324,0.4468,-0.16466,-0.19157,0.4259,0.56808,0.57882,0.15439,0.037334,-1.1168,0.45228,-0.43428,1.2162,0.23246,-0.62707,-0.060284,-0.60137,-1.5093
0.0026753,-0.0033802,0.040679,0.021414,-0.32309,1.1546,-0.91534,0.54712,-0.15394,-0.18795,0.35701,0.50918,0.68057,0.17873,0.11656,-0.88493,0.43404,-0.031053,1.2329,0.22097,-0.54643,-0.068113,-0.53608,-0.81142
0.0071183,-0.0017877,0.031259,0.01572,-0.50806,1.0608,-0.718,0.65466,-0.15438,-0.17583,0.33788,0.46153,0.81649,0.1964,0.1899,-0.87395,0.41903,0.38841,1.3288,0.21052,-0.49178,-0.0728,-0.46489,-0.20904
0.0037356,-0.0028993,0.025358,0.012847,-0.70814,0.96349,-0.49749,0.75041,-0.16433,-0.15544,0.36281,0.41276,0.90824,0.19117,0.24882,-1.0297,0.41059,0.76799,1.4693,0.20018,-0.40464,-0.073363,-0.39813,0.24158
-0.0054715,-0.0056422,0.024942,0.013516,-0.91551,0.85093,-0.32224,0.81703,-0.17528,-0.12488,0.4152,0.34958,0.8939,0.16505,0.28956,-1.2535,0.40937,1.0754,1.5988,0.1879,-0.27542,-0.071197,-0.3393,0.52569
-0.014122,-0.0071681,0.027562,0.015892,-1.1,0.7136,-0.23039,0.85319,-0.17709,-0.082972,0.4741,0.27126,0.76988,0.13524,0.31423,-1.4374,0.4164,1.3188,1.6664,0.1734,-0.15125,-0.068919,-0.28527,0.66991
-0.015964,-0.0059588,0.028966,0.017109,-1.2301,0.55856,-0.21019,0.87507,-0.16417,-0.031435,0.51821,0.1901,0.58414,0.12056,0.32837,-1.4961,0.43476,1.53,1.6494,0.15917,-0.093997,-0.068266,-0.23221,0.72684
-0.0094649,-0.0033984,0.026433,0.015233,-1.2967,0.40517,-0.21201,0.90398,-0.13807,0.025087,0.5305,0.11984,0.39219,0.12841,0.33702,-1.3874,0.46834,1.7255,1.5599,0.14934,-0.12558,-0.068783,-0.18213,0.75014
0.00099188,-0.0022156,0.020483,0.010187,-1.3213,0.2702,-0.1791,0.9518,-0.10548,0.080154,0.50569,0.063476,0.2185,0.15191,0.34285,-1.1212,0.51799,1.8812,1.4322,0.1472,-0.20805,-0.068528,-0.14363,0.77144
0.008235,-0.0034966,0.014094,0.0032811,-1.3425,0.15788,-0.074563,1.0172,-0.074203,0.12623,0.45747,0.011689,0.056455,0.17787,0.34737,-0.75771,0.57797,1.9413,1.3,0.15292,-0.27465,-0.066203,-0.12542,0.78992
0.0074467,-0.0053899,0.010417,-0.0038174,-1.3936,0.062146,0.10949,1.0949,-0.050126,0.15524,0.41781,-0.047681,-0.099073,0.19747,0.35345,-0.39269,0.63582,1.86,1.1792,0.16262,-0.28488,-0.062831,-0.12815,0.7783
-0.0004728,-0.0048337,0.010852,-0.0097533,-1.4866,-0.024849,0.35814,1.1863,-0.036299,0.1607,0.424,-0.11846,-0.22395,0.21043,0.36578,-0.12926,0.67677,1.6416,1.0648,0.16958,-0.25678,-0.061458,-0.14232,0.70063
-0.0097141,-0.00059477,0.01471,-0.013617,-1.6135,-0.10846,0.64355,1.3002,-0.032728,0.1418,0.49779,-0.19315,-0.27306,0.22053,0.38822,-0.041339,0.69063,1.3471,0.93885,0.16744,-0.25036,-0.065025,-0.15527,0.53228
-0.013798,0.0053399,0.02016,-0.015022,-1.7574,-0.19468,0.93048,1.4398,-0.035854,0.10678,0.62987,-0.26003,-0.21914,0.2282,0.42056,-0.14384,0.67694,1.0586,0.78389,0.1539,-0.31669,-0.074069,-0.16114,0.27317
-0.010015,0.0093386,0.025243,-0.01442,-1.9011,-0.29368,1.1794,1.5883,-0.038462,0.071748,0.78176,-0.31317,-0.08539,0.22795,0.45844,-0.38619,0.6448,0.82703,0.59225,0.13272,-0.45339,-0.085987,-0.16474,-0.050494
-0.00084423,0.0091946,0.028103,-0.013305,-2.0253,-0.41608,1.3539,1.7091,-0.031739,0.053655,0.90672,-0.35643,0.060868,0.21282,0.49719,-0.67412,0.60711,0.64223,0.37125,0.11219,-0.59978,-0.096237,-0.17496,-0.39586
0.008414,0.005923,0.026811,-0.013704,-2.1007,-0.56266,1.4328,1.7619,-0.009697,0.061388,0.97717,-0.39866,0.15129,0.18142,0.53623,-0.90681,0.57321,0.45093,0.14425,0.10032,-0.67262,-0.10035,-0.1928,-0.71946
0.013678,0.0027792,0.019736,-0.016937,-2.0886,-0.71767,1.4209,1.7269,0.026525,0.091081,0.9998,-0.44493,0.16091,0.14074,0.57944,-1.0069,0.54469,0.20953,-0.051479,0.099995,-0.61485,-0.095205,-0.20477,-0.99137
0.014571,0.0024723,0.0067513,-0.022529,-1.9567,-0.85437,1.3469,1.6158,0.067955,0.12926,1.0075,-0.49189,0.11822,0.10217,0.63015,-0.92961,0.51699,-0.067172,-0.17228,0.1071,-0.42477,-0.078957,-0.18786,-1.1993
0.013664,0.0049962,-0.0097488,-0.028328,-1.6997,-0.95059,1.2483,1.463,0.10202,0.1615,1.0338,-0.53099,0.076616,0.074062,0.6854,-0.65537,0.48473,-0.29972,-0.18244,0.11322,-0.15149,-0.050546,-0.12241,-1.3405
0.013569,0.0078055,-0.025348,-0.032043,-1.3502,-1.0021,1.1518,1.3039,0.11937,0.18032,1.0881,-0.55663,0.075458,0.056705,0.73518,-0.18433,0.44625,-0.38809,-0.072333,0.11065,0.13426,-0.009959,-0.0021247,-1.4072
0.014627,0.008024,-0.035796,-0.033047,-0.96497,-1.0226,1.0645,1.1597,0.11879,0.18705,1.1503,-0.57225,0.12356,0.043283,0.7687,0.45707,0.40395,-0.27645,0.12904,0.096408,0.373,0.040456,0.16663,-1.3803
0.015093,0.0047803,-0.039388,-0.03287,-0.597,-1.0295,0.98121,1.0388,0.10711,0.18771,1.1872,-0.58953,0.21177,0.025403,0.78289,1.2048,0.36145,0.0073989,0.35738,0.072936,0.53592,0.094968,0.37348,-1.2382
0.013295,-0.00018112,-0.037625,-0.033746,-0.27252,-1.0294,0.89912,0.94999,0.094291,0.18697,1.1774,-0.62123,0.33267,-0.00092939,0.78544,1.9601,0.32079,0.36653,0.53498,0.046047,0.62589,0.14553,0.60976,-0.97717
0.0095204,-0.00398,-0.033671,-0.036376,0.0084204,-1.0151,0.82774,0.9117,0.087415,0.18493,1.1265,-0.67291,0.48239,-0.032599,0.78861,2.6165,0.2827,0.69228,0.60149,0.022289,0.66551,0.18514,0.86296,-0.6268
0.0058807,-0.0048924,-0.03,-0.038903,0.25029,-0.97734,0.78346,0.94315,0.087291,0.17833,1.0633,-0.73948,0.64296,-0.061113,0.79814,3.098,0.24889,0.92234,0.537,0.007125,0.68151,0.21143,1.104,-0.24355
0.0044627,-0.0036165,-0.027227,-0.038214,0.44007,-0.92173,0.77369,1.0429,0.089388,0.16393,1.0198,-0.80844,0.76943,-0.077505,0.80615,3.3822,0.22294,1.0582,0.36498,0.0037818,0.69286,0.22724,1.2828,0.11618
0.0056426,-0.0025594,-0.024826,-0.032606,0.54529,-0.87435,0.78385,1.1729,0.087779,0.14104,1.0126,-0.86745,0.80428,-0.07775,0.79435,3.4952,0.20781,1.1342,0.13646,0.012032,0.70611,0.23713,1.3438,0.42491
0.0080407,-0.003786,-0.02261,-0.023538,0.53439,-0.87086,0.77908,1.2654,0.079135,0.1116,1.0361,-0.91084,0.71475,-0.065702,0.74557,3.4864,0.20178,1.1708,-0.091737,0.027261,0.71754,0.24226,1.2584,0.69102
0.0098922,-0.0073271,-0.021276,-0.014868,0.40136,-0.93603,0.72135,1.2541,0.064389,0.078382,1.0691,-0.94107,0.52207,-0.051544,0.65535,3.4087,0.19714,1.1532,-0.27182,0.04128,0.71881,0.23819,1.0513,0.93696
0.010368,-0.01123,-0.021582,-0.010106,0.17448,-1.0694,0.5907,1.1106,0.047677,0.043398,1.0871,-0.96483,0.29456,-0.046073,0.53518,3.3139,0.18402,1.0553,-0.37033,0.045697,0.70259,0.2183,0.79698,1.166
0.0097402,-0.013267,-0.023277,-0.0099318,-0.0951,-1.2474,0.39648,0.86216,0.033901,0.0077847,1.0727,-0.98691,0.1079,-0.054033,0.40602,3.2519,0.15735,0.88297,-0.37083,0.036441,0.66561,0.18058,0.58326,1.346
0.0086115,-0.012809,-0.025217,-0.011938,-0.35134,-1.4397,0.17137,0.57875,0.026702,-0.026973,1.0184,-1.0063,0.0056322,-0.070889,0.28751,3.2501,0.12127,0.69451,-0.27979,0.0164,0.60914,0.13214,0.46391,1.4248
0.0072379,-0.011191,-0.026679,-0.012685,-0.54353,-1.6251,-0.04674,0.33649,0.0277,-0.057716,0.92514,-1.017,-0.0086773,-0.085401,0.19077,3.2784,0.087485,0.57303,-0.13151,-0.0059532,0.53836,0.086629,0.43388,1.3658
0.0055513,-0.010232,-0.028443,-0.010268,-0.62861,-1.7968,-0.23285,0.17947,0.036629,-0.07973,0.79873,-1.0118,0.051196,-0.086302,0.11841,3.2311,0.068371,0.57146,0.018684,-0.021212,0.46177,0.055666,0.44391,1.1751
0.0035568,-0.01023,-0.032195,-0.0053785,-0.57769,-1.9527,-0.38215,0.10137,0.051576,-0.088918,0.64685,-0.98769,0.17598,-0.068642,0.069506,2.964,0.070023,0.67567,0.11723,-0.023825,0.39081,0.040782,0.44148,0.89996
0.0014459,-0.0093589,-0.038557,-0.000259,-0.39341,-2.0844,-0.50474,0.055406,0.0691,-0.085042,0.47628,-0.94741,0.35388,-0.036183,0.044003,2.3838,0.089785,0.81732,0.13962,-0.014104,0.33839,0.03264,0.4051,0.60141
-0.00068302,-0.0052323,-0.045582,0.0033074,-0.12598,-2.1744,-0.61423,-0.015371,0.084771,-0.0738,0.29113,-0.8993,0.54248,0.00050378,0.043175,1.5374,0.11894,0.92541,0.10213,0.0030674,0.31538,0.018632,0.34772,0.32314
-0.0030044,0.0025877,-0.049416,0.0052196,0.13381,-2.2069,-0.71924,-0.14555,0.094626,-0.065696,0.093254,-0.85425,0.65866,0.028059,0.067194,0.6301,0.14756,0.97286,0.047302,0.021145,0.32539,-0.0069727,0.29242,0.078579
-0.0056709,0.011413,-0.046883,0.0066497,0.29267,-2.1817,-0.82235,-0.33037,0.097063,-0.07156,-0.11485,-0.82212,0.61721,0.034549,0.11316,-0.055513,0.16795,0.98194,0.014225,0.0345,0.36034,-0.038445,0.24604,-0.141
-0.0083555,0.016916,-0.037929,0.0086403,0.30425,-2.1176,-0.92453,-0.53252,0.093819,-0.097073,-0.32709,-0.80811,0.40129,0.013437,0.17558,-0.29871,0.17592,0.99043,0.01817,0.039982,0.40023,-0.063156,0.19412,-0.34934
-0.010285,0.016316,-0.025897,0.011089,0.1946,-2.0419,-1.0297,-0.70768,0.088923,-0.13973,-0.53388,-0.8103,0.10581,-0.032919,0.248,-0.055755,0.1707,1.0137,0.05537,0.037789,0.41929,-0.071351,0.11828,-0.55376
-0.010914,0.010616,-0.01541,0.012961,0.04257,-1.9726,-1.1453,-0.83283,0.086105,-0.19021,-0.72615,-0.81966,-0.098217,-0.091999,0.32344,0.5158,0.15503,1.0365,0.12455,0.031592,0.397,-0.06303,0.016439,-0.75417
-0.010574,0.0038686,-0.009605,0.013355,-0.072095,-1.9103,-1.2786,-0.91976,0.086641,-0.23699,-0.89957,-0.82381,-0.06984,-0.1446,0.39328,1.1303,0.13466,1.0369,0.24022,0.027227,0.32836,-0.046531,-0.094117,-0.948
-0.010273,-5.3214e-005,-0.0087559,0.01231,-0.11578,-1.8473,-1.4314,-1.0052,0.089394,-0.27112,-1.0539,-0.81342,0.19788,-0.17317,0.447,1.4966,0.11647,1.0139,0.42098,0.029664,0.22698,-0.030471,-0.19238,-1.1347
-0.010669,-0.00045142,-0.010904,0.010671,-0.11146,-1.7856,-1.5969,-1.1245,0.092909,-0.28824,-1.1862,-0.78762,0.5596,-0.17087,0.47524,1.429,0.10521,0.99031,0.66229,0.039697,0.11795,-0.016112,-0.27214,-1.3179
-0.011204,5.3763e-005,-0.013495,0.0092755,-0.11148,-1.7464,-1.7593,-1.2865,0.097321,-0.28783,-1.2844,-0.75463,0.8085,-0.14506,0.47486,0.90351,0.10106,0.98953,0.92164,0.052927,0.024424,0.0034574,-0.3469,-1.5047
-0.010432,-0.0017161,-0.014573,0.0083904,-0.15937,-1.7604,-1.8973,-1.4674,0.10391,-0.27169,-1.3277,-0.72632,0.81428,-0.11233,0.4516,0.054268,0.10004,1.01,1.1358,0.06246,-0.043897,0.036816,-0.4396,-1.7032
-0.0074701,-0.0064183,-0.013023,0.007905,-0.26998,-1.8434,-1.9897,-1.6268,0.11243,-0.24377,-1.2988,-0.71033,0.60705,-0.088466,0.4165,-0.87988,0.097175,1.0236,1.2599,0.063747,-0.093221,0.085843,-0.56865,-1.9148
-0.0032869,-0.011625,-0.0084282,0.0079509,-0.4359,-1.9772,-2.0227,-1.7343,0.1189,-0.21103,-1.1983,-0.7053,0.34555,-0.080496,0.37784,-1.6375,0.089986,0.99911,1.2965,0.057795,-0.1385,0.14217,-0.74093,-2.1269
-0.00044557,-0.014177,-0.001183,0.0091424,-0.64469,-2.111,-1.9942,-1.787,0.1166,-0.18336,-1.0505,-0.70278,0.19815,-0.08618,0.3344,-2.0205,0.079424,0.9281,1.2887,0.049898,-0.19283,0.19105,-0.9509,-2.3096
-0.001219,-0.013095,0.0072495,0.012035,-0.88657,-2.1849,-1.9142,-1.8072,0.10023,-0.17062,-0.89248,-0.69396,0.23068,-0.099357,0.27645,-1.9569,0.067681,0.82971,1.2825,0.044748,-0.26078,0.21944,-1.1782,-2.4235
-0.0055336,-0.01023,0.014606,0.016232,-1.1471,-2.158,-1.7983,-1.8242,0.070195,-0.17774,-0.75237,-0.67594,0.38439,-0.11531,0.19422,-1.517,0.055186,0.73178,1.2924,0.042063,-0.3385,0.22227,-1.3828,-2.4337
-0.010567,-0.0081836,0.018881,0.020023,-1.3973,-2.0232,-1.6585,-1.8549,0.033269,-0.20086,-0.63347,-0.65239,0.55076,-0.13143,0.087755,-0.87702,0.039772,0.64726,1.2996,0.036733,-0.41753,0.20307,-1.5082,-2.3216
-0.012557,-0.0077376,0.0195,0.021106,-1.5951,-1.8016,-1.4957,-1.8962,-0.0011243,-0.22764,-0.51622,-0.62879,0.67154,-0.14412,-0.029872,-0.24913,0.019055,0.56738,1.2841,0.023692,-0.48765,0.1695,-1.5028,-2.0879
-0.0095211,-0.0074455,0.017619,0.01806,-1.7023,-1.5242,-1.2982,-1.9333,-0.026107,-0.24242,-0.37768,-0.60648,0.77807,-0.14715,-0.13902,0.19146,-0.0059902,0.47536,1.2579,0.0035338,-0.53738,0.12813,-1.353,-1.7502
-0.0027495,-0.0057318,0.015281,0.011541,-1.7011,-1.2132,-1.0495,-1.9523,-0.040126,-0.23343,-0.21273,-0.58103,0.94271,-0.13469,-0.22505,0.35439,-0.029551,0.36529,1.2681,-0.016059,-0.55465,0.082351,-1.1026,-1.3433
0.004097,-0.0031632,0.014162,0.0041991,-1.5983,-0.87468,-0.74024,-1.9486,-0.045807,-0.19801,-0.040193,-0.54625,1.1943,-0.10681,-0.28644,0.24447,-0.043358,0.24847,1.3599,-0.024698,-0.52992,0.034062,-0.8352,-0.92262
0.0075401,-0.0023017,0.014854,-0.00088544,-1.4146,-0.50032,-0.37793,-1.9255,-0.046828,-0.14318,0.11021,-0.50043,1.4793,-0.070773,-0.33345,-0.059841,-0.041554,0.14393,1.5326,-0.016339,-0.46086,-0.013397,-0.624,-0.5601
0.006499,-0.0050358,0.016886,-0.0022745,-1.17,-0.078133,0.010521,-1.8881,-0.04594,-0.081817,0.21861,-0.44939,1.7047,-0.034582,-0.37869,-0.44514,-0.024597,0.064989,1.7264,0.0063731,-0.35501,-0.054446,-0.48406,-0.32296
0.0026372,-0.010046,0.019015,-0.001251,-0.87902,0.39502,0.38604,-1.8401,-0.045329,-0.027161,0.28624,-0.40353,1.8202,0.0035,-0.42712,-0.803,0.00070185,0.015286,1.8569,0.03363,-0.22812,-0.08356,-0.36616,-0.24082
-0.0010951,-0.013231,0.019502,-0.00093941,-0.55675,0.90309,0.71034,-1.7857,-0.047744,0.011504,0.32944,-0.37097,1.8596,0.059736,-0.47308,-1.0581,0.025094,-0.0044495,1.8721,0.054506,-0.099576,-0.098742,-0.20108,-0.28162
-0.0023875,-0.011139,0.016681,-0.0039594,-0.2267,1.4095,0.95828,-1.7329,-0.056207,0.030578,0.3637,-0.35193,1.8998,0.157,-0.50654,-1.1768,0.042094,0.010141,1.7874,0.06296,0.012177,-0.1031,0.03931,-0.35626
-0.00065687,-0.0043867,0.010156,-0.010354,0.0818,1.8694,1.1237,-1.6915,-0.072096,0.03174,0.39266,-0.33842,1.9767,0.30704,-0.52332,-1.1562,0.051059,0.063038,1.6684,0.059829,0.093292,-0.10299,0.31381,-0.35247
0.0030462,0.0023162,0.0019606,-0.017462,0.34561,2.2519,1.2167,-1.6675,-0.093642,0.020541,0.41068,-0.31896,2.0415,0.49519,-0.53057,-1.0032,0.056379,0.145,1.5775,0.050262,0.13854,-0.10405,0.53991,-0.17856
0.0068363,0.0039026,-0.0037602,-0.021923,0.55829,2.5597,1.2564,-1.6576,-0.11677,0.0045807,0.41427,-0.28492,2.004,0.68001,-0.54275,-0.72011,0.063705,0.2248,1.5277,0.039254,0.15555,-0.10795,0.65448,0.20545
0.0089604,-0.00068203,-0.0032154,-0.022293,0.72843,2.8294,1.2625,-1.6504,-0.13795,-0.0087962,0.4101,-0.23424,1.8254,0.81046,-0.5705,-0.30878,0.075977,0.25651,1.4821,0.028668,0.16558,-0.11221,0.65655,0.7769
0.0086876,-0.0074031,0.0038088,-0.020207,0.86708,3.107,1.2521,-1.6349,-0.15646,-0.015059,0.41158,-0.17131,1.5683,0.85044,-0.61114,0.20859,0.091871,0.20221,1.3952,0.017323,0.196,-0.1131,0.59869,1.4548
0.006879,-0.010445,0.01279,-0.019164,0.97686,3.4131,1.2388,-1.6086,-0.17415,-0.014108,0.42784,-0.10455,1.3485,0.79527,-0.64834,0.77077,0.10742,0.056628,1.258,0.0033354,0.26569,-0.10914,0.53831,2.1135
0.0057465,-0.0070997,0.01706,-0.021898,1.0538,3.7211,1.2321,-1.5775,-0.19283,-0.0094437,0.45633,-0.043577,1.226,0.67095,-0.66214,1.2817,0.11944,-0.14296,1.1048,-0.013397,0.37182,-0.10278,0.49329,2.6095
0.007488,-2.5406e-005,0.012671,-0.028302,1.0997,3.9682,1.234,-1.5465,-0.21185,-0.0047607,0.48663,0.0035537,1.1351,0.51893,-0.64217,1.6434,0.12819,-0.32889,0.97739,-0.030245,0.48877,-0.098834,0.43869,2.8212
0.012409,0.0050465,0.0016282,-0.035444,1.1315,4.0918,1.2367,-1.5096,-0.22778,-0.00015497,0.51156,0.033452,0.92638,0.37743,-0.59424,1.8018,0.1375,-0.43137,0.88166,-0.042767,0.58152,-0.10111,0.3422,2.6934
0.018036,0.0041135,-0.0095405,-0.039612,1.1738,4.0664,1.2231,-1.4495,-0.23634,0.008815,0.53479,0.05063,0.49323,0.26961,-0.53581,1.7732,0.15248,-0.40792,0.77837,-0.046684,0.62412,-0.10974,0.20287,2.2619
0.020397,-0.0018801,-0.015071,-0.038914,1.2398,3.9144,1.1747,-1.3496,-0.23466,0.027744,0.56713,0.068197,-0.12208,0.20139,-0.48404,1.6351,0.17621,-0.25984,0.61892,-0.039791,0.60914,-0.12125,0.058192,1.6411
0.01696,-0.0080107,-0.014758,-0.034583,1.3159,3.6841,1.082,-1.2084,-0.22263,0.057922,0.61461,0.10335,-0.73662,0.16554,-0.44566,1.4835,0.20757,-0.029053,0.39284,-0.023088,0.54228,-0.13125,-0.042623,0.98252
0.0089724,-0.0095144,-0.014001,-0.030032,1.3661,3.4167,0.95135,-1.0439,-0.20272,0.093536,0.66919,0.16827,-1.1455,0.14692,-0.41602,1.3867,0.24102,0.22138,0.14229,-0.00099895,0.43035,-0.13751,-0.071652,0.42529
0.0010197,-0.0055292,-0.018844,-0.028297,1.3553,3.1259,0.80369,-0.88167,-0.17903,0.12481,0.71085,0.2618,-1.2552,0.12762,-0.38689,1.3622,0.26789,0.43239,-0.072407,0.019305,0.27705,-0.14096,-0.03212,0.06252
-0.0022168,0.0005628,-0.030225,-0.029663,1.2726,2.8049,0.66595,-0.73619,-0.15578,0.14545,0.71961,0.36844,-1.1278,0.092463,-0.35557,1.3867,0.27876,0.56757,-0.2275,0.029508,0.093039,-0.14393,0.057675,-0.074605
0.00044211,0.0041974,-0.042526,-0.03127,1.1361,2.4468,0.56082,-0.60032,-0.13542,0.15857,0.68782,0.46712,-0.90984,0.035043,-0.32773,1.4249,0.26626,0.61796,-0.36282,0.022652,-0.089187,-0.14746,0.18366,-0.023498
0.0057295,0.0033336,-0.047882,-0.029103,0.97527,2.0599,0.49991,-0.45291,-0.11715,0.17524,0.62364,0.54432,-0.71746,-0.038576,-0.31183,1.4568,0.2281,0.59353,-0.55539,-0.004108,-0.214,-0.15006,0.33627,0.1105
0.0085272,-0.00024422,-0.042651,-0.021019,0.80838,1.6636,0.48162,-0.27902,-0.097099,0.20583,0.54433,0.60207,-0.57524,-0.11194,-0.31036,1.4859,0.16898,0.50992,-0.85885,-0.047828,-0.22485,-0.14906,0.49388,0.17495
0.0059102,-0.0028398,-0.030524,-0.0085892,0.63541,1.274,0.49245,-0.08627,-0.071134,0.25031,0.46589,0.65441,-0.44894,-0.16619,-0.31556,1.5313,0.099822,0.38024,-1.2549,-0.10036,-0.10067,-0.14332,0.61306,0.022373
-0.00067221,-0.0020911,-0.019667,0.0036086,0.4527,0.89626,0.51044,0.096452,-0.038926,0.29555,0.39616,0.71449,-0.3258,-0.18947,-0.31319,1.6102,0.033834,0.2163,-1.6522,-0.15114,0.11877,-0.13468,0.64467,-0.42076
-0.006764,0.0012367,-0.016419,0.010713,0.27387,0.53126,0.51085,0.23732,-0.0060693,0.32272,0.33414,0.7821,-0.25809,-0.18167,-0.29148,1.7244,-0.01884,0.03512,-1.9309,-0.19058,0.34067,-0.12687,0.56769,-1.1077
-0.0084981,0.0042119,-0.020816,0.01039,0.13465,0.19044,0.47321,0.32181,0.018279,0.31959,0.27312,0.84151,-0.32598,-0.1517,-0.24828,1.8552,-0.054309,-0.13745,-2.0005,-0.21229,0.46234,-0.12247,0.41059,-1.8834
-0.0053823,0.0043412,-0.027353,0.0039368,0.072371,-0.099362,0.38715,0.35796,0.027248,0.28834,0.20458,0.87137,-0.55342,-0.11043,-0.1913,1.9714,-0.073904,-0.27137,-1.8356,-0.21361,0.42634,-0.12045,0.23785,-2.5487
-0.00018981,0.001497,-0.029833,-0.0047355,0.094564,-0.30859,0.25337,0.36212,0.021204,0.243,0.12139,0.85934,-0.85625,-0.065489,-0.132,2.0449,-0.080223,-0.34294,-1.4781,-0.19541,0.2536,-0.11625,0.10949,-2.9321
0.0035444,-0.0022845,-0.02605,-0.011298,0.16303,-0.42639,0.079461,0.33804,0.0074456,0.19898,0.020669,0.81051,-1.0765,-0.021625,-0.078244,2.0623,-0.074198,-0.34433,-1.0155,-0.16243,0.032319,-0.10471,0.046994,-2.9187
0.0040866,-0.0046185,-0.018786,-0.013065,0.2098,-0.4717,-0.12585,0.26911,-0.0055381,0.16315,-0.094113,0.74346,-1.0842,0.015145,-0.030909,2.0237,-0.055993,-0.28622,-0.55301,-0.12366,-0.13156,-0.083939,0.03274,-2.437
0.0021663,-0.0044684,-0.013062,-0.010062,0.17617,-0.48321,-0.35481,0.13432,-0.014612,0.13203,-0.21349,0.6773,-0.87092,0.035256,0.013842,1.9274,-0.028506,-0.19344,-0.18987,-0.090995,-0.17076,-0.057319,0.038855,-1.4478
-0.00028647,-0.0024743,-0.012357,-0.0048428,0.047249,-0.49516,-0.59822,-0.061658,-0.023741,0.098388,-0.32549,0.6194,-0.56131,0.029132,0.059602,1.7557,0.0007633,-0.097264,-0.00053603,-0.074913,-0.085109,-0.032333,0.055312,0.017932
-0.0017893,-0.00010965,-0.016673,-0.0011141,-0.1424,-0.51888,-0.84278,-0.26863,-0.039436,0.059639,-0.42065,0.56213,-0.3327,-0.0054113,0.10625,1.4808,0.02259,-0.027387,-0.020548,-0.078974,0.072393,-0.016543,0.09132,1.7873
-0.0019268,0.0012433,-0.023173,-0.001624,-0.33358,-0.5441,-1.0739,-0.40159,-0.064029,0.021053,-0.49531,0.48981,-0.3017,-0.058442,0.15024,1.0889,0.032193,-0.0049857,-0.24078,-0.097091,0.23631,-0.013246,0.15345,3.5188
-0.00088706,0.00061747,-0.028157,-0.0063144,-0.47633,-0.55671,-1.2841,-0.38145,-0.092821,-0.0081608,-0.55141,0.38989,-0.46075,-0.11138,0.18754,0.60232,0.033616,-0.037491,-0.61486,-0.11654,0.36446,-0.019477,0.22761,4.7896
0.0010748,-0.0025047,-0.02867,-0.011986,-0.5474,-0.5551,-1.4795,-0.18146,-0.11742,-0.021553,-0.59419,0.26003,-0.70574,-0.14775,0.21617,0.071515,0.038156,-0.11756,-1.0786,-0.12565,0.44635,-0.027665,0.28617,5.2832
0.0034944,-0.0078243,-0.023105,-0.014054,-0.54374,-0.54995,-1.6761,0.15218,-0.13174,-0.019079,-0.63034,0.10747,-0.92439,-0.16376,0.23604,-0.4636,0.057439,-0.22803,-1.572,-0.12126,0.48711,-0.030081,0.31253,4.9608
0.0052442,-0.013651,-0.011248,-0.0095148,-0.46629,-0.54905,-1.8846,0.52116,-0.13496,-0.0055392,-0.6679,-0.057244,-1.0712,-0.17048,0.24664,-1.0092,0.096042,-0.35008,-2.0542,-0.11076,0.48859,-0.023594,0.31514,4.088
0.0047589,-0.017071,0.0055672,0.00087441,-0.31501,-0.54334,-2.0927,0.82518,-0.12905,0.01352,-0.71602,-0.22597,-1.1728,-0.18491,0.24491,-1.6101,0.14879,-0.46762,-2.5036,-0.10742,0.44635,-0.012091,0.31265,3.0836
0.0012611,-0.015491,0.024192,0.012831,-0.10077,-0.50973,-2.2588,1.0102,-0.11438,0.034311,-0.7824,-0.39367,-1.2711,-0.21607,0.22618,-2.2934,0.20398,-0.56303,-2.9098,-0.12248,0.36163,-0.0051811,0.30266,2.2883
-0.0039977,-0.0087761,0.03996,0.021129,0.14136,-0.42968,-2.3241,1.0869,-0.088764,0.054295,-0.86869,-0.55454,-1.3627,-0.25612,0.1882,-3.0052,0.24954,-0.60948,-3.2626,-0.15933,0.25185,-0.013706,0.24665,1.8101
-0.0079584,-9.3243e-005,0.048167,0.022724,0.35799,-0.30682,-2.2368,1.113,-0.051488,0.070707,-0.96759,-0.69777,-1.3916,-0.28349,0.13591,-3.5998,0.27782,-0.5729,-3.5462,-0.2125,0.14526,-0.044248,0.090755,1.5339
-0.0078183,0.0057505,0.046422,0.018274,0.50525,-0.16664,-1.974,1.1553,-0.0080127,0.080915,-1.065,-0.80763,-1.3006,-0.27633,0.083081,-3.9057,0.28673,-0.43208,-3.7391,-0.27062,0.063014,-0.095365,-0.19105,1.2525
-0.003493,0.0055657,0.036473,0.011234,0.57745,-0.037454,-1.5512,1.2561,0.03075,0.084826,-1.1472,-0.86856,-1.0921,-0.2272,0.048816,-3.8278,0.27808,-0.20696,-3.8182,-0.32029,0.0058468,-0.15755,-0.5668,0.79976
0.0017544,5.3795e-005,0.023879,0.0053806,0.61002,0.070491,-1.0169,1.4174,0.05562,0.086777,-1.2075,-0.87185,-0.84321,-0.14924,0.049906,-3.41,0.2555,0.030415,-3.7649,-0.34918,-0.041133,-0.21701,-0.95403,0.098644
0.0034815,-0.006866,0.015115,0.0025477,0.65071,0.16831,-0.44018,1.6053,0.067003,0.094206,-1.2488,-0.81901,-0.65967,-0.070002,0.092875,-2.8088,0.2235,0.1824,-3.5729,-0.34863,-0.089321,-0.26135,-1.2575,-0.86315
-0.0004201,-0.011124,0.013658,0.0019058,0.72248,0.27074,0.1023,1.7679,0.07559,0.11324,-1.278,-0.7202,-0.60767,-0.017435,0.16994,-2.1964,0.18753,0.18132,-3.2561,-0.31651,-0.13138,-0.28418,-1.4079,-2.0573
-0.0077439,-0.011314,0.017812,0.00098689,0.81006,0.37371,0.54063,1.8587,0.093771,0.14443,-1.2994,-0.59031,-0.67817,-0.007059,0.26113,-1.667,0.15365,0.03594,-2.8509,-0.25921,-0.14473,-0.28646,-1.3795,-3.3912
-0.013377,-0.0089903,0.02215,-0.0023516,0.88073,0.44901,0.82779,1.8582,0.12429,0.18201,-1.3122,-0.44696,-0.8082,-0.037175,0.34166,-1.2137,0.12708,-0.1704,-2.4091,-0.19036,-0.1111,-0.27403,-1.1879,-4.6687
-0.013178,-0.0066483,0.021778,-0.0082484,0.918,0.46304,0.95535,1.7869,0.15628,0.21759,-1.3124,-0.31112,-0.93554,-0.092897,0.39148,-0.78598,0.11004,-0.33516,-1.9805,-0.12538,-0.034453,-0.25337,-0.88376,-5.6072
-0.0072289,-0.0056701,0.016236,-0.014497,0.93449,0.40444,0.95902,1.6981,0.17332,0.24543,-1.2993,-0.20651,-1.0381,-0.15436,0.40242,-0.37058,0.10043,-0.40586,-1.5942,-0.074571,0.058516,-0.22785,-0.5504,-5.9451
0.00022804,-0.0061099,0.0098097,-0.017886,0.95181,0.29621,0.9052,1.6517,0.16783,0.26536,-1.2766,-0.15298,-1.1278,-0.20348,0.37979,-0.026671,0.092498,-0.40923,-1.2525,-0.039655,0.13496,-0.19656,-0.29343,-5.5858
0.0041727,-0.007916,0.0078354,-0.016513,0.96856,0.18049,0.86094,1.681,0.15006,0.28149,-1.2489,-0.15509,-1.2097,-0.22694,0.33731,0.15325,0.079534,-0.41679,-0.94009,-0.016452,0.17404,-0.15592,-0.20878,-4.6781
0.0027476,-0.01159,0.011928,-0.011516,0.95096,0.08826,0.86291,1.7747,0.14315,0.29774,-1.215,-0.19438,-1.2477,-0.21699,0.28833,0.12144,0.057373,-0.4764,-0.64377,-0.001196,0.17146,-0.10286,-0.3357,-3.5672
-0.0014049,-0.017168,0.018164,-0.0067782,0.85946,0.019898,0.90469,1.8867,0.16706,0.31399,-1.1643,-0.23475,-1.1722,-0.17306,0.23818,-0.072709,0.027019,-0.56735,-0.36413,0.0054258,0.12895,-0.037997,-0.62437,-2.6367
-0.0033834,-0.022762,0.019873,-0.0065102,0.68856,-0.04672,0.95022,1.9676,0.22315,0.32565,-1.0825,-0.24164,-0.92741,-0.1045,0.18302,-0.29818,-0.0047863,-0.61559,-0.11107,0.00046898,0.04185,0.032823,-0.9483,-2.1379
7.3643e-005,-0.024905,0.012827,-0.012343,0.48159,-0.12848,0.9632,1.9936,0.29128,0.32699,-0.96151,-0.20307,-0.52424,-0.031369,0.11609,-0.41405,-0.027464,-0.55366,0.11286,-0.014968,-0.10128,0.099348,-1.1628,-2.1029
0.0081222,-0.021214,-0.0014862,-0.02214,0.30319,-0.21505,0.93109,1.9714,0.34158,0.3156,-0.80821,-0.13682,-0.052447,0.020429,0.037618,-0.34542,-0.030579,-0.3736,0.32381,-0.032001,-0.30476,0.15004,-1.1752,-2.379
0.016515,-0.013079,-0.017127,-0.031496,0.19129,-0.2727,0.86846,1.9184,0.35221,0.2945,-0.64407,-0.076624,0.3597,0.03025,-0.039163,-0.11273,-0.0087105,-0.12991,0.54886,-0.037737,-0.54913,0.17631,-0.9836,-2.7428
0.020658,-0.0053331,-0.02833,-0.036798,0.13035,-0.27082,0.80068,1.8395,0.32059,0.27011,-0.49514,-0.047457,0.61159,-0.0057195,-0.091077,0.19818,0.034842,0.10611,0.80167,-0.024607,-0.78691,0.17593,-0.66135,-3.0122
0.018613,-0.002517,-0.033549,-0.037512,0.069699,-0.20762,0.74306,1.7205,0.26166,0.24764,-0.37872,-0.048818,0.67357,-0.070829,-0.096541,0.49547,0.087942,0.30035,1.0608,0.0026269,-0.95731,0.15391,-0.30687,-3.0951
0.012014,-0.0048218,-0.035723,-0.036123,-0.029558,-0.1131,0.69143,1.5441,0.19673,0.22732,-0.29501,-0.058982,0.57916,-0.13714,-0.04845,0.72419,0.13428,0.47609,1.2705,0.029065,-1.0124,0.12013,0.0054355,-2.969
0.0046443,-0.0076375,-0.038931,-0.036044,-0.16048,-0.027493,0.62853,1.309,0.14236,0.20446,-0.22904,-0.055734,0.38108,-0.18314,0.040194,0.86723,0.16111,0.68925,1.3672,0.040373,-0.93959,0.084932,0.24475,-2.6353
-5.622e-005,-0.0054995,-0.044539,-0.039151,-0.27791,0.025433,0.5387,1.0354,0.10584,0.17339,-0.16135,-0.035722,0.11474,-0.20803,0.14198,0.91641,0.16571,0.98234,1.3142,0.033623,-0.76706,0.055066,0.4142,-2.099
-0.00086229,0.002949,-0.050069,-0.044569,-0.33864,0.048478,0.41922,0.74998,0.087169,0.1322,-0.08048,-0.016604,-0.19999,-0.23099,0.22857,0.84985,0.15586,1.3512,1.1186,0.019309,-0.54967,0.031827,0.53149,-1.3925
0.00097144,0.013501,-0.051476,-0.049201,-0.3371,0.059213,0.28197,0.46882,0.082408,0.084712,0.010144,-0.021466,-0.52998,-0.27462,0.2834,0.64252,0.1438,1.743,0.82151,0.012765,-0.34381,0.012116,0.61723,-0.61054
0.0029625,0.019804,-0.0467,-0.049467,-0.30552,0.070017,0.14748,0.19225,0.085282,0.038292,0.094558,-0.060052,-0.81395,-0.34397,0.30599,0.30212,0.13765,2.0795,0.47126,0.022078,-0.18559,-0.0086486,0.69286,0.09213
0.00324,0.018533,-0.037536,-0.043288,-0.28127,0.078635,0.0371,-0.083109,0.087714,-0.00041794,0.15399,-0.12316,-0.9878,-0.41761,0.30681,-0.10592,0.13658,2.2896,0.10355,0.042222,-0.082894,-0.033455,0.77916,0.55938
0.0017685,0.011709,-0.02843,-0.031377,-0.27257,0.07588,-0.032493,-0.34983,0.082167,-0.028402,0.17804,-0.19427,-1.0311,-0.4585,0.2977,-0.47711,0.13287,2.3342,-0.25843,0.059521,-0.022091,-0.061943,0.88926,0.718
0.00015507,0.0043626,-0.023354,-0.017201,-0.25238,0.060846,-0.052161,-0.5878,0.065994,-0.045892,0.17074,-0.2673,-0.98621,-0.43759,0.28517,-0.72643,0.11853,2.2182,-0.5911,0.061907,0.018752,-0.090636,1.0198,0.62368
0.0001899,5.4219e-005,-0.023259,-0.00545,-0.18244,0.048284,-0.022034,-0.77711,0.044281,-0.053836,0.14792,-0.35441,-0.92279,-0.35294,0.27014,-0.84477,0.090976,1.9871,-0.86434,0.046418,0.060131,-0.11494,1.1491,0.42814
0.0022483,-0.0015399,-0.025993,0.00031986,-0.042989,0.060943,0.04731,-0.91249,0.027609,-0.051982,0.1274,-0.47638,-0.87478,-0.23127,0.25225,-0.90571,0.053669,1.7103,-1.0524,0.018872,0.11857,-0.1319,1.2464,0.28544
0.0048983,-0.0031446,-0.028467,-0.0004454,0.15798,0.11301,0.13565,-1.0045,0.02536,-0.039131,0.11829,-0.64264,-0.81056,-0.11229,0.23345,-1.0107,0.012894,1.4541,-1.152,-0.012219,0.20669,-0.14208,1.2854,0.2644
0.0061519,-0.0064533,-0.029094,-0.0051387,0.39885,0.19784,0.21768,-1.0657,0.03967,-0.014611,0.11712,-0.83609,-0.67006,-0.028339,0.21798,-1.2097,-0.025739,1.2561,-1.1877,-0.041362,0.32922,-0.14952,1.2531,0.32918
0.0053534,-0.01026,-0.028466,-0.0096997,0.6622,0.28947,0.27124,-1.0949,0.065016,0.021212,0.11405,-1.0139,-0.43796,0.0068736,0.20978,-1.4573,-0.058343,1.1134,-1.1925,-0.067133,0.47464,-0.15949,1.149,0.3965
0.0039801,-0.011743,-0.027883,-0.011019,0.93626,0.35744,0.28612,-1.0745,0.093552,0.067944,0.10468,-1.1248,-0.18187,-0.0040303,0.21103,-1.6383,-0.082175,0.99297,-1.1786,-0.089389,0.61143,-0.17537,0.97716,0.41803
0.0044424,-0.0092902,-0.02732,-0.0083833,1.2014,0.38554,0.26881,-0.98473,0.12122,0.12575,0.097501,-1.1327,-0.012947,-0.051581,0.22318,-1.6449,-0.095744,0.85833,-1.1229,-0.10668,0.69851,-0.19677,0.73907,0.42132
0.0077555,-0.0040033,-0.024906,-0.0031246,1.4225,0.38202,0.23978,-0.82387,0.14924,0.19326,0.1097,-1.0353,0.0013518,-0.12655,0.24841,-1.4488,-0.10025,0.6955,-0.98328,-0.11664,0.70931,-0.21976,0.43524,0.48059
0.012129,0.0013814,-0.018558,0.002938,1.5632,0.374,0.22405,-0.61658,0.18018,0.26333,0.15333,-0.86773,-0.10574,-0.22003,0.28822,-1.1158,-0.10032,0.52123,-0.73423,-0.11863,0.65385,-0.23911,0.074623,0.64719
0.013896,0.0047812,-0.0082758,0.0088197,1.6142,0.38789,0.2397,-0.40407,0.213,0.32106,0.2236,-0.69018,-0.22625,-0.31931,0.33889,-0.75546,-0.10209,0.3691,-0.39482,-0.11545,0.57899,-0.25083,-0.3126,0.89922
0.010208,0.0059689,0.0031537,0.014467,1.6076,0.42829,0.29044,-0.22287,0.24219,0.34824,0.30024,-0.5621,-0.2636,-0.40564,0.3887,-0.44752,-0.10917,0.26466,-0.025728,-0.11207,0.54038,-0.25373,-0.66784,1.1502
0.0013312,0.0057963,0.011913,0.01987,1.5978,0.47107,0.36556,-0.088397,0.262,0.33362,0.36254,-0.51523,-0.20193,-0.45742,0.42154,-0.20052,-0.1199,0.20825,0.30355,-0.11231,0.56289,-0.24954,-0.91061,1.3075
-0.0093894,0.0046297,0.015912,0.024316,1.6205,0.47839,0.4466,0.005672,0.27169,0.28233,0.40589,-0.53908,-0.10004,-0.4578,0.42617,0.029481,-0.12859,0.17629,0.55415,-0.11601,0.61971,-0.24188,-0.96115,1.3334
-0.017827,0.0017925,0.016036,0.026637,1.664,0.42809,0.51627,0.073964,0.27653,0.21611,0.44524,-0.58952,-0.023201,-0.40283,0.40399,0.28003,-0.12986,0.13735,0.73679,-0.11909,0.64943,-0.23465,-0.77292,1.2653
-0.021714,-0.0034743,0.014757,0.026192,1.6792,0.33637,0.56505,0.12377,0.28338,0.16187,0.50174,-0.61766,0.018435,-0.3059,0.36735,0.53369,-0.12263,0.069205,0.89749,-0.11635,0.60138,-0.23018,-0.36004,1.1839
-0.021516,-0.010674,0.013465,0.023512,1.6179,0.25427,0.59285,0.14904,0.29438,0.13545,0.58346,-0.60108,0.068631,-0.19547,0.32829,0.71986,-0.11067,-0.033749,1.0798,-0.10488,0.47468,-0.22777,0.19742,1.157
-0.019117,-0.017805,0.011163,0.019822,1.4649,0.23623,0.60609,0.13688,0.30445,0.13223,0.67649,-0.55537,0.16969,-0.10535,0.28682,0.76629,-0.099596,-0.16269,1.2887,-0.085747,0.3197,-0.22376,0.77794,1.2003
-0.015805,-0.022493,0.0058989,0.015872,1.2365,0.3008,0.6124,0.079991,0.30483,0.13205,0.75395,-0.5171,0.31275,-0.060239,0.23015,0.65927,-0.093042,-0.29797,1.4825,-0.062794,0.19969,-0.2135,1.2643,1.2776
-0.011507,-0.023476,-0.0023505,0.011436,0.95118,0.41282,0.61561,-0.014809,0.28991,0.11491,0.79529,-0.51103,0.44329,-0.063604,0.14537,0.46398,-0.090406,-0.40867,1.6,-0.039479,0.14339,-0.19447,1.5875,1.334
-0.0058513,-0.021224,-0.010145,0.0062655,0.60642,0.5024,0.61339,-0.1276,0.26188,0.075737,0.80008,-0.52823,0.51308,-0.095865,0.035756,0.28736,-0.086862,-0.45229,1.6091,-0.015757,0.12734,-0.16822,1.7447,1.3332
0.000208,-0.017409,-0.012108,0.0017247,0.18701,0.50912,0.59783,-0.23482,0.22963,0.02696,0.78641,-0.53253,0.52416,-0.12645,-0.073601,0.2104,-0.074749,-0.38406,1.5399,0.012826,0.10147,-0.13917,1.7826,1.2745
0.0040882,-0.013863,-0.0045275,0.0011314,-0.30344,0.41983,0.55847,-0.32131,0.20306,-0.012189,0.77671,-0.48972,0.52116,-0.13361,-0.14773,0.24082,-0.045797,-0.1786,1.4754,0.052976,0.035201,-0.11053,1.7599,1.183
0.0032792,-0.011793,0.0118,0.007615,-0.82163,0.27232,0.48627,-0.38821,0.18708,-0.030701,0.78254,-0.39462,0.54177,-0.11867,-0.1632,0.31976,0.005682,0.14697,1.4989,0.10936,-0.056194,-0.080786,1.7134,1.0862
-0.0022515,-0.011448,0.03167,0.020713,-1.2998,0.12268,0.37762,-0.45194,0.1795,-0.033441,0.79808,-0.27405,0.57702,-0.10355,-0.12307,0.37292,0.07914,0.52786,1.6339,0.18061,-0.12795,-0.043878,1.6497,0.99691
-0.0091929,-0.012068,0.048348,0.034805,-1.6869,0.0022207,0.23768,-0.53326,0.17352,-0.036648,0.80377,-0.16499,0.58123,-0.11223,-0.054193,0.36241,0.16571,0.87534,1.8222,0.25821,-0.15069,0.0060111,1.5609,0.91371
-0.012749,-0.012139,0.057046,0.04168,-1.9791,-0.10237,0.081972,-0.64075,0.16248,-0.056246,0.77501,-0.08771,0.52086,-0.15006,0.010058,0.29964,0.25011,1.1192,1.9594,0.32918,-0.14427,0.068662,1.4478,0.83406
-0.010082,-0.010134,0.0568,0.036159,-2.2091,-0.2304,-0.065624,-0.75803,0.14352,-0.098349,0.69103,-0.036269,0.41297,-0.19728,0.048344,0.21611,0.31653,1.2416,1.9626,0.38119,-0.16885,0.13582,1.3297,0.76689
-0.002607,-0.0056431,0.050022,0.020519,-2.4018,-0.40528,-0.1795,-0.84443,0.11819,-0.15769,0.54174,0.0087883,0.31464,-0.22266,0.058526,0.12536,0.35501,1.2762,1.8175,0.40665,-0.27697,0.19515,1.2346,0.73272
0.0049527,-7.9537e-005,0.040566,0.0036563,-2.5365,-0.60323,-0.24153,-0.85252,0.090595,-0.22255,0.33194,0.059865,0.27327,-0.20664,0.051572,0.0135,0.36359,1.2713,1.5711,0.40356,-0.46436,0.23736,1.18,0.75035
0.008172,0.0039433,0.031591,-0.0050847,-2.5497,-0.7586,-0.24749,-0.75384,0.064963,-0.28083,0.081512,0.11297,0.28559,-0.15553,0.040274,-0.1349,0.34524,1.2436,1.2802,0.37342,-0.66105,0.26117,1.1608,0.81931
0.0062775,0.0044839,0.024108,-0.0028699,-2.3835,-0.80375,-0.2059,-0.5568,0.043981,-0.32373,-0.18055,0.15574,0.30459,-0.09608,0.032325,-0.30326,0.30305,1.159,0.96374,0.31926,-0.77425,0.2726,1.1536,0.91119
0.0023862,0.0019774,0.016656,0.0045466,-2.039,-0.71547,-0.12975,-0.30304,0.028406,-0.34729,-0.42641,0.1822,0.28764,-0.055582,0.030703,-0.43763,0.23937,0.9596,0.59834,0.24619,-0.75353,0.27995,1.1316,0.97775
0.00046609,-0.00088039,0.006362,0.0074856,-1.5935,-0.53438,-0.027634,-0.043324,0.017338,-0.35358,-0.63858,0.19903,0.24013,-0.044212,0.037123,-0.47838,0.16036,0.61708,0.15666,0.16393,-0.62916,0.28885,1.0781,0.97388
0.0017961,-0.001266,-0.0087766,4.9729e-006,-1.1608,-0.34364,0.098308,0.1914,0.008659,-0.35105,-0.8119,0.21815,0.21317,-0.052744,0.053034,-0.40304,0.081166,0.17116,-0.35198,0.087326,-0.49308,0.30098,0.9888,0.88314
0.0041472,0.0013727,-0.027446,-0.015698,-0.82367,-0.22137,0.24613,0.40346,-0.00038307,-0.35212,-0.94784,0.24449,0.2562,-0.065011,0.07715,-0.24264,0.024666,-0.28195,-0.87596,0.031982,-0.43502,0.31576,0.86575,0.73007
0.0043361,0.0048749,-0.044274,-0.031535,-0.58461,-0.19896,0.40577,0.61751,-0.012237,-0.36749,-1.0468,0.27188,0.3662,-0.07265,0.10315,-0.056835,0.011623,-0.64652,-1.3528,0.0065005,-0.48019,0.33198,0.71033,0.56897
0.0016148,0.0064072,-0.052108,-0.040142,-0.37279,-0.25187,0.55699,0.85398,-0.027894,-0.40035,-1.1058,0.29063,0.47857,-0.079783,0.12117,0.11083,0.048406,-0.88865,-1.7437,0.007163,-0.57432,0.34715,0.52312,0.45382
-0.0013961,0.0051431,-0.046543,-0.040137,-0.10214,-0.32677,0.676,1.1069,-0.046193,-0.44519,-1.1227,0.29851,0.50901,-0.095613,0.12266,0.25877,0.12207,-1.0552,-2.037,0.020258,-0.62598,0.35576,0.31032,0.40744
-0.0011191,0.0030341,-0.029656,-0.036015,0.25834,-0.38421,0.7449,1.3418,-0.064285,-0.49221,-1.1029,0.30347,0.41354,-0.12336,0.10464,0.41371,0.2076,-1.2353,-2.2245,0.031377,-0.57339,0.3499,0.090202,0.41097
0.0035443,0.0028708,-0.0097334,-0.033574,0.65151,-0.42722,0.75608,1.513,-0.079182,-0.53342,-1.0606,0.31484,0.22056,-0.15566,0.069986,0.59392,0.2824,-1.4947,-2.2812,0.034912,-0.42626,0.32343,-0.10748,0.42136
0.0099895,0.005428,0.0036011,-0.035296,0.96109,-0.4963,0.70906,1.5874,-0.089367,-0.5647,-1.0124,0.33208,0.012733,-0.17934,0.024274,0.78801,0.33708,-1.8307,-2.18,0.036343,-0.25381,0.27748,-0.25142,0.40401
0.01396,0.0084252,0.0056979,-0.039347,1.0859,-0.63492,0.6048,1.5571,-0.095126,-0.5822,-0.96874,0.3426,-0.12554,-0.18451,-0.027344,0.97221,0.37549,-2.178,-1.9314,0.045687,-0.13194,0.22258,-0.32324,0.35559
0.01291,0.0083891,-0.00012811,-0.04214,1.0105,-0.85007,0.44449,1.4373,-0.097243,-0.57773,-0.92899,0.33234,-0.15661,-0.17005,-0.080584,1.1484,0.40561,-2.4548,-1.6045,0.067705,-0.091143,0.17455,-0.32769,0.30059
0.0077178,0.0037936,-0.005484,-0.041509,0.82374,-1.0959,0.23408,1.2544,-0.095111,-0.53935,-0.88402,0.30063,-0.10417,-0.14233,-0.13045,1.357,0.43056,-2.6103,-1.2986,0.096854,-0.10223,0.14626,-0.29151,0.26737
0.0015893,-0.003382,-0.0035908,-0.037855,0.66739,-1.2937,-0.010383,1.0346,-0.086042,-0.45915,-0.82286,0.26613,-0.031086,-0.1093,-0.17056,1.6374,0.44668,-2.6436,-1.0787,0.12068,-0.10489,0.14051,-0.25011,0.267
-0.0024781,-0.009145,0.005492,-0.033108,0.64787,-1.3756,-0.26296,0.79953,-0.066727,-0.34246,-0.7379,0.25774,-0.001243,-0.075069,-0.19538,1.9605,0.44868,-2.5879,-0.93093,0.12836,-0.052549,0.14912,-0.22952,0.29326
-0.0033931,-0.010757,0.015283,-0.029151,0.76839,-1.3229,-0.49427,0.56537,-0.035931,-0.2103,-0.6262,0.29696,-0.051716,-0.038179,-0.20414,2.2008,0.43556,-2.482,-0.78182,0.11749,0.060061,0.15857,-0.23424,0.3397
-0.001854,-0.0089013,0.018465,-0.02706,0.93017,-1.1725,-0.67968,0.34262,0.0037302,-0.091413,-0.48834,0.38449,-0.18819,0.0062928,-0.20336,2.1966,0.41188,-2.3484,-0.57168,0.09427,0.20139,0.15825,-0.24864,0.41099
0.00077171,-0.0068727,0.012895,-0.027078,1.0031,-0.98781,-0.80392,0.13531,0.046508,-0.0084339,-0.32809,0.50059,-0.39795,0.062593,-0.20557,1.876,0.38426,-2.1882,-0.31895,0.068132,0.32844,0.1456,-0.25047,0.5116
0.0032629,-0.0075809,0.0030949,-0.028578,0.91599,-0.81565,-0.86111,-0.057336,0.086261,0.032054,-0.15356,0.61769,-0.66366,0.1303,-0.22473,1.3525,0.35746,-1.986,-0.1173,0.045406,0.41054,0.12537,-0.22688,0.6208
0.0046683,-0.011054,-0.0037145,-0.029909,0.70234,-0.66028,-0.85263,-0.23527,0.11905,0.039226,0.022301,0.71531,-0.96424,0.2022,-0.27072,0.9016,0.33364,-1.7225,-0.064513,0.026788,0.43748,0.10449,-0.18207,0.68386
0.0043028,-0.014572,-0.003409,-0.028778,0.46972,-0.49242,-0.78495,-0.3912,0.14361,0.028976,0.18404,0.78734,-1.2637,0.26519,-0.3453,0.80435,0.31415,-1.3911,-0.18332,0.009557,0.41422,0.08669,-0.13246,0.63928
0.0020677,-0.015107,0.0022756,-0.023516,0.31947,-0.28269,-0.66702,-0.50921,0.15986,0.013967,0.31815,0.83894,-1.5029,0.30442,-0.44041,1.1554,0.30104,-1.0165,-0.40093,-0.0079086,0.35282,0.070586,-0.09409,0.46712
-0.0012611,-0.01176,0.0078561,-0.014451,0.27924,-0.032048,-0.50641,-0.57157,0.16735,-0.00016103,0.41668,0.87782,-1.6112,0.30901,-0.53923,1.769,0.29643,-0.65952,-0.60119,-0.022942,0.26828,0.051655,-0.071886,0.21562
-0.0044186,-0.0061174,0.0087196,-0.0040986,0.29802,0.22406,-0.30663,-0.56998,0.16567,-0.011763,0.47746,0.90733,-1.5413,0.27627,-0.62019,2.2594,0.301,-0.39905,-0.70047,-0.028912,0.17658,0.026018,-0.057542,-0.026145
-0.0066122,-0.000564,0.0041744,0.0042474,0.30099,0.43807,-0.069162,-0.51349,0.1565,-0.018587,0.50198,0.92531,-1.3079,0.21217,-0.66421,2.2494,0.3135,-0.29016,-0.68295,-0.018824,0.09092,-0.0067143,-0.035699,-0.19641
-0.0081001,0.003564,-0.0031645,0.0084565,0.25501,0.5791,0.19889,-0.42716,0.14497,-0.017042,0.49379,0.92721,-0.99928,0.12809,-0.66327,1.5752,0.33141,-0.32515,-0.57572,0.0099168,0.016477,-0.042905,0.0068665,-0.31607
-0.0096114,0.0062908,-0.010336,0.008492,0.19119,0.64624,0.47765,-0.34203,0.13821,-0.0057391,0.4592,0.90936,-0.74212,0.036873,-0.62581,0.36102,0.35105,-0.42673,-0.4018,0.052265,-0.050588,-0.076279,0.074669,-0.48163
-0.011085,0.0079067,-0.016353,0.0057595,0.1707,0.66064,0.7362,-0.28242,0.14141,0.011193,0.40889,0.86956,-0.63366,-0.0492,-0.57407,-1.0696,0.36616,-0.48488,-0.1645,0.095849,-0.11639,-0.10014,0.16193,-0.79586
-0.011155,0.0080645,-0.022112,0.0017577,0.22779,0.64833,0.94546,-0.25772,0.15436,0.025464,0.35717,0.80578,-0.68278,-0.11838,-0.53255,-2.3725,0.36695,-0.41634,0.12344,0.12529,-0.17854,-0.10945,0.25527,-1.289
-0.0082502,0.0062567,-0.028622,-0.00266,0.33884,0.62954,1.0937,-0.26207,0.17142,0.030307,0.31755,0.71653,-0.80392,-0.16013,-0.51363,-3.3345,0.34259,-0.20829,0.40491,0.12892,-0.22035,-0.10215,0.33888,-1.8922
-0.002458,0.0031314,-0.035566,-0.0070198,0.44033,0.61903,1.1912,-0.2809,0.18528,0.0256,0.29719,0.60552,-0.87355,-0.16848,-0.51004,-3.9183,0.28738,0.08079,0.58705,0.10477,-0.21596,-0.079185,0.4004,-2.4817
0.0037673,0.00097485,-0.041395,-0.010704,0.47677,0.62962,1.2587,-0.30001,0.19143,0.017755,0.29415,0.48902,-0.81213,-0.14606,-0.50028,-4.2038,0.20669,0.35886,0.5993,0.062358,-0.14362,-0.043247,0.43575,-2.9529
0.007097,0.002422,-0.044418,-0.013003,0.4386,0.67008,1.3079,-0.31285,0.19004,0.01439,0.2996,0.39935,-0.63285,-0.10452,-0.4639,-4.289,0.11717,0.54823,0.45224,0.01876,0.0024819,0.0029825,0.4511,-3.2652
0.0059368,0.008301,-0.043578,-0.013632,0.36344,0.73798,1.3319,-0.32269,0.18423,0.018444,0.30335,0.37734,-0.4217,-0.058832,-0.39595,-4.2193,0.039564,0.61544,0.23884,-0.0094323,0.20874,0.057346,0.46075,-3.4286
0.001799,0.01655,-0.038338,-0.012843,0.30481,0.81643,1.3145,-0.33929,0.17695,0.026578,0.29891,0.45214,-0.26699,-0.018639,-0.31014,-3.9779,-0.011694,0.57393,0.067389,-0.0142,0.44665,0.11644,0.48122,-3.4545
-0.0019168,0.023296,-0.028297,-0.010724,0.29441,0.88135,1.2512,-0.37254,0.16969,0.032679,0.28576,0.61794,-0.1954,0.016762,-0.22885,-3.5236,-0.034838,0.4695,-0.021829,0.00022241,0.67928,0.17276,0.52388,-3.3187
-0.0026831,0.025285,-0.013474,-0.006483,0.32214,0.91579,1.1616,-0.42711,0.16362,0.033016,0.26869,0.82471,-0.16406,0.055761,-0.16794,-2.8422,-0.038887,0.36252,-0.085984,0.019958,0.86659,0.21399,0.58903,-2.967
-0.0006567,0.021763,0.0046722,0.001051,0.34252,0.92018,1.0803,-0.50124,0.1614,0.028717,0.25558,0.99574,-0.10831,0.1067,-0.12726,-1.9797,-0.035721,0.31256,-0.22923,0.028651,0.97196,0.22695,0.66458,-2.3532
0.0019862,0.014497,0.022535,0.011613,0.29995,0.91061,1.0325,-0.58917,0.16673,0.023988,0.25425,1.0675,0.0020845,0.17174,-0.092887,-1.0452,-0.032789,0.36356,-0.51418,0.015042,0.97371,0.20505,0.73086,-1.4797
0.003319,0.0062635,0.035124,0.022055,0.15888,0.90688,1.0155,-0.68345,0.18137,0.021945,0.26842,1.0273,0.14788,0.24679,-0.048169,-0.18403,-0.031762,0.52835,-0.90794,-0.022827,0.87779,0.15403,0.77037,-0.41396
0.0032463,-0.00080037,0.038381,0.027288,-0.075627,0.91949,1.0022,-0.77452,0.20192,0.021293,0.29391,0.92107,0.29349,0.32554,0.014485,0.46599,-0.032879,0.77824,-1.3033,-0.077998,0.72045,0.090628,0.77777,0.72205
0.0030285,-0.0058587,0.031705,0.02374,-0.35795,0.94397,0.96418,-0.84908,0.21961,0.016041,0.31778,0.82121,0.4282,0.40248,0.088376,0.81697,-0.039852,1.0462,-1.5921,-0.13815,0.55233,0.033749,0.76358,1.7827
0.0035773,-0.0089893,0.018854,0.012823,-0.62452,0.96414,0.89452,-0.89176,0.22398,-0.0015549,0.32291,0.77684,0.57017,0.47192,0.15607,0.85435,-0.060174,1.2474,-1.7279,-0.18998,0.4103,-0.006269,0.74761,2.6415
0.0044935,-0.010477,0.0062189,0.0011287,-0.82774,0.96074,0.80948,-0.89233,0.20853,-0.036387,0.29678,0.78374,0.72857,0.5255,0.19891,0.63294,-0.10015,1.3103,-1.7345,-0.2229,0.29692,-0.032177,0.74477,3.2355
0.0047837,-0.010462,-0.00070255,-0.0036376,-0.95967,0.92066,0.73045,-0.85399,0.17451,-0.086757,0.23929,0.79854,0.8654,0.55246,0.20715,0.25099,-0.1589,1.2063,-1.6647,-0.23154,0.1856,-0.054825,0.75313,3.5912
0.0042262,-0.0090628,-0.00046202,0.0017082,-1.0484,0.84312,0.66324,-0.79476,0.13041,-0.14413,0.16374,0.78498,0.90324,0.54373,0.18552,-0.18237,-0.22648,0.96242,-1.5548,-0.21709,0.049226,-0.082901,0.75382,3.8108
0.0036579,-0.0066716,0.0037655,0.013081,-1.1305,0.74107,0.59394,-0.73838,0.087313,-0.19751,0.089551,0.75175,0.7816,0.49687,0.15128,-0.57167,-0.28806,0.652,-1.413,-0.18656,-0.11106,-0.11593,0.72444,4.0122
0.0037815,-0.0040985,0.0067199,0.021773,-1.222,0.63668,0.50341,-0.70096,0.052827,-0.24048,0.031346,0.74729,0.51437,0.41772,0.12577,-0.84661,-0.33115,0.3649,-1.2401,-0.14988,-0.26244,-0.14591,0.65654,4.2537
0.0039385,-0.0024145,0.0049879,0.020728,-1.3138,0.55247,0.38491,-0.68466,0.027383,-0.27598,-0.0076574,0.81446,0.1937,0.31837,0.12408,-0.96447,-0.35093,0.17176,-1.0533,-0.11558,-0.36613,-0.16532,0.56331,4.4906
0.0025217,-0.0025178,-0.000575,0.0096868,-1.3931,0.50208,0.24783,-0.68402,0.005118,-0.31427,-0.033439,0.94456,-0.069056,0.21375,0.14894,-0.90947,-0.35069,0.098098,-0.8869,-0.087638,-0.40991,-0.17379,0.47064,4.6
-0.001068,-0.0045898,-0.0058059,-0.0047542,-1.468,0.48581,0.10574,-0.69824,-0.020945,-0.3637,-0.052437,1.0734,-0.21794,0.11889,0.19244,-0.69167,-0.33827,0.12077,-0.76978,-0.065528,-0.41787,-0.17758,0.3983,4.4582
-0.0049426,-0.0077685,-0.0068047,-0.014073,-1.5688,0.49282,-0.037242,-0.73631,-0.052581,-0.42056,-0.063842,1.1256,-0.2802,0.046438,0.24352,-0.34471,-0.32176,0.18684,-0.7059,-0.047385,-0.42774,-0.18276,0.34633,4.0203
-0.005661,-0.010399,-0.0031878,-0.013852,-1.7204,0.50751,-0.18679,-0.80836,-0.083011,-0.46612,-0.059589,1.0711,-0.32604,0.003003,0.29488,0.078024,-0.30696,0.24266,-0.67585,-0.033507,-0.45521,-0.18883,0.2979,3.3492
-0.0012332,-0.010907,0.0016401,-0.0064076,-1.9104,0.51506,-0.3449,-0.91058,-0.098969,-0.4753,-0.032366,0.94388,-0.39803,-0.014599,0.34384,0.50837,-0.297,0.25631,-0.65682,-0.027152,-0.47659,-0.18846,0.23608,2.5804
0.0064571,-0.0087915,0.0033036,0.0015081,-2.0852,0.50407,-0.49728,-1.0188,-0.087229,-0.43212,0.014774,0.80709,-0.47172,-0.019296,0.38761,0.87044,-0.2926,0.2231,-0.64016,-0.031856,-0.44569,-0.17345,0.16047,1.8537
0.01239,-0.0049755,-0.00015615,0.0037404,-2.182,0.46726,-0.61644,-1.0987,-0.041668,-0.34128,0.065318,0.69476,-0.47805,-0.027519,0.4187,1.0934,-0.29209,0.15597,-0.63065,-0.047601,-0.33169,-0.14123,0.090246,1.2574
0.01221,-0.0011545,-0.0071761,-0.0013721,-2.1713,0.40302,-0.68058,-1.1254,0.033359,-0.22691,0.095917,0.58271,-0.36327,-0.049516,0.42668,1.1317,-0.29157,0.071615,-0.6311,-0.069239,-0.14818,-0.096459,0.051468,0.81099
0.0060512,0.001335,-0.014504,-0.010648,-2.0737,0.31719,-0.69287,-1.0964,0.12507,-0.11892,0.08836,0.41689,-0.13347,-0.083117,0.40634,0.98719,-0.28603,-0.017364,-0.62964,-0.088614,0.048371,-0.047214,0.059644,0.4823
-0.0010701,0.0021512,-0.020023,-0.018848,-1.9345,0.22236,-0.68485,-1.0277,0.21806,-0.036598,0.03833,0.17739,0.14882,-0.11622,0.36579,0.71998,-0.27154,-0.10212,-0.60228,-0.098707,0.18786,0.00027556,0.11093,0.21894
-0.0029962,0.0015978,-0.024009,-0.022262,-1.7814,0.13241,-0.70033,-0.93889,0.30043,0.019288,-0.044908,-0.076566,0.4043,-0.13637,0.32605,0.43575,-0.24715,-0.17406,-0.52784,-0.096599,0.22217,0.04341,0.18669,-0.023245
0.0026068,-0.00015665,-0.028023,-0.020775,-1.6032,0.055205,-0.77209,-0.84135,0.36712,0.061112,-0.14636,-0.22295,0.5743,-0.13996,0.31015,0.24955,-0.21531,-0.22452,-0.40128,-0.083447,0.14467,0.080745,0.26455,-0.26036
0.01222,-0.0032568,-0.032873,-0.017466,-1.3702,-0.010846,-0.90682,-0.73949,0.41956,0.10141,-0.25313,-0.14995,0.63058,-0.13403,0.32836,0.23995,-0.18047,-0.24896,-0.23571,-0.06244,-0.013998,0.10852,0.32536,-0.47186
0.019185,-0.0074161,-0.037671,-0.016279,-1.074,-0.072276,-1.0852,-0.63962,0.46203,0.14277,-0.35523,0.16424,0.56501,-0.13034,0.37058,0.41529,-0.14716,-0.25165,-0.055111,-0.037142,-0.20649,0.12018,0.35243,-0.6075
0.018963,-0.011151,-0.040643,-0.019223,-0.7485,-0.13105,-1.272,-0.55527,0.49668,0.17744,-0.43958,0.62235,0.38421,-0.13731,0.41245,0.70932,-0.11893,-0.24561,0.11353,-0.011591,-0.39171,0.10981,0.3291,-0.61165
0.012556,-0.012224,-0.040611,-0.024797,-0.448,-0.17818,-1.428,-0.50139,0.51912,0.19512,-0.48486,1.0526,0.12,-0.15653,0.43182,1.0096,-0.098317,-0.24679,0.24438,0.0088095,-0.54919,0.076488,0.24347,-0.45731
0.0053249,-0.0093802,-0.037742,-0.028748,-0.20053,-0.19725,-1.5187,-0.48292,0.51742,0.19115,-0.46587,1.2991,-0.16077,-0.1849,0.42404,1.2059,-0.087118,-0.2658,0.31676,0.017646,-0.68005,0.025831,0.1015,-0.17225
0.0023468,-0.0038825,-0.033156,-0.026901,0.019904,-0.17658,-1.5227,-0.48898,0.47645,0.16856,-0.36854,1.3003,-0.37151,-0.21861,0.40521,1.2347,-0.085835,-0.30219,0.32302,0.0099173,-0.79545,-0.032604,-0.06133,0.15849
0.0043562,0.00087436,-0.028173,-0.018262,0.27466,-0.12098,-1.4404,-0.49895,0.3866,0.13394,-0.20605,1.1071,-0.44844,-0.25432,0.40112,1.0971,-0.092377,-0.34433,0.27689,-0.014869,-0.89842,-0.089841,-0.18305,0.41771
0.0076041,0.0017903,-0.023955,-0.0060785,0.60831,-0.053064,-1.297,-0.49511,0.25237,0.092521,-0.021651,0.83484,-0.39051,-0.28721,0.42994,0.84083,-0.10128,-0.37453,0.21254,-0.051342,-0.96986,-0.14038,-0.1982,0.49817
0.0075107,-0.0014244,-0.021511,0.0041288,1.0063,-0.0014865,-1.136,-0.47133,0.094653,0.047544,0.12862,0.58663,-0.26016,-0.30983,0.49035,0.5225,-0.10489,-0.37718,0.16997,-0.089953,-0.97037,-0.18185,-0.070921,0.34567
0.0028068,-0.0059511,-0.021498,0.0082342,1.3975,0.01612,-1.0003,-0.43199,-0.056745,0.0036547,0.20546,0.39819,-0.13785,-0.31477,0.56244,0.17935,-0.096553,-0.34675,0.17496,-0.12084,-0.86166,-0.21272,0.18119,-0.012183
